0 0 1 1 5606
1 1 2 2 5606
2 2 3 3 5606
3 3 4 4 5606
4 4 5 5 5606
5 5 6 6 5606
6 6 7 7 5606
7 7 8 8 5606
8 8 9 9 5606
9 9 10 10 5606
10 10 11 11 5606
11 11 12 12 5606
12 12 13 13 5606
13 13 14 14 5606
14 14 15 15 5606
15 15 16 16 5606
16 16 17 17 5606
17 17 18 18 5604
17 17 18 17 2
18 18 19 18 104
18 18 19 19 5500
18 17 19 18 2
19 18 20 19 106
19 19 20 19 5451
19 19 20 20 49
20 19 21 20 5557
20 20 21 20 49
21 20 22 21 5606
22 21 23 22 5606
23 22 24 23 5606
24 23 25 24 5606
25 24 26 25 5606
26 25 27 26 5606
27 26 28 27 5606
28 27 29 28 5606
29 28 30 29 5606
30 29 31 30 5606
31 30 32 31 5606
32 31 33 32 5606
33 32 34 33 5606
34 33 35 34 5606
35 34 36 35 5606
36 35 37 36 5606
37 36 38 37 5606
38 37 39 38 5606
39 38 40 39 5606
40 39 41 40 5606
41 40 42 40 1
41 40 42 41 5605
42 40 43 40 1
42 41 43 42 5605
43 42 44 43 5605
43 40 44 40 1
44 40 45 41 1
44 43 45 43 3
44 43 45 44 5602
45 43 46 43 3
45 41 46 42 1
45 44 46 45 5585
45 44 46 44 17
46 42 47 43 1
46 45 47 46 5534
46 45 47 45 51
46 43 47 44 3
46 44 47 44 17
47 46 48 46 422
47 46 48 47 5112
47 45 48 46 4
47 45 48 45 47
47 43 48 44 1
47 44 48 45 7
47 44 48 44 13
48 46 49 46 422
48 46 49 47 4
48 45 49 46 4
48 45 49 45 50
48 44 49 44 14
48 48 49 48 5
48 47 49 48 1205
48 47 49 47 3902
48 47 48 48 5
49 46 50 46 419
49 46 50 47 7
49 45 50 46 1
49 45 50 45 49
49 44 50 44 14
49 48 50 49 1128
49 48 50 48 82
49 47 50 48 3
49 47 50 47 3903
50 46 51 46 419
50 46 51 47 1
50 49 51 50 1059
50 49 51 49 69
50 45 51 46 5
50 45 51 45 44
50 44 51 45 1
50 44 51 44 13
50 48 51 49 2
50 48 51 48 83
50 47 51 48 3
50 47 51 47 3907
51 50 52 50 413
51 50 52 51 646
51 46 52 46 350
51 46 52 47 74
51 49 52 50 26
51 49 52 49 45
51 45 52 46 3
51 45 52 45 42
51 44 52 45 12
51 44 52 44 1
51 48 52 48 86
51 47 52 48 17
51 47 52 47 3891
52 50 53 50 58
52 50 53 51 381
52 51 53 52 334
52 51 53 51 312
52 48 53 49 16
52 48 53 48 89
52 47 52 48 2
52 47 53 47 1735
52 47 53 48 2228
52 49 53 49 45
52 46 53 46 38
52 46 53 47 315
52 45 53 46 46
52 45 53 45 8
52 44 53 45 1
53 50 54 50 58
53 51 54 52 672
53 51 54 51 21
53 47 54 48 86
53 47 54 47 1964
53 48 54 49 1054
53 48 54 48 1263
53 52 54 52 331
53 52 54 53 3
53 49 54 50 5
53 49 54 49 56
53 46 54 46 8
53 46 54 47 76
53 45 54 46 9
54 50 55 50 61
54 50 55 51 2
54 53 55 53 3
54 51 55 51 21
54 47 55 48 190
54 47 55 47 1850
54 48 55 49 4
54 48 55 48 1345
54 52 55 52 488
54 52 55 53 515
54 49 55 50 117
54 49 55 49 993
54 46 55 46 3
54 46 55 47 14
55 50 56 50 86
55 50 56 51 92
55 53 56 53 485
55 53 56 54 33
55 51 56 52 3
55 51 56 51 20
55 47 56 48 1864
55 48 56 49 193
55 48 56 48 1342
55 52 56 52 488
55 49 56 50 1
55 49 56 49 996
55 46 56 47 3
56 50 57 50 85
56 50 57 51 2
56 53 57 53 485
56 51 57 52 58
56 51 57 51 54
56 47 56 48 3
56 48 57 49 3209
56 52 57 52 491
56 49 57 50 177
56 49 57 49 1012
56 54 57 54 6
56 54 57 55 27
57 52 58 52 548
57 52 58 53 1
57 50 58 50 117
57 50 58 51 145
57 53 58 53 485
57 49 58 50 4221
57 51 58 51 56
57 54 58 54 6
57 55 58 56 19
57 55 58 55 8
58 52 59 52 548
58 50 59 51 4338
58 53 59 53 486
58 56 59 56 7
58 56 59 57 12
58 51 59 52 114
58 51 59 51 87
58 55 59 55 8
58 54 59 54 6
59 52 60 52 660
59 52 60 53 2
59 53 60 53 486
59 56 60 56 7
59 57 60 57 7
59 57 60 58 5
59 51 60 52 4425
59 55 60 55 8
59 54 60 54 6
60 52 61 53 5085
60 53 61 53 488
60 56 61 56 7
60 57 61 57 7
60 58 61 59 1
60 58 61 58 4
60 55 61 55 8
60 54 61 54 6
61 59 62 59 1
61 53 62 54 5573
61 56 62 56 7
61 57 62 57 7
61 58 62 58 4
61 55 62 55 8
61 54 62 54 6
62 59 63 59 1
62 56 63 56 7
62 57 63 57 7
62 58 63 58 4
62 55 63 55 8
62 54 63 55 5579
63 59 64 59 1
63 56 64 56 7
63 57 64 57 7
63 58 64 58 4
63 55 64 56 5587
64 59 65 59 1
64 57 65 57 7
64 56 65 57 5594
64 58 65 58 4
65 59 66 59 1
65 57 66 58 5601
65 58 66 58 4
66 59 67 59 1
66 58 67 59 5605
67 59 68 60 5606
68 60 69 61 5606
69 61 70 62 5606
70 62 71 63 5606
71 63 72 64 5606
72 64 73 65 5606
73 65 74 66 5606
74 66 75 67 5606
75 67 76 68 5606
76 68 77 69 5606
77 69 78 70 5606
78 70 79 71 5606
79 71 80 72 5606
80 72 81 73 5606
81 73 82 74 5606
82 74 83 75 5606
83 75 84 76 5606
84 76 85 77 5606
85 77 86 78 5606
86 78 87 79 5606
87 79 88 80 5606
88 80 89 81 5606
89 81 90 82 5606
90 82 91 83 5606
91 83 92 84 5606
92 84 93 85 5606
93 85 94 86 5606
94 86 95 87 5606
95 87 96 88 5606
96 88 97 89 5606
97 89 98 90 5606
98 90 99 91 5606
99 91 100 92 5606
100 92 101 93 5606
101 93 102 94 5606
102 94 103 95 5606
103 95 104 96 5606
104 96 105 97 5606
105 97 106 98 5606
106 98 107 99 5606
107 99 108 100 5606
108 100 109 101 5606
109 101 110 102 5606
110 102 111 103 5606
111 103 112 104 5606
112 104 113 105 5606
113 105 114 106 5606
114 106 115 107 5606
115 107 116 108 5606
116 108 117 109 5606
117 109 118 110 5606
118 110 119 111 5606
119 111 120 112 5606
120 112 121 113 5606
121 113 122 114 5606
122 114 123 115 5606
123 115 124 116 5606
124 116 125 117 5606
125 117 126 118 5606
126 118 127 119 5606
127 119 128 120 5606
128 120 129 121 5606
129 121 130 122 5606
130 122 131 123 5606
131 123 132 124 5606
132 124 133 125 5606
133 125 134 126 5606
134 126 135 127 5606
135 127 136 128 5606
136 128 137 129 5606
137 129 138 130 5606
138 130 139 131 5606
139 131 140 132 5606
140 132 141 133 5606
141 133 142 134 5606
142 134 143 135 5606
143 135 144 136 5606
144 136 145 137 5606
145 137 146 138 5606
146 138 147 139 5606
147 139 148 140 5606
148 140 149 141 5606
149 141 150 142 5606
150 142 151 143 5606
151 143 152 144 5606
152 144 153 145 5606
153 145 154 146 5606
154 146 155 147 5606
155 147 156 148 5606
156 148 157 149 5606
157 149 158 150 5606
158 150 159 151 5606
159 151 160 152 5606
160 152 161 153 5606
161 153 162 154 5606
162 154 163 155 5606
163 155 164 156 5606
164 156 165 157 5606
165 157 166 158 5606
166 158 167 159 5606
