0 0 1 1 5606
1 1 2 2 5606
2 2 3 3 5606
3 3 4 4 5606
4 4 5 5 5606
5 5 6 6 5606
6 6 7 7 5606
7 7 8 8 5606
8 8 9 9 5606
9 9 10 10 5606
10 10 11 11 5606
11 11 12 12 5606
12 12 13 13 5606
13 13 14 14 5606
14 14 15 15 5606
15 15 16 16 5606
16 16 17 17 5606
17 17 18 18 5606
18 18 19 19 5606
19 19 20 20 5606
20 20 21 21 5606
21 21 22 22 5606
22 22 23 23 5606
23 23 24 24 5606
24 24 25 25 5606
25 25 26 26 5606
26 26 27 27 5606
27 27 28 28 5606
28 28 29 29 5606
29 29 30 30 5606
30 30 31 31 5606
31 31 32 32 5606
32 32 33 33 5606
33 33 34 34 5606
34 34 35 35 5606
35 35 36 36 5606
36 36 37 37 5606
37 37 38 38 5588
37 37 38 37 18
38 38 39 38 18
38 38 39 39 5570
38 37 39 38 18
39 38 40 39 36
39 39 40 39 39
39 39 40 40 5531
40 42 41 43 2
40 39 41 40 75
40 40 40 41 2
40 40 41 40 2729
40 40 41 41 2800
40 41 40 42 2
41 40 42 40 2
41 40 42 41 2802
41 43 42 44 2
41 41 42 42 30
41 41 42 41 2770
42 42 43 42 18
42 42 43 43 12
42 40 43 40 2
42 44 43 45 2
42 41 43 42 5569
42 41 43 41 3
43 42 44 43 5587
43 40 44 40 2
43 45 44 46 2
43 43 44 44 12
43 41 44 41 3
44 46 45 47 2
44 40 45 41 2
44 43 45 44 5587
44 41 45 41 3
44 44 45 45 12
45 46 46 47 1
45 45 46 46 12
45 45 45 46 1
45 41 46 42 5
45 44 46 45 5573
45 44 46 44 13
45 44 45 45 1
45 47 46 47 2
46 42 47 43 5
46 46 46 47 3
46 46 47 47 12
46 45 46 46 3
46 45 47 46 5549
46 45 47 45 21
46 44 47 44 13
46 47 47 48 6
47 46 47 47 1
47 46 48 46 398
47 46 48 47 5150
47 45 48 46 2
47 45 48 45 19
47 43 48 44 5
47 44 48 44 13
47 48 48 49 6
47 47 48 48 13
48 49 49 50 903
48 49 49 49 1
48 46 49 46 396
48 46 49 47 4
48 45 49 45 19
48 44 49 45 5
48 44 49 44 13
48 48 49 49 13
48 48 49 48 1
48 48 48 49 898
48 47 49 48 348
48 47 49 47 3903
48 47 48 48 899
49 50 50 51 1037
49 49 50 49 14
49 49 49 50 134
49 46 50 46 395
49 46 50 47 1
49 45 50 46 5
49 45 50 45 19
49 44 50 44 13
49 48 50 49 106
49 48 50 48 109
49 48 49 49 134
49 47 50 48 25
49 47 50 47 3882
50 46 51 46 400
50 49 51 50 20
50 49 51 49 100
50 45 51 46 5
50 45 51 45 14
50 51 51 52 1037
50 44 51 45 1
50 44 51 44 12
50 48 51 49 25
50 48 51 48 109
50 47 51 47 3883
51 50 52 50 9
51 50 52 51 11
51 48 52 48 109
51 47 52 47 3883
51 52 52 52 17
51 52 52 53 1020
51 49 52 50 24
51 49 52 49 101
51 46 52 46 329
51 46 52 47 76
51 45 52 46 3
51 45 52 45 12
51 44 52 45 12
52 50 53 50 14
52 50 53 51 19
52 53 53 53 13
52 53 53 54 1007
52 51 53 52 11
52 48 53 48 109
52 47 53 47 294
52 47 53 48 3665
52 52 53 52 17
52 49 53 50 1
52 49 53 49 100
52 46 53 46 10
52 46 53 47 322
52 45 53 46 24
53 50 54 50 13
53 50 54 51 2
53 53 54 53 13
53 51 54 52 14
53 51 54 51 5
53 47 54 47 6
53 47 54 48 610
53 48 54 49 3765
53 48 54 48 9
53 52 54 52 17
53 52 54 53 11
53 49 54 49 100
53 46 54 47 34
53 54 54 54 9
53 54 54 55 998
54 52 55 52 17
54 52 55 53 14
54 50 55 50 13
54 53 55 53 21
54 53 55 54 3
54 49 55 50 3899
54 49 55 49 12
54 51 55 52 2
54 51 55 51 5
54 54 55 54 9
54 47 54 48 40
54 55 55 56 516
54 55 55 55 482
54 48 55 49 613
54 48 54 49 46
55 52 56 52 15
55 52 56 53 4
55 50 56 50 11
55 50 56 51 3901
55 53 56 53 21
55 53 56 54 14
55 56 56 56 483
55 56 56 57 33
55 49 56 50 625
55 51 56 51 5
55 55 56 55 482
55 54 56 54 9
55 54 56 55 3
56 50 57 51 636
56 53 57 53 22
56 53 57 54 3
56 57 57 57 6
56 57 57 58 27
56 51 57 52 3896
56 51 57 51 10
56 52 57 52 15
56 56 57 56 483
56 55 57 55 485
56 54 57 54 10
56 54 57 55 13
57 52 58 53 3913
57 53 58 53 22
57 57 58 57 6
57 56 58 56 483
57 51 57 52 2
57 51 58 52 644
57 58 58 59 19
57 58 58 58 8
57 54 58 54 11
57 54 58 55 2
57 55 58 55 498
58 53 59 54 4155
58 57 59 57 6
58 58 59 58 8
58 52 59 53 424
58 52 58 53 220
58 59 59 59 7
58 59 59 60 12
58 56 59 56 483
58 55 59 55 500
58 54 59 54 11
59 53 59 54 201
59 53 60 54 223
59 57 60 57 6
59 58 60 58 8
59 59 60 59 7
59 60 60 60 7
59 60 60 61 5
59 56 60 56 483
59 54 60 55 4367
59 55 60 55 500
60 57 61 57 6
60 61 61 61 4
60 61 61 62 1
60 58 61 58 8
60 59 61 59 7
60 60 61 60 7
60 56 61 56 483
60 55 61 56 5089
60 54 60 55 222
60 54 61 55 1
61 59 62 59 7
61 60 62 60 7
61 57 62 57 6
61 56 62 57 5573
61 61 62 61 4
61 62 62 62 1
61 58 62 58 8
61 55 61 56 1
62 59 63 59 7
62 60 63 60 7
62 57 63 58 5579
62 61 63 61 4
62 62 63 62 1
62 58 63 58 8
63 59 64 59 7
63 60 64 60 7
63 61 64 61 4
63 62 64 62 1
63 58 64 59 5587
64 59 65 60 5594
64 60 65 60 7
64 61 65 61 4
64 62 65 62 1
65 60 66 61 5601
65 61 66 61 4
65 62 66 62 1
66 61 67 62 5605
66 62 67 62 1
67 62 68 63 5606
68 63 69 64 5606
69 64 70 65 5606
70 65 71 66 5606
71 66 72 67 5606
72 67 73 68 5606
73 68 74 69 5606
74 69 75 70 5606
75 70 76 71 5606
76 71 77 72 5606
77 72 78 73 5606
78 73 79 74 5606
79 74 80 75 5606
80 75 81 76 5606
81 76 82 77 5606
82 77 83 78 5606
83 78 84 79 5606
84 79 85 80 5606
85 80 86 81 5606
86 81 87 82 5606
87 82 88 83 5606
88 83 89 84 5606
89 84 90 85 5606
90 85 91 86 5606
91 86 92 87 5606
92 87 93 88 5606
93 88 94 89 5606
94 89 95 90 5606
95 90 96 91 5606
96 91 97 92 5606
97 92 98 93 5606
98 93 99 94 5606
99 94 100 95 5606
100 95 101 96 5606
101 96 102 97 5606
102 97 103 98 5606
103 98 104 99 5606
104 99 105 100 5606
105 100 106 101 5606
106 101 107 102 5606
107 102 108 103 5606
108 103 109 104 5606
109 104 110 105 5606
110 105 111 106 5606
111 106 112 107 5606
112 107 113 108 5606
113 108 114 109 5606
114 109 115 110 5606
115 110 116 111 5606
116 111 117 112 5606
117 112 118 113 5606
118 113 119 114 5606
119 114 120 115 5606
120 115 121 116 5606
121 116 122 117 5606
122 117 123 118 5606
123 118 124 119 5606
124 119 125 120 5606
125 120 126 121 5606
126 121 127 122 5606
127 122 128 123 5606
128 123 129 124 5606
129 124 130 125 5606
130 125 131 126 5606
131 126 132 127 5606
132 127 133 128 5606
133 128 134 129 5606
134 129 135 130 5606
135 130 136 131 5606
136 131 137 132 5606
137 132 138 133 5606
138 133 139 134 5606
139 134 140 135 5606
140 135 141 136 5606
141 136 142 137 5606
142 137 143 138 5606
143 138 144 139 5606
144 139 145 140 5606
145 140 146 141 5606
146 141 147 142 5606
147 142 148 143 5606
148 143 149 144 5606
149 144 150 145 5606
150 145 151 146 5606
151 146 152 147 5606
152 147 153 148 5606
153 148 154 149 5606
154 149 155 150 5606
155 150 156 151 5606
156 151 157 152 5606
157 152 158 153 5606
158 153 159 154 5606
159 154 160 155 5606
160 155 161 156 5606
161 156 162 157 5606
162 157 163 158 5606
163 158 164 159 5606
164 159 165 160 5606
165 160 166 161 5606
166 161 167 162 5606
