0 0 1 1 5606
1 1 2 2 5606
2 2 3 3 5606
3 3 4 4 5606
4 4 5 5 5606
5 5 6 6 5606
6 6 7 7 5606
7 7 8 8 5606
8 8 9 9 5606
9 9 10 10 5606
10 10 11 11 5606
11 11 12 12 5606
12 12 13 13 5606
13 13 14 14 5606
14 14 15 15 5606
15 15 16 16 5606
16 16 17 17 5606
17 17 18 18 5606
18 18 19 19 5606
19 19 20 20 5606
20 20 21 21 5606
21 21 22 22 5606
22 22 23 23 5606
23 23 24 24 5606
24 24 25 25 5606
25 25 26 26 5606
26 26 27 27 5606
27 27 28 28 5606
28 28 29 29 5606
29 29 30 30 5606
30 30 31 31 5606
31 31 32 32 5606
32 32 33 33 5606
33 33 34 34 5606
34 34 35 35 5606
35 35 36 36 5606
36 36 37 37 5606
37 37 38 38 5605
37 37 38 37 1
38 38 39 38 39
38 38 39 39 5566
38 37 39 37 1
39 38 40 38 39
39 39 40 39 2349
39 39 40 40 3217
39 37 40 37 1
40 38 41 38 39
40 39 41 39 2349
40 40 41 40 58
40 40 41 41 3159
40 37 41 38 1
41 38 42 39 40
41 39 42 39 2349
41 40 42 40 58
41 41 42 42 3106
41 41 42 41 53
42 42 43 42 39
42 42 43 43 3067
42 39 43 39 20
42 39 43 40 2369
42 40 43 40 58
42 41 43 41 53
43 42 44 42 39
43 39 44 39 20
43 40 44 41 2427
43 43 44 43 50
43 43 44 44 3017
43 41 44 41 53
44 42 45 42 39
44 39 45 39 20
44 43 45 43 50
44 44 45 45 2959
44 44 45 44 58
44 41 45 42 2480
45 42 46 43 2519
45 39 46 40 20
45 45 46 46 2745
45 45 46 45 214
45 43 46 43 50
45 44 46 44 58
46 40 47 41 20
46 46 47 46 37
46 46 47 47 2708
46 45 47 46 20
46 45 47 45 194
46 43 47 43 24
46 43 47 44 2545
46 44 47 45 4
46 44 47 44 54
47 46 48 46 37
47 46 48 47 20
47 45 48 46 7
47 45 48 45 191
47 43 48 43 18
47 43 48 44 6
47 41 48 42 18
47 41 48 41 2
47 44 48 45 2454
47 44 48 44 145
47 47 48 47 347
47 47 48 48 2361
48 42 49 42 16
48 42 49 43 2
48 46 49 46 43
48 46 49 47 1
48 45 49 46 366
48 45 49 45 2279
48 43 49 43 16
48 43 49 44 2
48 41 49 41 2
48 44 49 45 7
48 44 49 44 144
48 47 49 48 5
48 47 49 47 362
48 48 49 49 389
48 48 49 48 1972
49 41 50 41 2
49 47 50 48 3
49 47 50 47 360
49 48 50 49 11
49 48 50 48 1966
49 42 50 42 16
49 46 50 46 80
49 46 50 47 329
49 49 50 50 353
49 49 50 49 36
49 45 50 46 95
49 45 50 45 2191
49 43 50 43 16
49 43 50 44 2
49 44 50 45 3
49 44 50 44 143
50 50 51 50 19
50 50 51 51 334
50 41 51 41 2
50 47 51 48 284
50 47 51 47 405
50 48 51 48 1969
50 42 51 42 16
50 46 51 46 80
50 46 51 47 95
50 49 51 50 13
50 49 51 49 34
50 45 51 46 2
50 45 51 45 2192
50 43 51 43 12
50 43 51 44 4
50 44 51 45 1
50 44 51 44 144
51 50 52 50 25
51 50 52 51 7
51 51 52 52 13
51 51 52 51 321
51 41 52 42 1
51 41 52 41 1
51 47 52 48 202
51 47 52 47 298
51 48 52 49 287
51 48 52 48 1966
51 42 52 42 16
51 46 52 46 79
51 46 52 47 3
51 49 52 49 34
51 45 52 46 22
51 45 52 45 2171
51 43 52 43 11
51 43 52 44 1
51 44 52 45 38
51 44 52 44 110
52 50 53 50 23
52 50 53 51 2
52 51 53 52 6
52 51 53 51 322
52 41 53 42 1
52 47 53 48 222
52 47 53 47 79
52 48 53 49 1241
52 48 53 48 927
52 52 53 52 9
52 52 53 53 4
52 42 53 43 17
52 46 53 46 59
52 46 53 47 42
52 49 53 50 147
52 49 53 49 174
52 45 53 46 1342
52 45 53 45 867
52 43 53 43 3
52 43 53 44 8
52 44 53 45 103
52 44 53 44 8
53 50 54 50 169
53 50 54 51 1
53 53 54 53 4
53 51 54 51 324
53 47 54 48 50
53 47 54 47 71
53 48 54 49 129
53 48 54 48 1020
53 52 54 52 11
53 52 54 53 4
53 42 54 42 1
53 46 54 46 697
53 46 54 47 704
53 49 54 50 846
53 49 54 49 569
53 45 54 46 50
53 45 54 45 920
53 43 54 44 20
53 44 54 45 13
53 44 54 44 3
54 50 55 50 623
54 50 55 51 392
54 53 55 53 8
54 51 55 51 325
54 47 55 48 66
54 47 55 47 709
54 48 55 49 48
54 48 55 48 1022
54 52 55 52 11
54 42 55 42 1
54 46 55 46 743
54 46 55 47 4
54 49 55 50 60
54 49 55 49 638
54 45 55 46 27
54 45 55 45 906
54 44 55 45 23
55 50 56 50 658
55 50 56 51 25
55 53 56 53 8
55 51 56 52 33
55 51 56 51 684
55 47 56 48 9
55 47 56 47 704
55 48 56 49 762
55 48 56 48 326
55 52 56 52 11
55 42 56 43 1
55 46 56 46 737
55 46 56 47 33
55 49 56 50 49
55 49 56 49 637
55 45 56 46 929
56 50 57 50 664
56 50 57 51 43
56 53 57 53 8
56 51 57 51 709
56 48 57 49 18
56 48 57 48 317
56 47 57 48 27
56 47 57 47 710
56 52 57 52 17
56 52 57 53 27
56 46 57 47 1666
56 49 57 50 1292
56 49 57 49 107
56 43 57 44 1
57 50 58 50 433
57 50 58 51 1523
57 53 58 53 16
57 53 58 54 19
57 51 58 52 4
57 51 58 51 748
57 48 58 49 29
57 48 58 48 315
57 47 58 48 2376
57 52 58 52 17
57 49 58 50 28
57 49 58 49 97
57 44 58 45 1
58 50 59 50 450
58 50 59 51 11
58 53 59 53 16
58 51 59 52 69
58 51 59 51 2202
58 48 59 49 2691
58 52 59 52 18
58 52 59 53 3
58 49 59 50 15
58 49 59 49 111
58 45 59 46 1
58 54 59 54 7
58 54 59 55 12
59 52 60 52 48
59 52 60 53 39
59 50 60 50 463
59 50 60 51 2
59 53 60 53 19
59 46 60 47 1
59 49 60 50 2802
59 51 60 51 2213
59 54 60 54 7
59 55 60 56 5
59 55 60 55 7
60 52 61 52 48
60 50 61 51 3265
60 53 61 53 57
60 53 61 54 1
60 56 61 57 1
60 56 61 56 4
60 51 61 51 2215
60 54 61 54 7
60 55 61 55 7
60 47 61 48 1
61 52 62 52 48
61 50 61 51 1
61 53 62 53 57
61 57 62 57 1
61 56 62 56 4
61 49 61 50 1
61 51 62 52 5481
61 55 62 55 7
61 48 61 49 1
61 54 62 54 8
62 52 63 53 5529
62 53 63 53 57
62 57 63 57 1
62 56 63 56 4
62 55 63 55 7
62 54 63 54 8
63 53 64 54 5586
63 57 64 57 1
63 56 64 56 4
63 55 64 55 7
63 54 64 54 8
64 57 65 57 1
64 56 65 56 4
64 55 65 55 7
64 54 65 55 5594
65 57 66 57 1
65 56 66 56 4
65 55 66 56 5601
66 57 67 57 1
66 56 67 57 5605
67 57 68 58 5606
68 58 69 59 5606
69 59 70 60 5606
70 60 71 61 5606
71 61 72 62 5606
72 62 73 63 5606
73 63 74 64 5606
74 64 75 65 5606
75 65 76 66 5606
76 66 77 67 5606
77 67 78 68 5606
78 68 79 69 5606
79 69 80 70 5606
80 70 81 71 5606
81 71 82 72 5606
82 72 83 73 5606
83 73 84 74 5606
84 74 85 75 5606
85 75 86 76 5606
86 76 87 77 5606
87 77 88 78 5606
88 78 89 79 5606
89 79 90 80 5606
90 80 91 81 5606
91 81 92 82 5606
92 82 93 83 5606
93 83 94 84 5606
94 84 95 85 5606
95 85 96 86 5606
96 86 97 87 5606
97 87 98 88 5606
98 88 99 89 5606
99 89 100 90 5606
100 90 101 91 5606
101 91 102 92 5606
102 92 103 93 5606
103 93 104 94 5606
104 94 105 95 5606
105 95 106 96 5606
106 96 107 97 5606
107 97 108 98 5606
108 98 109 99 5606
109 99 110 100 5606
110 100 111 101 5606
111 101 112 102 5606
112 102 113 103 5606
113 103 114 104 5606
114 104 115 105 5606
115 105 116 106 5606
116 106 117 107 5606
117 107 118 108 5606
118 108 119 109 5606
119 109 120 110 5606
120 110 121 111 5606
121 111 122 112 5606
122 112 123 113 5606
123 113 124 114 5606
124 114 125 115 5606
125 115 126 116 5606
126 116 127 117 5606
127 117 128 118 5606
128 118 129 119 5606
129 119 130 120 5606
130 120 131 121 5606
131 121 132 122 5606
132 122 133 123 5606
133 123 134 124 5606
134 124 135 125 5606
135 125 136 126 5606
136 126 137 127 5606
137 127 138 128 5606
138 128 139 129 5606
139 129 140 130 5606
140 130 141 131 5606
141 131 142 132 5606
142 132 143 133 5606
143 133 144 134 5606
144 134 145 135 5606
145 135 146 136 5606
146 136 147 137 5606
147 137 148 138 5606
148 138 149 139 5606
149 139 150 140 5606
150 140 151 141 5606
151 141 152 142 5606
152 142 153 143 5606
153 143 154 144 5606
154 144 155 145 5606
155 145 156 146 5606
156 146 157 147 5606
157 147 158 148 5606
158 148 159 149 5606
159 149 160 150 5606
160 150 161 151 5606
161 151 162 152 5606
162 152 163 153 5606
163 153 164 154 5606
164 154 165 155 5606
165 155 166 156 5606
166 156 167 157 5606
