0 0 1 1 5606
1 1 2 2 5606
2 2 3 3 5606
3 3 4 4 5606
4 4 5 5 5606
5 5 6 6 5606
6 6 7 7 5606
7 7 8 8 5606
8 8 9 9 5606
9 9 10 10 5606
10 10 11 11 5606
11 11 12 12 5606
12 12 13 13 5606
13 13 14 14 5606
14 14 15 15 5606
15 15 16 16 5606
16 16 17 17 5606
17 18 18 19 2
17 17 18 18 5604
17 17 17 18 2
18 18 18 19 104
18 18 19 19 5500
18 19 19 20 106
19 19 19 20 5451
19 19 20 20 49
19 20 20 21 5557
20 21 21 22 5606
20 20 20 21 49
21 22 22 23 5606
22 23 23 24 5606
23 24 24 25 5606
24 25 25 26 5606
25 26 26 27 5606
26 27 27 28 5606
27 28 28 29 5606
28 29 29 30 5606
29 30 30 31 5606
30 31 31 32 5606
31 32 32 33 5606
32 33 33 34 5606
33 34 34 35 5606
34 35 35 36 5606
35 36 36 37 5606
36 37 37 38 5588
36 37 37 37 18
37 38 38 38 18
37 38 38 39 5570
37 37 38 38 18
38 38 39 39 36
38 39 39 39 39
38 39 39 40 5531
39 42 40 43 2
39 39 40 40 75
39 40 39 41 2
39 40 40 40 2729
39 40 40 41 2800
39 41 39 42 2
40 42 40 43 1
40 40 40 41 1
40 40 41 40 2
40 40 41 41 2801
40 43 41 44 3
40 41 40 42 1
40 41 41 42 30
40 41 41 41 2770
41 42 42 42 18
41 42 42 43 12
41 40 42 40 2
41 44 42 45 3
41 41 42 42 5568
41 41 42 41 3
42 42 43 43 5586
42 40 43 40 2
42 45 43 46 3
42 43 43 44 12
42 41 43 41 3
43 40 44 41 2
43 46 44 47 3
43 45 44 46 3
43 43 43 44 3
43 43 44 44 5583
43 41 44 41 3
43 44 43 45 3
43 44 44 45 12
44 46 45 47 8
44 45 45 46 12
44 45 44 46 5
44 41 45 42 5
44 44 45 45 5578
44 44 44 45 5
44 47 45 47 2
44 47 45 48 1
45 42 46 43 5
45 46 46 47 14
45 46 45 47 31
45 45 46 46 5545
45 45 45 46 33
45 47 46 48 41
45 48 46 49 1
46 50 47 51 3
46 49 46 50 3
46 49 47 50 5
46 46 46 47 30
46 46 47 46 1
46 46 47 47 5514
46 43 47 44 5
46 48 46 49 7
46 48 47 49 63
46 47 46 48 29
46 47 47 48 15
47 50 47 51 4
47 50 48 51 1331
47 53 48 53 1
47 53 48 54 2
47 51 47 52 4
47 51 48 51 3
47 48 48 49 2
47 48 47 49 2908
47 47 47 48 2895
47 47 48 47 55
47 47 48 48 2564
47 52 47 53 3
47 52 48 53 1
47 49 48 50 1641
47 49 47 50 1330
47 46 48 46 1
47 44 48 45 5
48 50 49 51 1863
48 50 48 51 1250
48 53 49 53 2
48 53 49 54 2
48 53 48 54 1
48 51 49 52 2581
48 51 48 52 3
48 47 49 47 35
48 47 49 48 13
48 47 48 48 8
48 48 49 49 1097
48 48 49 48 5
48 48 48 49 1470
48 52 48 53 3
48 49 48 50 1472
48 46 49 46 1
48 46 48 47 1
48 45 49 46 4
48 45 48 46 1
48 54 49 55 3
49 52 50 53 3606
49 52 49 53 1
49 50 49 51 994
49 53 50 53 3
49 46 49 47 5
49 49 50 50 119
49 49 50 49 4
49 49 49 50 994
49 51 50 52 1831
49 51 49 52 1026
49 55 50 55 3
49 54 50 54 1
49 54 50 55 1
49 47 50 47 28
49 47 49 48 12
49 48 50 49 5
49 48 50 48 5
49 48 49 49 20
50 52 50 53 696
50 52 51 53 1205
50 50 50 51 70
50 50 51 51 84
50 53 51 54 4305
50 49 50 50 35
50 49 51 49 1
50 51 50 52 70
50 54 51 54 1
50 55 51 55 4
50 48 50 49 27
50 48 51 48 1
50 47 50 48 23
50 47 51 47 5
51 50 51 51 3
51 53 52 54 666
51 53 51 54 577
51 51 52 52 49
51 51 51 52 38
51 48 51 49 3
51 47 52 48 3
51 47 51 48 2
51 52 51 53 38
51 49 52 49 1
51 49 51 50 3
51 55 52 55 4
51 54 52 55 4883
52 50 52 51 4
52 53 52 54 52
52 51 52 52 4
52 48 52 49 3
52 52 52 53 52
52 52 53 53 1
52 49 52 50 4
52 55 53 56 5599
52 54 52 55 712
52 54 53 55 6
53 53 53 54 1
53 56 54 57 5606
53 54 53 55 1
53 55 53 56 7
54 57 55 58 5606
55 58 56 59 5606
56 59 57 60 5606
57 60 58 61 5606
58 61 59 62 5606
59 62 60 63 5606
60 63 61 64 5606
61 64 62 65 5606
62 65 63 66 5606
63 66 64 67 5606
64 67 65 68 5606
65 68 66 69 5606
66 69 67 70 5606
67 70 68 71 5606
68 71 69 72 5606
69 72 70 73 5606
70 73 71 74 5606
71 74 72 75 5606
72 75 73 76 5606
73 76 74 77 5606
74 77 75 78 5606
75 78 76 79 5606
76 79 77 80 5606
77 80 78 81 5606
78 81 79 82 5606
79 82 80 83 5606
80 83 81 84 5606
81 84 82 85 5606
82 85 83 86 5606
83 86 84 87 5606
84 87 85 88 5606
85 88 86 89 5606
86 89 87 90 5606
87 90 88 91 5606
88 91 89 92 5606
89 92 90 93 5606
90 93 91 94 5606
91 94 92 95 5606
92 95 93 96 5606
93 96 94 97 5606
94 97 95 98 5606
95 98 96 99 5606
96 99 97 100 5606
97 100 98 101 5606
98 101 99 102 5606
99 102 100 103 5606
100 103 101 104 5606
101 104 102 105 5606
102 105 103 106 5606
103 106 104 107 5606
104 107 105 108 5606
105 108 106 109 5606
106 109 107 110 5606
107 110 108 111 5606
108 111 109 112 5606
109 112 110 113 5606
110 113 111 114 5606
111 114 112 115 5606
112 115 113 116 5606
113 116 114 117 5606
114 117 115 118 5606
115 118 116 119 5606
116 119 117 120 5606
117 120 118 121 5606
118 121 119 122 5606
119 122 120 123 5606
120 123 121 124 5606
121 124 122 125 5606
122 125 123 126 5606
123 126 124 127 5606
124 127 125 128 5606
125 128 126 129 5606
126 129 127 130 5606
127 130 128 131 5606
128 131 129 132 5606
129 132 130 133 5606
130 133 131 134 5606
131 134 132 135 5606
132 135 133 136 5606
133 136 134 137 5606
134 137 135 138 5606
135 138 136 139 5606
136 139 137 140 5606
137 140 138 141 5606
138 141 139 142 5606
139 142 140 143 5606
140 143 141 144 5606
141 144 142 145 5606
142 145 143 146 5606
143 146 144 147 5606
144 147 145 148 5606
145 148 146 149 5606
146 149 147 150 5606
147 150 148 151 5606
148 151 149 152 5606
149 152 150 153 5606
150 153 151 154 5606
151 154 152 155 5606
152 155 153 156 5606
153 156 154 157 5606
154 157 155 158 5606
155 158 156 159 5606
156 159 157 160 5606
157 160 158 161 5606
158 161 159 162 5606
