0 0 1 1 5606
1 1 2 2 5606
2 2 3 3 5606
3 3 4 4 5606
4 4 5 5 5606
5 5 6 6 5606
6 6 7 7 5606
7 7 8 8 5606
8 8 9 9 5606
9 9 10 10 5606
10 10 11 11 5606
11 11 12 12 5606
12 12 13 13 5606
13 13 14 14 5606
14 14 15 15 5606
15 15 16 16 5606
16 16 17 17 5606
17 18 18 19 2
17 17 18 18 5604
17 17 17 18 2
18 18 18 19 104
18 18 19 19 5500
18 19 19 20 106
19 19 19 20 5451
19 19 20 20 49
19 20 20 21 5557
20 21 21 22 5606
20 20 20 21 49
21 22 22 23 5606
22 23 23 24 5606
23 24 24 25 5606
24 25 25 26 5606
25 26 26 27 5606
26 27 27 28 5606
27 28 28 29 5606
28 29 29 30 5606
29 30 30 31 5606
30 31 31 32 5606
31 32 32 33 5606
32 33 33 34 5606
33 34 34 35 5606
34 35 35 36 5606
35 36 36 37 5606
36 37 37 38 5605
36 37 37 37 1
37 38 38 38 39
37 38 38 39 5566
37 37 38 37 1
38 38 39 38 39
38 39 39 39 2349
38 39 39 40 3217
38 37 39 37 1
39 38 40 38 39
39 39 40 39 2349
39 40 40 40 58
39 40 40 41 3159
39 37 40 38 1
40 38 41 39 40
40 39 41 39 2349
40 40 41 40 58
40 41 41 42 3107
40 41 41 41 52
41 42 42 42 39
41 42 42 43 3068
41 39 42 39 20
41 39 42 40 2369
41 40 42 40 58
41 41 42 41 52
42 42 43 42 39
42 39 43 39 20
42 40 43 41 2427
42 43 43 43 50
42 43 43 44 3018
42 41 43 41 52
43 42 44 42 39
43 39 44 39 20
43 43 44 43 50
43 44 44 45 2963
43 44 44 44 55
43 41 44 42 2479
44 42 45 43 2518
44 39 45 40 20
44 45 45 46 2766
44 45 45 45 197
44 43 45 43 50
44 44 45 44 55
45 40 46 41 20
45 46 46 46 16
45 46 46 47 2742
45 46 45 47 8
45 45 46 46 22
45 45 46 45 176
45 43 46 43 5
45 43 46 44 2562
45 43 45 44 1
45 44 46 45 1
45 44 46 44 54
45 44 45 45 1
45 48 46 49 3
45 48 46 48 3
45 47 46 47 2
45 47 45 48 6
46 41 47 42 20
46 48 46 49 7
46 48 47 48 4
46 47 46 48 8
46 47 47 47 92
46 47 47 48 2644
46 46 47 46 15
46 46 47 47 23
46 49 47 50 5
46 49 47 49 5
46 45 47 46 1
46 45 47 45 176
46 43 47 43 1
46 43 47 44 4
46 44 47 45 2614
46 44 47 44 2
47 50 47 51 2
47 50 48 50 40
47 50 48 51 36
47 51 48 51 2
47 47 47 48 1
47 47 48 47 91
47 47 48 48 25
47 48 47 49 110
47 48 48 49 1993
47 48 48 48 546
47 42 48 43 20
47 49 47 50 73
47 49 48 49 42
47 46 48 46 15
47 46 48 47 1
47 46 47 47 2
47 45 47 46 2
47 45 48 46 2655
47 45 48 45 134
47 43 48 43 1
47 44 48 45 5
47 44 47 45 1
48 50 49 50 41
48 51 49 51 38
48 47 49 48 2
48 47 49 47 90
48 48 49 49 36
48 48 49 48 535
48 46 49 46 2
48 46 49 47 2674
48 49 49 50 1959
48 49 49 49 75
48 49 48 50 1
48 45 49 46 113
48 45 49 45 21
48 45 48 46 6
48 43 49 44 20
48 43 48 44 1
48 44 48 45 1
49 50 50 50 83
49 50 50 51 1918
49 50 49 51 4
49 51 50 51 42
49 48 50 48 537
49 48 49 49 4
49 47 50 47 78
49 47 50 48 2686
49 47 49 48 4
49 46 50 47 114
49 46 49 47 4
49 49 50 50 37
49 49 50 49 73
49 49 49 50 5
49 45 50 45 20
49 45 49 46 3
49 44 50 45 18
49 44 49 45 2
50 50 50 51 1
50 50 51 50 101
50 50 51 51 18
50 51 50 52 1
50 51 51 52 91
50 51 51 51 1869
50 47 50 48 51
50 47 51 48 143
50 48 51 49 3195
50 48 51 48 79
50 52 51 53 1
50 49 51 49 73
50 46 50 47 2
50 45 50 46 2
50 45 51 46 36
51 50 52 50 101
51 53 52 53 2
51 51 52 51 1887
51 47 51 48 2
51 48 52 49 149
51 48 52 48 1
51 48 51 49 74
51 52 52 52 42
51 52 52 53 48
51 52 51 53 1
51 49 52 50 3336
51 49 52 49 6
51 46 52 47 34
51 46 51 47 2
52 52 53 52 42
52 50 53 51 3625
52 53 53 53 49
52 53 53 54 1
52 49 52 50 188
52 49 53 50 1
52 51 53 51 1887
52 48 52 49 34
52 47 52 48 33
52 47 53 48 1
53 52 54 52 42
53 50 53 51 2
53 53 54 53 49
53 49 53 50 1
53 51 54 52 5514
53 48 53 49 1
53 54 54 54 1
54 52 55 53 5556
54 53 55 53 49
54 54 55 54 1
55 53 56 54 5605
55 54 56 54 1
56 54 57 55 5606
57 55 58 56 5606
58 56 59 57 5606
59 57 60 58 5606
60 58 61 59 5606
61 59 62 60 5606
62 60 63 61 5606
63 61 64 62 5606
64 62 65 63 5606
65 63 66 64 5606
66 64 67 65 5606
67 65 68 66 5606
68 66 69 67 5606
69 67 70 68 5606
70 68 71 69 5606
71 69 72 70 5606
72 70 73 71 5606
73 71 74 72 5606
74 72 75 73 5606
75 73 76 74 5606
76 74 77 75 5606
77 75 78 76 5606
78 76 79 77 5606
79 77 80 78 5606
80 78 81 79 5606
81 79 82 80 5606
82 80 83 81 5606
83 81 84 82 5606
84 82 85 83 5606
85 83 86 84 5606
86 84 87 85 5606
87 85 88 86 5606
88 86 89 87 5606
89 87 90 88 5606
90 88 91 89 5606
91 89 92 90 5606
92 90 93 91 5606
93 91 94 92 5606
94 92 95 93 5606
95 93 96 94 5606
96 94 97 95 5606
97 95 98 96 5606
98 96 99 97 5606
99 97 100 98 5606
100 98 101 99 5606
101 99 102 100 5606
102 100 103 101 5606
103 101 104 102 5606
104 102 105 103 5606
105 103 106 104 5606
106 104 107 105 5606
107 105 108 106 5606
108 106 109 107 5606
109 107 110 108 5606
110 108 111 109 5606
111 109 112 110 5606
112 110 113 111 5606
113 111 114 112 5606
114 112 115 113 5606
115 113 116 114 5606
116 114 117 115 5606
117 115 118 116 5606
118 116 119 117 5606
119 117 120 118 5606
120 118 121 119 5606
121 119 122 120 5606
122 120 123 121 5606
123 121 124 122 5606
124 122 125 123 5606
125 123 126 124 5606
126 124 127 125 5606
127 125 128 126 5606
128 126 129 127 5606
129 127 130 128 5606
130 128 131 129 5606
131 129 132 130 5606
132 130 133 131 5606
133 131 134 132 5606
134 132 135 133 5606
135 133 136 134 5606
136 134 137 135 5606
137 135 138 136 5606
138 136 139 137 5606
139 137 140 138 5606
140 138 141 139 5606
141 139 142 140 5606
142 140 143 141 5606
143 141 144 142 5606
144 142 145 143 5606
145 143 146 144 5606
146 144 147 145 5606
147 145 148 146 5606
148 146 149 147 5606
149 147 150 148 5606
150 148 151 149 5606
151 149 152 150 5606
152 150 153 151 5606
153 151 154 152 5606
154 152 155 153 5606
155 153 156 154 5606
156 154 157 155 5606
157 155 158 156 5606
158 156 159 157 5606
