0 0 1 1 5606
1 1 2 2 5606
2 2 3 3 5606
3 3 4 4 5606
4 4 5 5 5606
5 5 6 6 5606
6 6 7 7 5606
7 7 8 8 5606
8 8 9 9 5606
9 9 10 10 5606
10 10 11 11 5606
11 11 12 12 5606
12 12 13 13 5606
13 13 14 14 5606
14 14 15 15 5606
15 15 16 16 5606
16 16 17 17 5606
17 17 18 18 5606
18 18 19 19 5606
19 19 20 20 5606
20 20 21 21 5606
21 21 22 22 5606
22 22 23 23 5606
23 23 24 24 5606
24 24 25 25 5606
25 25 26 26 5606
26 26 27 27 5606
27 27 28 28 5606
28 28 29 29 5606
29 29 30 30 5606
30 30 31 31 5606
31 31 32 32 5606
32 32 33 33 5606
33 33 34 34 5606
34 34 35 35 5606
35 35 36 36 5606
36 36 37 37 5606
37 38 38 39 18
37 37 38 38 5587
37 37 38 37 1
37 37 37 38 18
38 38 38 39 18
38 38 39 38 39
38 38 39 39 5530
38 39 39 39 10
38 39 39 40 26
38 37 39 37 1
39 38 40 38 39
39 39 39 40 22
39 39 40 39 2349
39 39 40 40 3169
39 40 40 40 1
39 40 40 41 47
39 37 40 37 1
40 42 40 43 1
40 38 41 38 22
40 38 41 39 17
40 39 40 40 1
40 39 41 39 2348
40 40 40 41 1557
40 40 41 40 60
40 40 41 41 1554
40 37 41 38 1
40 43 40 44 1
40 44 41 45 1
40 41 40 42 1
40 41 41 42 1578
40 41 41 41 25
41 38 41 39 23
41 42 42 42 39
41 42 42 43 3044
41 42 41 43 3
41 39 42 39 32
41 39 42 40 2356
41 40 42 40 60
41 45 42 46 4
41 43 41 44 3
41 44 41 45 3
41 41 42 42 18
41 41 42 41 53
41 41 41 42 1508
42 42 42 43 8
42 42 43 42 39
42 42 43 43 10
42 39 42 40 10
42 39 43 39 20
42 39 43 40 2
42 46 43 47 4
42 40 43 41 2426
42 43 43 43 50
42 43 43 44 3002
42 41 43 41 53
43 42 44 42 39
43 39 44 39 20
43 40 44 41 2
43 43 44 43 50
43 43 44 44 10
43 44 44 45 2944
43 44 44 44 58
43 41 44 42 2479
43 47 44 48 4
44 42 45 43 2518
44 39 45 40 20
44 45 45 46 2744
44 45 45 45 200
44 43 45 43 50
44 41 45 42 2
44 44 45 45 10
44 44 45 44 58
44 48 45 49 2
44 48 45 48 2
45 40 46 41 20
45 48 46 48 2
45 42 46 43 2
45 46 46 46 29
45 46 46 47 2715
45 49 46 50 2
45 45 46 46 28
45 45 46 45 182
45 43 46 43 16
45 43 46 44 2552
45 44 46 45 4
45 44 46 44 54
46 50 47 50 3
46 41 47 42 20
46 48 46 49 1
46 48 47 48 2
46 47 46 48 1
46 47 47 47 99
46 47 47 48 2615
46 46 47 46 28
46 46 47 47 29
46 49 46 50 1
46 45 47 46 9
46 45 47 45 177
46 43 47 43 10
46 43 47 44 8
46 44 47 45 2599
46 44 47 44 7
47 50 48 50 5
47 50 47 51 10
47 51 48 51 10
47 47 47 48 12
47 47 48 48 21
47 47 48 47 111
47 48 47 49 15
47 48 48 49 1084
47 48 48 48 1530
47 42 48 42 1
47 42 48 43 19
47 46 47 47 16
47 46 48 46 22
47 46 48 47 26
47 49 47 50 12
47 49 48 50 2
47 49 48 49 1
47 45 47 46 27
47 45 48 46 1514
47 45 48 45 1235
47 43 48 43 1
47 43 48 44 9
47 44 48 45 6
47 44 48 44 9
48 50 49 50 6
48 50 49 51 1
48 50 48 51 3
48 51 49 51 13
48 47 49 47 108
48 47 49 48 29
48 47 48 48 2
48 48 49 49 6
48 48 49 48 1547
48 42 49 42 1
48 46 49 46 806
48 46 49 47 728
48 46 48 47 2
48 49 49 50 387
48 49 49 49 695
48 49 48 50 3
48 45 49 46 1
48 45 49 45 1240
48 43 49 44 20
48 44 49 45 12
48 44 49 44 6
49 50 50 50 325
49 50 50 51 66
49 50 49 51 2
49 51 50 51 16
49 47 50 48 66
49 47 50 47 768
49 47 49 48 2
49 48 50 49 429
49 48 50 48 1149
49 42 50 43 1
49 46 50 46 806
49 46 50 47 1
49 49 50 49 701
49 45 50 46 396
49 45 50 45 856
49 44 50 45 26
50 50 51 50 325
50 49 51 50 523
50 49 51 49 607
50 46 51 46 688
50 46 51 47 514
50 45 51 46 879
50 45 51 45 3
50 43 51 44 1
50 51 51 51 82
50 47 51 48 6
50 47 51 47 763
50 48 51 49 639
50 48 51 48 576
51 50 52 50 332
51 50 52 51 516
51 51 52 51 82
51 48 52 49 12
51 48 52 48 570
51 47 52 48 498
51 47 52 47 779
51 46 52 46 2
51 46 52 47 1565
51 49 52 50 1139
51 49 52 49 107
51 45 52 45 3
51 44 52 45 1
52 50 53 50 101
52 50 53 51 1370
52 46 53 46 2
52 49 53 50 23
52 49 53 49 96
52 45 53 46 3
52 45 53 45 1
52 51 53 52 21
52 51 53 51 577
52 48 53 49 561
52 48 53 48 507
52 47 53 47 1
52 47 53 48 2343
53 52 54 52 14
53 52 54 53 7
53 50 53 51 1
53 50 54 50 113
53 50 54 51 11
53 46 53 47 1
53 46 54 46 2
53 46 54 47 3
53 49 53 50 1
53 49 54 50 305
53 49 54 49 351
53 45 53 46 1
53 51 54 52 71
53 51 54 51 1877
53 47 53 48 2
53 48 54 49 2850
53 48 54 48 2
54 52 55 52 42
54 52 55 53 43
54 50 55 50 415
54 50 55 51 3
54 53 55 53 7
54 46 55 47 2
54 49 55 50 3202
54 51 55 51 1888
54 48 55 48 2
54 48 54 49 1
54 47 54 48 1
54 47 55 48 2
55 52 56 52 42
55 50 56 51 3622
55 53 56 53 49
55 53 56 54 1
55 49 55 50 5
55 51 56 51 1891
55 48 55 49 5
55 47 56 48 1
55 47 55 48 1
56 52 57 52 42
56 50 56 51 1
56 53 57 53 49
56 49 56 50 1
56 51 57 52 5514
56 48 56 49 1
56 54 57 54 1
57 52 58 53 5556
57 53 58 53 49
57 54 58 54 1
58 53 59 54 5605
58 54 59 54 1
59 54 60 55 5606
60 55 61 56 5606
61 56 62 57 5606
62 57 63 58 5606
63 58 64 59 5606
64 59 65 60 5606
65 60 66 61 5606
66 61 67 62 5606
67 62 68 63 5606
68 63 69 64 5606
69 64 70 65 5606
70 65 71 66 5606
71 66 72 67 5606
72 67 73 68 5606
73 68 74 69 5606
74 69 75 70 5606
75 70 76 71 5606
76 71 77 72 5606
77 72 78 73 5606
78 73 79 74 5606
79 74 80 75 5606
80 75 81 76 5606
81 76 82 77 5606
82 77 83 78 5606
83 78 84 79 5606
84 79 85 80 5606
85 80 86 81 5606
86 81 87 82 5606
87 82 88 83 5606
88 83 89 84 5606
89 84 90 85 5606
90 85 91 86 5606
91 86 92 87 5606
92 87 93 88 5606
93 88 94 89 5606
94 89 95 90 5606
95 90 96 91 5606
96 91 97 92 5606
97 92 98 93 5606
98 93 99 94 5606
99 94 100 95 5606
100 95 101 96 5606
101 96 102 97 5606
102 97 103 98 5606
103 98 104 99 5606
104 99 105 100 5606
105 100 106 101 5606
106 101 107 102 5606
107 102 108 103 5606
108 103 109 104 5606
109 104 110 105 5606
110 105 111 106 5606
111 106 112 107 5606
112 107 113 108 5606
113 108 114 109 5606
114 109 115 110 5606
115 110 116 111 5606
116 111 117 112 5606
117 112 118 113 5606
118 113 119 114 5606
119 114 120 115 5606
120 115 121 116 5606
121 116 122 117 5606
122 117 123 118 5606
123 118 124 119 5606
124 119 125 120 5606
125 120 126 121 5606
126 121 127 122 5606
127 122 128 123 5606
128 123 129 124 5606
129 124 130 125 5606
130 125 131 126 5606
131 126 132 127 5606
132 127 133 128 5606
133 128 134 129 5606
134 129 135 130 5606
135 130 136 131 5606
136 131 137 132 5606
137 132 138 133 5606
138 133 139 134 5606
139 134 140 135 5606
140 135 141 136 5606
141 136 142 137 5606
142 137 143 138 5606
143 138 144 139 5606
144 139 145 140 5606
145 140 146 141 5606
146 141 147 142 5606
147 142 148 143 5606
148 143 149 144 5606
149 144 150 145 5606
150 145 151 146 5606
151 146 152 147 5606
152 147 153 148 5606
153 148 154 149 5606
154 149 155 150 5606
155 150 156 151 5606
156 151 157 152 5606
157 152 158 153 5606
158 153 159 154 5606
159 154 160 155 5606
160 155 161 156 5606
161 156 162 157 5606
