#FIG 2.0
80 2
2 1 0     6 0 0 0 0 0.000 0 0
  466  280  432  280 9999 9999
1 3 0  1 0 0 0 21 0.00 1 0.0   466  280    3     3   466  280  280 349
1 3 0  1 0 0 0 21 0.00 1 0.0   432  280    3     3   432  280  280 349
2 1 0     6 0 0 0 0 0.000 0 0
  432  280  287  322 9999 9999
1 3 0  1 0 0 0 21 0.00 1 0.0   432  280    3     3   432  280  280 349
1 3 0  1 0 0 0 21 0.00 1 0.0   287  322    3     3   287  322  322 349
2 1 0     6 0 0 0 0 0.000 0 0
  432  280  419  234 9999 9999
1 3 0  1 0 0 0 21 0.00 1 0.0   432  280    3     3   432  280  280 349
1 3 0  1 0 0 0 21 0.00 1 0.0   419  234    3     3   419  234  234 349
2 1 0     6 0 0 0 0 0.000 0 0
  466  280  466  280 9999 9999
1 3 0  1 0 0 0 21 0.00 1 0.0   466  280    3     3   466  280  280 349
1 3 0  1 0 0 0 21 0.00 1 0.0   466  280    3     3   466  280  280 349
2 1 0     6 0 0 0 0 0.000 0 0
  466  280  504  288 9999 9999
1 3 0  1 0 0 0 21 0.00 1 0.0   466  280    3     3   466  280  280 349
1 3 0  1 0 0 0 21 0.00 1 0.0   504  288    3     3   504  288  288 349
2 1 0     6 0 0 0 0 0.000 0 0
  466  280  396  376 9999 9999
1 3 0  1 0 0 0 21 0.00 1 0.0   466  280    3     3   466  280  280 349
1 3 0  1 0 0 0 21 0.00 1 0.0   396  376    3     3   396  376  376 349
2 1 0     3 0 0 0 0 0.000 0 0
   84  324   81  322 9999 9999
1 3 0  1 0 0 0 21 0.00 1 0.0    84  324    1     1    84  324  324 349
1 3 0  1 0 0 0 21 0.00 1 0.0    81  322    1     1    81  322  322 349
2 1 0     3 0 0 0 0 0.000 0 0
   81  322   78  320 9999 9999
1 3 0  1 0 0 0 21 0.00 1 0.0    81  322    1     1    81  322  322 349
1 3 0  1 0 0 0 21 0.00 1 0.0    78  320    1     1    78  320  320 349
2 1 0     3 0 0 0 0 0.000 0 0
   78  320   74  320 9999 9999
1 3 0  1 0 0 0 21 0.00 1 0.0    78  320    1     1    78  320  320 349
1 3 0  1 0 0 0 21 0.00 1 0.0    74  320    1     1    74  320  320 349
2 1 0     3 0 0 0 0 0.000 0 0
   74  320   71  322 9999 9999
1 3 0  1 0 0 0 21 0.00 1 0.0    74  320    1     1    74  320  320 349
1 3 0  1 0 0 0 21 0.00 1 0.0    71  322    1     1    71  322  322 349
2 1 0     3 0 0 0 0 0.000 0 0
   71  322   69  324 9999 9999
1 3 0  1 0 0 0 21 0.00 1 0.0    71  322    1     1    71  322  322 349
1 3 0  1 0 0 0 21 0.00 1 0.0    69  324    1     1    69  324  324 349
2 1 0     3 0 0 0 0 0.000 0 0
   69  324   67  328 9999 9999
1 3 0  1 0 0 0 21 0.00 1 0.0    69  324    1     1    69  324  324 349
1 3 0  1 0 0 0 21 0.00 1 0.0    67  328    1     1    67  328  328 349
2 1 0     3 0 0 0 0 0.000 0 0
   67  328   67  331 9999 9999
1 3 0  1 0 0 0 21 0.00 1 0.0    67  328    1     1    67  328  328 349
1 3 0  1 0 0 0 21 0.00 1 0.0    67  331    1     1    67  331  331 349
2 1 0     3 0 0 0 0 0.000 0 0
   67  331   69  335 9999 9999
1 3 0  1 0 0 0 21 0.00 1 0.0    67  331    1     1    67  331  331 349
1 3 0  1 0 0 0 21 0.00 1 0.0    69  335    1     1    69  335  335 349
2 1 0     3 0 0 0 0 0.000 0 0
   69  335   71  338 9999 9999
1 3 0  1 0 0 0 21 0.00 1 0.0    69  335    1     1    69  335  335 349
1 3 0  1 0 0 0 21 0.00 1 0.0    71  338    1     1    71  338  338 349
2 1 0     3 0 0 0 0 0.000 0 0
   71  338   74  339 9999 9999
1 3 0  1 0 0 0 21 0.00 1 0.0    71  338    1     1    71  338  338 349
1 3 0  1 0 0 0 21 0.00 1 0.0    74  339    1     1    74  339  339 349
2 1 0     3 0 0 0 0 0.000 0 0
   74  339   78  339 9999 9999
1 3 0  1 0 0 0 21 0.00 1 0.0    74  339    1     1    74  339  339 349
1 3 0  1 0 0 0 21 0.00 1 0.0    78  339    1     1    78  339  339 349
2 1 0     3 0 0 0 0 0.000 0 0
   78  339   81  338 9999 9999
1 3 0  1 0 0 0 21 0.00 1 0.0    78  339    1     1    78  339  339 349
1 3 0  1 0 0 0 21 0.00 1 0.0    81  338    1     1    81  338  338 349
2 1 0     3 0 0 0 0 0.000 0 0
   81  338   84  335 9999 9999
1 3 0  1 0 0 0 21 0.00 1 0.0    81  338    1     1    81  338  338 349
1 3 0  1 0 0 0 21 0.00 1 0.0    84  335    1     1    84  335  335 349
2 1 0     3 0 0 0 0 0.000 0 0
   99  320   97  322 9999 9999
1 3 0  1 0 0 0 21 0.00 1 0.0    99  320    1     1    99  320  320 349
1 3 0  1 0 0 0 21 0.00 1 0.0    97  322    1     1    97  322  322 349
2 1 0     3 0 0 0 0 0.000 0 0
   97  322   94  324 9999 9999
1 3 0  1 0 0 0 21 0.00 1 0.0    97  322    1     1    97  322  322 349
1 3 0  1 0 0 0 21 0.00 1 0.0    94  324    1     1    94  324  324 349
2 1 0     3 0 0 0 0 0.000 0 0
   94  324   92  328 9999 9999
1 3 0  1 0 0 0 21 0.00 1 0.0    94  324    1     1    94  324  324 349
1 3 0  1 0 0 0 21 0.00 1 0.0    92  328    1     1    92  328  328 349
2 1 0     3 0 0 0 0 0.000 0 0
   92  328   92  331 9999 9999
1 3 0  1 0 0 0 21 0.00 1 0.0    92  328    1     1    92  328  328 349
1 3 0  1 0 0 0 21 0.00 1 0.0    92  331    1     1    92  331  331 349
2 1 0     3 0 0 0 0 0.000 0 0
   92  331   94  335 9999 9999
1 3 0  1 0 0 0 21 0.00 1 0.0    92  331    1     1    92  331  331 349
1 3 0  1 0 0 0 21 0.00 1 0.0    94  335    1     1    94  335  335 349
2 1 0     3 0 0 0 0 0.000 0 0
   94  335   97  338 9999 9999
1 3 0  1 0 0 0 21 0.00 1 0.0    94  335    1     1    94  335  335 349
1 3 0  1 0 0 0 21 0.00 1 0.0    97  338    1     1    97  338  338 349
2 1 0     3 0 0 0 0 0.000 0 0
   97  338   99  339 9999 9999
1 3 0  1 0 0 0 21 0.00 1 0.0    97  338    1     1    97  338  338 349
1 3 0  1 0 0 0 21 0.00 1 0.0    99  339    1     1    99  339  339 349
2 1 0     3 0 0 0 0 0.000 0 0
   99  339  104  339 9999 9999
1 3 0  1 0 0 0 21 0.00 1 0.0    99  339    1     1    99  339  339 349
1 3 0  1 0 0 0 21 0.00 1 0.0   104  339    1     1   104  339  339 349
2 1 0     3 0 0 0 0 0.000 0 0
  104  339  106  338 9999 9999
1 3 0  1 0 0 0 21 0.00 1 0.0   104  339    1     1   104  339  339 349
1 3 0  1 0 0 0 21 0.00 1 0.0   106  338    1     1   106  338  338 349
2 1 0     3 0 0 0 0 0.000 0 0
  106  338  109  335 9999 9999
1 3 0  1 0 0 0 21 0.00 1 0.0   106  338    1     1   106  338  338 349
1 3 0  1 0 0 0 21 0.00 1 0.0   109  335    1     1   109  335  335 349
2 1 0     3 0 0 0 0 0.000 0 0
  109  335  110  331 9999 9999
1 3 0  1 0 0 0 21 0.00 1 0.0   109  335    1     1   109  335  335 349
1 3 0  1 0 0 0 21 0.00 1 0.0   110  331    1     1   110  331  331 349
2 1 0     3 0 0 0 0 0.000 0 0
  110  331  110  328 9999 9999
1 3 0  1 0 0 0 21 0.00 1 0.0   110  331    1     1   110  331  331 349
1 3 0  1 0 0 0 21 0.00 1 0.0   110  328    1     1   110  328  328 349
2 1 0     3 0 0 0 0 0.000 0 0
  110  328  109  324 9999 9999
1 3 0  1 0 0 0 21 0.00 1 0.0   110  328    1     1   110  328  328 349
1 3 0  1 0 0 0 21 0.00 1 0.0   109  324    1     1   109  324  324 349
2 1 0     3 0 0 0 0 0.000 0 0
  109  324  106  322 9999 9999
1 3 0  1 0 0 0 21 0.00 1 0.0   109  324    1     1   109  324  324 349
1 3 0  1 0 0 0 21 0.00 1 0.0   106  322    1     1   106  322  322 349
2 1 0     3 0 0 0 0 0.000 0 0
  106  322  104  320 9999 9999
1 3 0  1 0 0 0 21 0.00 1 0.0   106  322    1     1   106  322  322 349
1 3 0  1 0 0 0 21 0.00 1 0.0   104  320    1     1   104  320  320 349
2 1 0     3 0 0 0 0 0.000 0 0
  104  320   99  320 9999 9999
1 3 0  1 0 0 0 21 0.00 1 0.0   104  320    1     1   104  320  320 349
1 3 0  1 0 0 0 21 0.00 1 0.0    99  320    1     1    99  320  320 349
2 1 0     3 0 0 0 0 0.000 0 0
  120  320  120  339 9999 9999
1 3 0  1 0 0 0 21 0.00 1 0.0   120  320    1     1   120  320  320 349
1 3 0  1 0 0 0 21 0.00 1 0.0   120  339    1     1   120  339  339 349
2 1 0     3 0 0 0 0 0.000 0 0
  120  326  124  322 9999 9999
1 3 0  1 0 0 0 21 0.00 1 0.0   120  326    1     1   120  326  326 349
1 3 0  1 0 0 0 21 0.00 1 0.0   124  322    1     1   124  322  322 349
2 1 0     3 0 0 0 0 0.000 0 0
  124  322  127  320 9999 9999
1 3 0  1 0 0 0 21 0.00 1 0.0   124  322    1     1   124  322  322 349
1 3 0  1 0 0 0 21 0.00 1 0.0   127  320    1     1   127  320  320 349
2 1 0     3 0 0 0 0 0.000 0 0
  127  320  131  320 9999 9999
1 3 0  1 0 0 0 21 0.00 1 0.0   127  320    1     1   127  320  320 349
1 3 0  1 0 0 0 21 0.00 1 0.0   131  320    1     1   131  320  320 349
2 1 0     3 0 0 0 0 0.000 0 0
  131  320  134  322 9999 9999
1 3 0  1 0 0 0 21 0.00 1 0.0   131  320    1     1   131  320  320 349
1 3 0  1 0 0 0 21 0.00 1 0.0   134  322    1     1   134  322  322 349
2 1 0     3 0 0 0 0 0.000 0 0
  134  322  136  326 9999 9999
1 3 0  1 0 0 0 21 0.00 1 0.0   134  322    1     1   134  322  322 349
1 3 0  1 0 0 0 21 0.00 1 0.0   136  326    1     1   136  326  326 349
2 1 0     3 0 0 0 0 0.000 0 0
  136  326  136  339 9999 9999
1 3 0  1 0 0 0 21 0.00 1 0.0   136  326    1     1   136  326  326 349
1 3 0  1 0 0 0 21 0.00 1 0.0   136  339    1     1   136  339  339 349
2 1 0     3 0 0 0 0 0.000 0 0
  161  324  159  322 9999 9999
1 3 0  1 0 0 0 21 0.00 1 0.0   161  324    1     1   161  324  324 349
1 3 0  1 0 0 0 21 0.00 1 0.0   159  322    1     1   159  322  322 349
2 1 0     3 0 0 0 0 0.000 0 0
  159  322  155  320 9999 9999
1 3 0  1 0 0 0 21 0.00 1 0.0   159  322    1     1   159  322  322 349
1 3 0  1 0 0 0 21 0.00 1 0.0   155  320    1     1   155  320  320 349
2 1 0     3 0 0 0 0 0.000 0 0
  155  320  151  320 9999 9999
1 3 0  1 0 0 0 21 0.00 1 0.0   155  320    1     1   155  320  320 349
1 3 0  1 0 0 0 21 0.00 1 0.0   151  320    1     1   151  320  320 349
2 1 0     3 0 0 0 0 0.000 0 0
  151  320  147  322 9999 9999
1 3 0  1 0 0 0 21 0.00 1 0.0   151  320    1     1   151  320  320 349
1 3 0  1 0 0 0 21 0.00 1 0.0   147  322    1     1   147  322  322 349
2 1 0     3 0 0 0 0 0.000 0 0
  147  322  145  324 9999 9999
1 3 0  1 0 0 0 21 0.00 1 0.0   147  322    1     1   147  322  322 349
1 3 0  1 0 0 0 21 0.00 1 0.0   145  324    1     1   145  324  324 349
2 1 0     3 0 0 0 0 0.000 0 0
  145  324  147  327 9999 9999
1 3 0  1 0 0 0 21 0.00 1 0.0   145  324    1     1   145  324  324 349
1 3 0  1 0 0 0 21 0.00 1 0.0   147  327    1     1   147  327  327 349
2 1 0     3 0 0 0 0 0.000 0 0
  147  327  150  328 9999 9999
1 3 0  1 0 0 0 21 0.00 1 0.0   147  327    1     1   147  327  327 349
1 3 0  1 0 0 0 21 0.00 1 0.0   150  328    1     1   150  328  328 349
2 1 0     3 0 0 0 0 0.000 0 0
  150  328  157  330 9999 9999
1 3 0  1 0 0 0 21 0.00 1 0.0   150  328    1     1   150  328  328 349
1 3 0  1 0 0 0 21 0.00 1 0.0   157  330    1     1   157  330  330 349
2 1 0     3 0 0 0 0 0.000 0 0
  157  330  159  331 9999 9999
1 3 0  1 0 0 0 21 0.00 1 0.0   157  330    1     1   157  330  330 349
1 3 0  1 0 0 0 21 0.00 1 0.0   159  331    1     1   159  331  331 349
2 1 0     3 0 0 0 0 0.000 0 0
  159  331  161  334 9999 9999
1 3 0  1 0 0 0 21 0.00 1 0.0   159  331    1     1   159  331  331 349
1 3 0  1 0 0 0 21 0.00 1 0.0   161  334    1     1   161  334  334 349
2 1 0     3 0 0 0 0 0.000 0 0
  161  334  161  335 9999 9999
1 3 0  1 0 0 0 21 0.00 1 0.0   161  334    1     1   161  334  334 349
1 3 0  1 0 0 0 21 0.00 1 0.0   161  335    1     1   161  335  335 349
2 1 0     3 0 0 0 0 0.000 0 0
  161  335  159  338 9999 9999
1 3 0  1 0 0 0 21 0.00 1 0.0   161  335    1     1   161  335  335 349
1 3 0  1 0 0 0 21 0.00 1 0.0   159  338    1     1   159  338  338 349
2 1 0     3 0 0 0 0 0.000 0 0
  159  338  155  339 9999 9999
1 3 0  1 0 0 0 21 0.00 1 0.0   159  338    1     1   159  338  338 349
1 3 0  1 0 0 0 21 0.00 1 0.0   155  339    1     1   155  339  339 349
2 1 0     3 0 0 0 0 0.000 0 0
  155  339  151  339 9999 9999
1 3 0  1 0 0 0 21 0.00 1 0.0   155  339    1     1   155  339  339 349
1 3 0  1 0 0 0 21 0.00 1 0.0   151  339    1     1   151  339  339 349
2 1 0     3 0 0 0 0 0.000 0 0
  151  339  147  338 9999 9999
1 3 0  1 0 0 0 21 0.00 1 0.0   151  339    1     1   151  339  339 349
1 3 0  1 0 0 0 21 0.00 1 0.0   147  338    1     1   147  338  338 349
2 1 0     3 0 0 0 0 0.000 0 0
  147  338  145  335 9999 9999
1 3 0  1 0 0 0 21 0.00 1 0.0   147  338    1     1   147  338  338 349
1 3 0  1 0 0 0 21 0.00 1 0.0   145  335    1     1   145  335  335 349
2 1 0     3 0 0 0 0 0.000 0 0
  171  311  171  339 9999 9999
1 3 0  1 0 0 0 21 0.00 1 0.0   171  311    1     1   171  311  311 349
1 3 0  1 0 0 0 21 0.00 1 0.0   171  339    1     1   171  339  339 349
2 1 0     3 0 0 0 0 0.000 0 0
  171  311  183  311 9999 9999
1 3 0  1 0 0 0 21 0.00 1 0.0   171  311    1     1   171  311  311 349
1 3 0  1 0 0 0 21 0.00 1 0.0   183  311    1     1   183  311  311 349
2 1 0     3 0 0 0 0 0.000 0 0
  183  311  187  312 9999 9999
1 3 0  1 0 0 0 21 0.00 1 0.0   183  311    1     1   183  311  311 349
1 3 0  1 0 0 0 21 0.00 1 0.0   187  312    1     1   187  312  312 349
2 1 0     3 0 0 0 0 0.000 0 0
  187  312  189  314 9999 9999
1 3 0  1 0 0 0 21 0.00 1 0.0   187  312    1     1   187  312  312 349
1 3 0  1 0 0 0 21 0.00 1 0.0   189  314    1     1   189  314  314 349
2 1 0     3 0 0 0 0 0.000 0 0
  189  314  190  316 9999 9999
1 3 0  1 0 0 0 21 0.00 1 0.0   189  314    1     1   189  314  314 349
1 3 0  1 0 0 0 21 0.00 1 0.0   190  316    1     1   190  316  316 349
2 1 0     3 0 0 0 0 0.000 0 0
  190  316  190  319 9999 9999
1 3 0  1 0 0 0 21 0.00 1 0.0   190  316    1     1   190  316  316 349
1 3 0  1 0 0 0 21 0.00 1 0.0   190  319    1     1   190  319  319 349
2 1 0     3 0 0 0 0 0.000 0 0
  190  319  189  322 9999 9999
1 3 0  1 0 0 0 21 0.00 1 0.0   190  319    1     1   190  319  319 349
1 3 0  1 0 0 0 21 0.00 1 0.0   189  322    1     1   189  322  322 349
2 1 0     3 0 0 0 0 0.000 0 0
  189  322  187  323 9999 9999
1 3 0  1 0 0 0 21 0.00 1 0.0   189  322    1     1   189  322  322 349
1 3 0  1 0 0 0 21 0.00 1 0.0   187  323    1     1   187  323  323 349
2 1 0     3 0 0 0 0 0.000 0 0
  187  323  183  324 9999 9999
1 3 0  1 0 0 0 21 0.00 1 0.0   187  323    1     1   187  323  323 349
1 3 0  1 0 0 0 21 0.00 1 0.0   183  324    1     1   183  324  324 349
2 1 0     3 0 0 0 0 0.000 0 0
  171  324  183  324 9999 9999
1 3 0  1 0 0 0 21 0.00 1 0.0   171  324    1     1   171  324  324 349
1 3 0  1 0 0 0 21 0.00 1 0.0   183  324    1     1   183  324  324 349
2 1 0     3 0 0 0 0 0.000 0 0
  183  324  187  326 9999 9999
1 3 0  1 0 0 0 21 0.00 1 0.0   183  324    1     1   183  324  324 349
1 3 0  1 0 0 0 21 0.00 1 0.0   187  326    1     1   187  326  326 349
2 1 0     3 0 0 0 0 0.000 0 0
  187  326  189  327 9999 9999
1 3 0  1 0 0 0 21 0.00 1 0.0   187  326    1     1   187  326  326 349
1 3 0  1 0 0 0 21 0.00 1 0.0   189  327    1     1   189  327  327 349
2 1 0     3 0 0 0 0 0.000 0 0
  189  327  190  330 9999 9999
1 3 0  1 0 0 0 21 0.00 1 0.0   189  327    1     1   189  327  327 349
1 3 0  1 0 0 0 21 0.00 1 0.0   190  330    1     1   190  330  330 349
2 1 0     3 0 0 0 0 0.000 0 0
  190  330  190  334 9999 9999
1 3 0  1 0 0 0 21 0.00 1 0.0   190  330    1     1   190  330  330 349
1 3 0  1 0 0 0 21 0.00 1 0.0   190  334    1     1   190  334  334 349
2 1 0     3 0 0 0 0 0.000 0 0
  190  334  189  336 9999 9999
1 3 0  1 0 0 0 21 0.00 1 0.0   190  334    1     1   190  334  334 349
1 3 0  1 0 0 0 21 0.00 1 0.0   189  336    1     1   189  336  336 349
2 1 0     3 0 0 0 0 0.000 0 0
  189  336  187  338 9999 9999
1 3 0  1 0 0 0 21 0.00 1 0.0   189  336    1     1   189  336  336 349
1 3 0  1 0 0 0 21 0.00 1 0.0   187  338    1     1   187  338  338 349
2 1 0     3 0 0 0 0 0.000 0 0
  187  338  183  339 9999 9999
1 3 0  1 0 0 0 21 0.00 1 0.0   187  338    1     1   187  338  338 349
1 3 0  1 0 0 0 21 0.00 1 0.0   183  339    1     1   183  339  339 349
2 1 0     3 0 0 0 0 0.000 0 0
  183  339  171  339 9999 9999
1 3 0  1 0 0 0 21 0.00 1 0.0   183  339    1     1   183  339  339 349
1 3 0  1 0 0 0 21 0.00 1 0.0   171  339    1     1   171  339  339 349
2 1 0     3 0 0 0 0 0.000 0 0
  198  328  215  328 9999 9999
1 3 0  1 0 0 0 21 0.00 1 0.0   198  328    1     1   198  328  328 349
1 3 0  1 0 0 0 21 0.00 1 0.0   215  328    1     1   215  328  328 349
2 1 0     3 0 0 0 0 0.000 0 0
  215  328  215  326 9999 9999
1 3 0  1 0 0 0 21 0.00 1 0.0   215  328    1     1   215  328  328 349
1 3 0  1 0 0 0 21 0.00 1 0.0   215  326    1     1   215  326  326 349
2 1 0     3 0 0 0 0 0.000 0 0
  215  326  214  323 9999 9999
1 3 0  1 0 0 0 21 0.00 1 0.0   215  326    1     1   215  326  326 349
1 3 0  1 0 0 0 21 0.00 1 0.0   214  323    1     1   214  323  323 349
2 1 0     3 0 0 0 0 0.000 0 0
  214  323  212  322 9999 9999
1 3 0  1 0 0 0 21 0.00 1 0.0   214  323    1     1   214  323  323 349
1 3 0  1 0 0 0 21 0.00 1 0.0   212  322    1     1   212  322  322 349
2 1 0     3 0 0 0 0 0.000 0 0
  212  322  210  320 9999 9999
1 3 0  1 0 0 0 21 0.00 1 0.0   212  322    1     1   212  322  322 349
1 3 0  1 0 0 0 21 0.00 1 0.0   210  320    1     1   210  320  320 349
2 1 0     3 0 0 0 0 0.000 0 0
  210  320  205  320 9999 9999
1 3 0  1 0 0 0 21 0.00 1 0.0   210  320    1     1   210  320  320 349
1 3 0  1 0 0 0 21 0.00 1 0.0   205  320    1     1   205  320  320 349
2 1 0     3 0 0 0 0 0.000 0 0
  205  320  203  322 9999 9999
1 3 0  1 0 0 0 21 0.00 1 0.0   205  320    1     1   205  320  320 349
1 3 0  1 0 0 0 21 0.00 1 0.0   203  322    1     1   203  322  322 349
2 1 0     3 0 0 0 0 0.000 0 0
  203  322  200  324 9999 9999
1 3 0  1 0 0 0 21 0.00 1 0.0   203  322    1     1   203  322  322 349
1 3 0  1 0 0 0 21 0.00 1 0.0   200  324    1     1   200  324  324 349
2 1 0     3 0 0 0 0 0.000 0 0
  200  324  198  328 9999 9999
1 3 0  1 0 0 0 21 0.00 1 0.0   200  324    1     1   200  324  324 349
1 3 0  1 0 0 0 21 0.00 1 0.0   198  328    1     1   198  328  328 349
2 1 0     3 0 0 0 0 0.000 0 0
  198  328  198  331 9999 9999
1 3 0  1 0 0 0 21 0.00 1 0.0   198  328    1     1   198  328  328 349
1 3 0  1 0 0 0 21 0.00 1 0.0   198  331    1     1   198  331  331 349
2 1 0     3 0 0 0 0 0.000 0 0
  198  331  200  335 9999 9999
1 3 0  1 0 0 0 21 0.00 1 0.0   198  331    1     1   198  331  331 349
1 3 0  1 0 0 0 21 0.00 1 0.0   200  335    1     1   200  335  335 349
2 1 0     3 0 0 0 0 0.000 0 0
  200  335  203  338 9999 9999
1 3 0  1 0 0 0 21 0.00 1 0.0   200  335    1     1   200  335  335 349
1 3 0  1 0 0 0 21 0.00 1 0.0   203  338    1     1   203  338  338 349
2 1 0     3 0 0 0 0 0.000 0 0
  203  338  205  339 9999 9999
1 3 0  1 0 0 0 21 0.00 1 0.0   203  338    1     1   203  338  338 349
1 3 0  1 0 0 0 21 0.00 1 0.0   205  339    1     1   205  339  339 349
2 1 0     3 0 0 0 0 0.000 0 0
  205  339  210  339 9999 9999
1 3 0  1 0 0 0 21 0.00 1 0.0   205  339    1     1   205  339  339 349
1 3 0  1 0 0 0 21 0.00 1 0.0   210  339    1     1   210  339  339 349
2 1 0     3 0 0 0 0 0.000 0 0
  210  339  212  338 9999 9999
1 3 0  1 0 0 0 21 0.00 1 0.0   210  339    1     1   210  339  339 349
1 3 0  1 0 0 0 21 0.00 1 0.0   212  338    1     1   212  338  338 349
2 1 0     3 0 0 0 0 0.000 0 0
  212  338  215  335 9999 9999
1 3 0  1 0 0 0 21 0.00 1 0.0   212  338    1     1   212  338  338 349
1 3 0  1 0 0 0 21 0.00 1 0.0   215  335    1     1   215  335  335 349
2 1 0     3 0 0 0 0 0.000 0 0
  225  320  225  339 9999 9999
1 3 0  1 0 0 0 21 0.00 1 0.0   225  320    1     1   225  320  320 349
1 3 0  1 0 0 0 21 0.00 1 0.0   225  339    1     1   225  339  339 349
2 1 0     3 0 0 0 0 0.000 0 0
  225  326  229  322 9999 9999
1 3 0  1 0 0 0 21 0.00 1 0.0   225  326    1     1   225  326  326 349
1 3 0  1 0 0 0 21 0.00 1 0.0   229  322    1     1   229  322  322 349
2 1 0     3 0 0 0 0 0.000 0 0
  229  322  232  320 9999 9999
1 3 0  1 0 0 0 21 0.00 1 0.0   229  322    1     1   229  322  322 349
1 3 0  1 0 0 0 21 0.00 1 0.0   232  320    1     1   232  320  320 349
2 1 0     3 0 0 0 0 0.000 0 0
  232  320  236  320 9999 9999
1 3 0  1 0 0 0 21 0.00 1 0.0   232  320    1     1   232  320  320 349
1 3 0  1 0 0 0 21 0.00 1 0.0   236  320    1     1   236  320  320 349
2 1 0     3 0 0 0 0 0.000 0 0
  236  320  239  322 9999 9999
1 3 0  1 0 0 0 21 0.00 1 0.0   236  320    1     1   236  320  320 349
1 3 0  1 0 0 0 21 0.00 1 0.0   239  322    1     1   239  322  322 349
2 1 0     3 0 0 0 0 0.000 0 0
  239  322  240  326 9999 9999
1 3 0  1 0 0 0 21 0.00 1 0.0   239  322    1     1   239  322  322 349
1 3 0  1 0 0 0 21 0.00 1 0.0   240  326    1     1   240  326  326 349
2 1 0     3 0 0 0 0 0.000 0 0
  240  326  240  339 9999 9999
1 3 0  1 0 0 0 21 0.00 1 0.0   240  326    1     1   240  326  326 349
1 3 0  1 0 0 0 21 0.00 1 0.0   240  339    1     1   240  339  339 349
2 1 0     3 0 0 0 0 0.000 0 0
  249  320  257  339 9999 9999
1 3 0  1 0 0 0 21 0.00 1 0.0   249  320    1     1   249  320  320 349
1 3 0  1 0 0 0 21 0.00 1 0.0   257  339    1     1   257  339  339 349
2 1 0     3 0 0 0 0 0.000 0 0
  265  320  257  339 9999 9999
1 3 0  1 0 0 0 21 0.00 1 0.0   265  320    1     1   265  320  320 349
1 3 0  1 0 0 0 21 0.00 1 0.0   257  339    1     1   257  339  339 349
2 1 0     3 0 0 0 0 0.000 0 0
  235  201  232  198 9999 9999
1 3 0  1 0 0 0 21 0.00 1 0.0   235  201    1     1   235  201  201 349
1 3 0  1 0 0 0 21 0.00 1 0.0   232  198    1     1   232  198  198 349
2 1 0     3 0 0 0 0 0.000 0 0
  232  198  229  197 9999 9999
1 3 0  1 0 0 0 21 0.00 1 0.0   232  198    1     1   232  198  198 349
1 3 0  1 0 0 0 21 0.00 1 0.0   229  197    1     1   229  197  197 349
2 1 0     3 0 0 0 0 0.000 0 0
  229  197  225  197 9999 9999
1 3 0  1 0 0 0 21 0.00 1 0.0   229  197    1     1   229  197  197 349
1 3 0  1 0 0 0 21 0.00 1 0.0   225  197    1     1   225  197  197 349
2 1 0     3 0 0 0 0 0.000 0 0
  225  197  222  198 9999 9999
1 3 0  1 0 0 0 21 0.00 1 0.0   225  197    1     1   225  197  197 349
1 3 0  1 0 0 0 21 0.00 1 0.0   222  198    1     1   222  198  198 349
2 1 0     3 0 0 0 0 0.000 0 0
  222  198  220  201 9999 9999
1 3 0  1 0 0 0 21 0.00 1 0.0   222  198    1     1   222  198  198 349
1 3 0  1 0 0 0 21 0.00 1 0.0   220  201    1     1   220  201  201 349
2 1 0     3 0 0 0 0 0.000 0 0
  220  201  218  205 9999 9999
1 3 0  1 0 0 0 21 0.00 1 0.0   220  201    1     1   220  201  201 349
1 3 0  1 0 0 0 21 0.00 1 0.0   218  205    1     1   218  205  205 349
2 1 0     3 0 0 0 0 0.000 0 0
  218  205  218  207 9999 9999
1 3 0  1 0 0 0 21 0.00 1 0.0   218  205    1     1   218  205  205 349
1 3 0  1 0 0 0 21 0.00 1 0.0   218  207    1     1   218  207  207 349
2 1 0     3 0 0 0 0 0.000 0 0
  218  207  220  211 9999 9999
1 3 0  1 0 0 0 21 0.00 1 0.0   218  207    1     1   218  207  207 349
1 3 0  1 0 0 0 21 0.00 1 0.0   220  211    1     1   220  211  211 349
2 1 0     3 0 0 0 0 0.000 0 0
  220  211  222  214 9999 9999
1 3 0  1 0 0 0 21 0.00 1 0.0   220  211    1     1   220  211  211 349
1 3 0  1 0 0 0 21 0.00 1 0.0   222  214    1     1   222  214  214 349
2 1 0     3 0 0 0 0 0.000 0 0
  222  214  225  215 9999 9999
1 3 0  1 0 0 0 21 0.00 1 0.0   222  214    1     1   222  214  214 349
1 3 0  1 0 0 0 21 0.00 1 0.0   225  215    1     1   225  215  215 349
2 1 0     3 0 0 0 0 0.000 0 0
  225  215  229  215 9999 9999
1 3 0  1 0 0 0 21 0.00 1 0.0   225  215    1     1   225  215  215 349
1 3 0  1 0 0 0 21 0.00 1 0.0   229  215    1     1   229  215  215 349
2 1 0     3 0 0 0 0 0.000 0 0
  229  215  232  214 9999 9999
1 3 0  1 0 0 0 21 0.00 1 0.0   229  215    1     1   229  215  215 349
1 3 0  1 0 0 0 21 0.00 1 0.0   232  214    1     1   232  214  214 349
2 1 0     3 0 0 0 0 0.000 0 0
  232  214  235  211 9999 9999
1 3 0  1 0 0 0 21 0.00 1 0.0   232  214    1     1   232  214  214 349
1 3 0  1 0 0 0 21 0.00 1 0.0   235  211    1     1   235  211  211 349
2 1 0     3 0 0 0 0 0.000 0 0
  250  197  248  198 9999 9999
1 3 0  1 0 0 0 21 0.00 1 0.0   250  197    1     1   250  197  197 349
1 3 0  1 0 0 0 21 0.00 1 0.0   248  198    1     1   248  198  198 349
2 1 0     3 0 0 0 0 0.000 0 0
  248  198  245  201 9999 9999
1 3 0  1 0 0 0 21 0.00 1 0.0   248  198    1     1   248  198  198 349
1 3 0  1 0 0 0 21 0.00 1 0.0   245  201    1     1   245  201  201 349
2 1 0     3 0 0 0 0 0.000 0 0
  245  201  243  205 9999 9999
1 3 0  1 0 0 0 21 0.00 1 0.0   245  201    1     1   245  201  201 349
1 3 0  1 0 0 0 21 0.00 1 0.0   243  205    1     1   243  205  205 349
2 1 0     3 0 0 0 0 0.000 0 0
  243  205  243  207 9999 9999
1 3 0  1 0 0 0 21 0.00 1 0.0   243  205    1     1   243  205  205 349
1 3 0  1 0 0 0 21 0.00 1 0.0   243  207    1     1   243  207  207 349
2 1 0     3 0 0 0 0 0.000 0 0
  243  207  245  211 9999 9999
1 3 0  1 0 0 0 21 0.00 1 0.0   243  207    1     1   243  207  207 349
1 3 0  1 0 0 0 21 0.00 1 0.0   245  211    1     1   245  211  211 349
2 1 0     3 0 0 0 0 0.000 0 0
  245  211  248  214 9999 9999
1 3 0  1 0 0 0 21 0.00 1 0.0   245  211    1     1   245  211  211 349
1 3 0  1 0 0 0 21 0.00 1 0.0   248  214    1     1   248  214  214 349
2 1 0     3 0 0 0 0 0.000 0 0
  248  214  250  215 9999 9999
1 3 0  1 0 0 0 21 0.00 1 0.0   248  214    1     1   248  214  214 349
1 3 0  1 0 0 0 21 0.00 1 0.0   250  215    1     1   250  215  215 349
2 1 0     3 0 0 0 0 0.000 0 0
  250  215  255  215 9999 9999
1 3 0  1 0 0 0 21 0.00 1 0.0   250  215    1     1   250  215  215 349
1 3 0  1 0 0 0 21 0.00 1 0.0   255  215    1     1   255  215  215 349
2 1 0     3 0 0 0 0 0.000 0 0
  255  215  257  214 9999 9999
1 3 0  1 0 0 0 21 0.00 1 0.0   255  215    1     1   255  215  215 349
1 3 0  1 0 0 0 21 0.00 1 0.0   257  214    1     1   257  214  214 349
2 1 0     3 0 0 0 0 0.000 0 0
  257  214  260  211 9999 9999
1 3 0  1 0 0 0 21 0.00 1 0.0   257  214    1     1   257  214  214 349
1 3 0  1 0 0 0 21 0.00 1 0.0   260  211    1     1   260  211  211 349
2 1 0     3 0 0 0 0 0.000 0 0
  260  211  262  207 9999 9999
1 3 0  1 0 0 0 21 0.00 1 0.0   260  211    1     1   260  211  211 349
1 3 0  1 0 0 0 21 0.00 1 0.0   262  207    1     1   262  207  207 349
2 1 0     3 0 0 0 0 0.000 0 0
  262  207  262  205 9999 9999
1 3 0  1 0 0 0 21 0.00 1 0.0   262  207    1     1   262  207  207 349
1 3 0  1 0 0 0 21 0.00 1 0.0   262  205    1     1   262  205  205 349
2 1 0     3 0 0 0 0 0.000 0 0
  262  205  260  201 9999 9999
1 3 0  1 0 0 0 21 0.00 1 0.0   262  205    1     1   262  205  205 349
1 3 0  1 0 0 0 21 0.00 1 0.0   260  201    1     1   260  201  201 349
2 1 0     3 0 0 0 0 0.000 0 0
  260  201  257  198 9999 9999
1 3 0  1 0 0 0 21 0.00 1 0.0   260  201    1     1   260  201  201 349
1 3 0  1 0 0 0 21 0.00 1 0.0   257  198    1     1   257  198  198 349
2 1 0     3 0 0 0 0 0.000 0 0
  257  198  255  197 9999 9999
1 3 0  1 0 0 0 21 0.00 1 0.0   257  198    1     1   257  198  198 349
1 3 0  1 0 0 0 21 0.00 1 0.0   255  197    1     1   255  197  197 349
2 1 0     3 0 0 0 0 0.000 0 0
  255  197  250  197 9999 9999
1 3 0  1 0 0 0 21 0.00 1 0.0   255  197    1     1   255  197  197 349
1 3 0  1 0 0 0 21 0.00 1 0.0   250  197    1     1   250  197  197 349
2 1 0     3 0 0 0 0 0.000 0 0
  271  197  271  215 9999 9999
1 3 0  1 0 0 0 21 0.00 1 0.0   271  197    1     1   271  197  197 349
1 3 0  1 0 0 0 21 0.00 1 0.0   271  215    1     1   271  215  215 349
2 1 0     3 0 0 0 0 0.000 0 0
  271  202  276  198 9999 9999
1 3 0  1 0 0 0 21 0.00 1 0.0   271  202    1     1   271  202  202 349
1 3 0  1 0 0 0 21 0.00 1 0.0   276  198    1     1   276  198  198 349
2 1 0     3 0 0 0 0 0.000 0 0
  276  198  278  197 9999 9999
1 3 0  1 0 0 0 21 0.00 1 0.0   276  198    1     1   276  198  198 349
1 3 0  1 0 0 0 21 0.00 1 0.0   278  197    1     1   278  197  197 349
2 1 0     3 0 0 0 0 0.000 0 0
  278  197  283  197 9999 9999
1 3 0  1 0 0 0 21 0.00 1 0.0   278  197    1     1   278  197  197 349
1 3 0  1 0 0 0 21 0.00 1 0.0   283  197    1     1   283  197  197 349
2 1 0     3 0 0 0 0 0.000 0 0
  283  197  285  198 9999 9999
1 3 0  1 0 0 0 21 0.00 1 0.0   283  197    1     1   283  197  197 349
1 3 0  1 0 0 0 21 0.00 1 0.0   285  198    1     1   285  198  198 349
2 1 0     3 0 0 0 0 0.000 0 0
  285  198  287  202 9999 9999
1 3 0  1 0 0 0 21 0.00 1 0.0   285  198    1     1   285  198  198 349
1 3 0  1 0 0 0 21 0.00 1 0.0   287  202    1     1   287  202  202 349
2 1 0     3 0 0 0 0 0.000 0 0
  287  202  287  215 9999 9999
1 3 0  1 0 0 0 21 0.00 1 0.0   287  202    1     1   287  202  202 349
1 3 0  1 0 0 0 21 0.00 1 0.0   287  215    1     1   287  215  215 349
2 1 0     3 0 0 0 0 0.000 0 0
  312  201  310  198 9999 9999
1 3 0  1 0 0 0 21 0.00 1 0.0   312  201    1     1   312  201  201 349
1 3 0  1 0 0 0 21 0.00 1 0.0   310  198    1     1   310  198  198 349
2 1 0     3 0 0 0 0 0.000 0 0
  310  198  306  197 9999 9999
1 3 0  1 0 0 0 21 0.00 1 0.0   310  198    1     1   310  198  198 349
1 3 0  1 0 0 0 21 0.00 1 0.0   306  197    1     1   306  197  197 349
2 1 0     3 0 0 0 0 0.000 0 0
  306  197  302  197 9999 9999
1 3 0  1 0 0 0 21 0.00 1 0.0   306  197    1     1   306  197  197 349
1 3 0  1 0 0 0 21 0.00 1 0.0   302  197    1     1   302  197  197 349
2 1 0     3 0 0 0 0 0.000 0 0
  302  197  298  198 9999 9999
1 3 0  1 0 0 0 21 0.00 1 0.0   302  197    1     1   302  197  197 349
1 3 0  1 0 0 0 21 0.00 1 0.0   298  198    1     1   298  198  198 349
2 1 0     3 0 0 0 0 0.000 0 0
  298  198  296  201 9999 9999
1 3 0  1 0 0 0 21 0.00 1 0.0   298  198    1     1   298  198  198 349
1 3 0  1 0 0 0 21 0.00 1 0.0   296  201    1     1   296  201  201 349
2 1 0     3 0 0 0 0 0.000 0 0
  296  201  298  203 9999 9999
1 3 0  1 0 0 0 21 0.00 1 0.0   296  201    1     1   296  201  201 349
1 3 0  1 0 0 0 21 0.00 1 0.0   298  203    1     1   298  203  203 349
2 1 0     3 0 0 0 0 0.000 0 0
  298  203  301  205 9999 9999
1 3 0  1 0 0 0 21 0.00 1 0.0   298  203    1     1   298  203  203 349
1 3 0  1 0 0 0 21 0.00 1 0.0   301  205    1     1   301  205  205 349
2 1 0     3 0 0 0 0 0.000 0 0
  301  205  308  206 9999 9999
1 3 0  1 0 0 0 21 0.00 1 0.0   301  205    1     1   301  205  205 349
1 3 0  1 0 0 0 21 0.00 1 0.0   308  206    1     1   308  206  206 349
2 1 0     3 0 0 0 0 0.000 0 0
  308  206  310  207 9999 9999
1 3 0  1 0 0 0 21 0.00 1 0.0   308  206    1     1   308  206  206 349
1 3 0  1 0 0 0 21 0.00 1 0.0   310  207    1     1   310  207  207 349
2 1 0     3 0 0 0 0 0.000 0 0
  310  207  312  210 9999 9999
1 3 0  1 0 0 0 21 0.00 1 0.0   310  207    1     1   310  207  207 349
1 3 0  1 0 0 0 21 0.00 1 0.0   312  210    1     1   312  210  210 349
2 1 0     3 0 0 0 0 0.000 0 0
  312  210  312  211 9999 9999
1 3 0  1 0 0 0 21 0.00 1 0.0   312  210    1     1   312  210  210 349
1 3 0  1 0 0 0 21 0.00 1 0.0   312  211    1     1   312  211  211 349
2 1 0     3 0 0 0 0 0.000 0 0
  312  211  310  214 9999 9999
1 3 0  1 0 0 0 21 0.00 1 0.0   312  211    1     1   312  211  211 349
1 3 0  1 0 0 0 21 0.00 1 0.0   310  214    1     1   310  214  214 349
2 1 0     3 0 0 0 0 0.000 0 0
  310  214  306  215 9999 9999
1 3 0  1 0 0 0 21 0.00 1 0.0   310  214    1     1   310  214  214 349
1 3 0  1 0 0 0 21 0.00 1 0.0   306  215    1     1   306  215  215 349
2 1 0     3 0 0 0 0 0.000 0 0
  306  215  302  215 9999 9999
1 3 0  1 0 0 0 21 0.00 1 0.0   306  215    1     1   306  215  215 349
1 3 0  1 0 0 0 21 0.00 1 0.0   302  215    1     1   302  215  215 349
2 1 0     3 0 0 0 0 0.000 0 0
  302  215  298  214 9999 9999
1 3 0  1 0 0 0 21 0.00 1 0.0   302  215    1     1   302  215  215 349
1 3 0  1 0 0 0 21 0.00 1 0.0   298  214    1     1   298  214  214 349
2 1 0     3 0 0 0 0 0.000 0 0
  298  214  296  211 9999 9999
1 3 0  1 0 0 0 21 0.00 1 0.0   298  214    1     1   298  214  214 349
1 3 0  1 0 0 0 21 0.00 1 0.0   296  211    1     1   296  211  211 349
2 1 0     3 0 0 0 0 0.000 0 0
  341  194  340  191 9999 9999
1 3 0  1 0 0 0 21 0.00 1 0.0   341  194    1     1   341  194  194 349
1 3 0  1 0 0 0 21 0.00 1 0.0   340  191    1     1   340  191  191 349
2 1 0     3 0 0 0 0 0.000 0 0
  340  191  337  188 9999 9999
1 3 0  1 0 0 0 21 0.00 1 0.0   340  191    1     1   340  191  191 349
1 3 0  1 0 0 0 21 0.00 1 0.0   337  188    1     1   337  188  188 349
2 1 0     3 0 0 0 0 0.000 0 0
  337  188  334  187 9999 9999
1 3 0  1 0 0 0 21 0.00 1 0.0   337  188    1     1   337  188  188 349
1 3 0  1 0 0 0 21 0.00 1 0.0   334  187    1     1   334  187  187 349
2 1 0     3 0 0 0 0 0.000 0 0
  334  187  329  187 9999 9999
1 3 0  1 0 0 0 21 0.00 1 0.0   334  187    1     1   334  187  187 349
1 3 0  1 0 0 0 21 0.00 1 0.0   329  187    1     1   329  187  187 349
2 1 0     3 0 0 0 0 0.000 0 0
  329  187  326  188 9999 9999
1 3 0  1 0 0 0 21 0.00 1 0.0   329  187    1     1   329  187  187 349
1 3 0  1 0 0 0 21 0.00 1 0.0   326  188    1     1   326  188  188 349
2 1 0     3 0 0 0 0 0.000 0 0
  326  188  323  191 9999 9999
1 3 0  1 0 0 0 21 0.00 1 0.0   326  188    1     1   326  188  188 349
1 3 0  1 0 0 0 21 0.00 1 0.0   323  191    1     1   323  191  191 349
2 1 0     3 0 0 0 0 0.000 0 0
  323  191  322  194 9999 9999
1 3 0  1 0 0 0 21 0.00 1 0.0   323  191    1     1   323  191  191 349
1 3 0  1 0 0 0 21 0.00 1 0.0   322  194    1     1   322  194  194 349
2 1 0     3 0 0 0 0 0.000 0 0
  322  194  320  198 9999 9999
1 3 0  1 0 0 0 21 0.00 1 0.0   322  194    1     1   322  194  194 349
1 3 0  1 0 0 0 21 0.00 1 0.0   320  198    1     1   320  198  198 349
2 1 0     3 0 0 0 0 0.000 0 0
  320  198  320  205 9999 9999
1 3 0  1 0 0 0 21 0.00 1 0.0   320  198    1     1   320  198  198 349
1 3 0  1 0 0 0 21 0.00 1 0.0   320  205    1     1   320  205  205 349
2 1 0     3 0 0 0 0 0.000 0 0
  320  205  322  209 9999 9999
1 3 0  1 0 0 0 21 0.00 1 0.0   320  205    1     1   320  205  205 349
1 3 0  1 0 0 0 21 0.00 1 0.0   322  209    1     1   322  209  209 349
2 1 0     3 0 0 0 0 0.000 0 0
  322  209  323  211 9999 9999
1 3 0  1 0 0 0 21 0.00 1 0.0   322  209    1     1   322  209  209 349
1 3 0  1 0 0 0 21 0.00 1 0.0   323  211    1     1   323  211  211 349
2 1 0     3 0 0 0 0 0.000 0 0
  323  211  326  214 9999 9999
1 3 0  1 0 0 0 21 0.00 1 0.0   323  211    1     1   323  211  211 349
1 3 0  1 0 0 0 21 0.00 1 0.0   326  214    1     1   326  214  214 349
2 1 0     3 0 0 0 0 0.000 0 0
  326  214  329  215 9999 9999
1 3 0  1 0 0 0 21 0.00 1 0.0   326  214    1     1   326  214  214 349
1 3 0  1 0 0 0 21 0.00 1 0.0   329  215    1     1   329  215  215 349
2 1 0     3 0 0 0 0 0.000 0 0
  329  215  334  215 9999 9999
1 3 0  1 0 0 0 21 0.00 1 0.0   329  215    1     1   329  215  215 349
1 3 0  1 0 0 0 21 0.00 1 0.0   334  215    1     1   334  215  215 349
2 1 0     3 0 0 0 0 0.000 0 0
  334  215  337  214 9999 9999
1 3 0  1 0 0 0 21 0.00 1 0.0   334  215    1     1   334  215  215 349
1 3 0  1 0 0 0 21 0.00 1 0.0   337  214    1     1   337  214  214 349
2 1 0     3 0 0 0 0 0.000 0 0
  337  214  340  211 9999 9999
1 3 0  1 0 0 0 21 0.00 1 0.0   337  214    1     1   337  214  214 349
1 3 0  1 0 0 0 21 0.00 1 0.0   340  211    1     1   340  211  211 349
2 1 0     3 0 0 0 0 0.000 0 0
  340  211  341  209 9999 9999
1 3 0  1 0 0 0 21 0.00 1 0.0   340  211    1     1   340  211  211 349
1 3 0  1 0 0 0 21 0.00 1 0.0   341  209    1     1   341  209  209 349
2 1 0     3 0 0 0 0 0.000 0 0
  341  209  341  205 9999 9999
1 3 0  1 0 0 0 21 0.00 1 0.0   341  209    1     1   341  209  209 349
1 3 0  1 0 0 0 21 0.00 1 0.0   341  205    1     1   341  205  205 349
2 1 0     3 0 0 0 0 0.000 0 0
  334  205  341  205 9999 9999
1 3 0  1 0 0 0 21 0.00 1 0.0   334  205    1     1   334  205  205 349
1 3 0  1 0 0 0 21 0.00 1 0.0   341  205    1     1   341  205  205 349
2 1 0     3 0 0 0 0 0.000 0 0
  350  205  366  205 9999 9999
1 3 0  1 0 0 0 21 0.00 1 0.0   350  205    1     1   350  205  205 349
1 3 0  1 0 0 0 21 0.00 1 0.0   366  205    1     1   366  205  205 349
2 1 0     3 0 0 0 0 0.000 0 0
  366  205  366  202 9999 9999
1 3 0  1 0 0 0 21 0.00 1 0.0   366  205    1     1   366  205  205 349
1 3 0  1 0 0 0 21 0.00 1 0.0   366  202    1     1   366  202  202 349
2 1 0     3 0 0 0 0 0.000 0 0
  366  202  365  199 9999 9999
1 3 0  1 0 0 0 21 0.00 1 0.0   366  202    1     1   366  202  202 349
1 3 0  1 0 0 0 21 0.00 1 0.0   365  199    1     1   365  199  199 349
2 1 0     3 0 0 0 0 0.000 0 0
  365  199  363  198 9999 9999
1 3 0  1 0 0 0 21 0.00 1 0.0   365  199    1     1   365  199  199 349
1 3 0  1 0 0 0 21 0.00 1 0.0   363  198    1     1   363  198  198 349
2 1 0     3 0 0 0 0 0.000 0 0
  363  198  361  197 9999 9999
1 3 0  1 0 0 0 21 0.00 1 0.0   363  198    1     1   363  198  198 349
1 3 0  1 0 0 0 21 0.00 1 0.0   361  197    1     1   361  197  197 349
2 1 0     3 0 0 0 0 0.000 0 0
  361  197  357  197 9999 9999
1 3 0  1 0 0 0 21 0.00 1 0.0   361  197    1     1   361  197  197 349
1 3 0  1 0 0 0 21 0.00 1 0.0   357  197    1     1   357  197  197 349
2 1 0     3 0 0 0 0 0.000 0 0
  357  197  354  198 9999 9999
1 3 0  1 0 0 0 21 0.00 1 0.0   357  197    1     1   357  197  197 349
1 3 0  1 0 0 0 21 0.00 1 0.0   354  198    1     1   354  198  198 349
2 1 0     3 0 0 0 0 0.000 0 0
  354  198  351  201 9999 9999
1 3 0  1 0 0 0 21 0.00 1 0.0   354  198    1     1   354  198  198 349
1 3 0  1 0 0 0 21 0.00 1 0.0   351  201    1     1   351  201  201 349
2 1 0     3 0 0 0 0 0.000 0 0
  351  201  350  205 9999 9999
1 3 0  1 0 0 0 21 0.00 1 0.0   351  201    1     1   351  201  201 349
1 3 0  1 0 0 0 21 0.00 1 0.0   350  205    1     1   350  205  205 349
2 1 0     3 0 0 0 0 0.000 0 0
  350  205  350  207 9999 9999
1 3 0  1 0 0 0 21 0.00 1 0.0   350  205    1     1   350  205  205 349
1 3 0  1 0 0 0 21 0.00 1 0.0   350  207    1     1   350  207  207 349
2 1 0     3 0 0 0 0 0.000 0 0
  350  207  351  211 9999 9999
1 3 0  1 0 0 0 21 0.00 1 0.0   350  207    1     1   350  207  207 349
1 3 0  1 0 0 0 21 0.00 1 0.0   351  211    1     1   351  211  211 349
2 1 0     3 0 0 0 0 0.000 0 0
  351  211  354  214 9999 9999
1 3 0  1 0 0 0 21 0.00 1 0.0   351  211    1     1   351  211  211 349
1 3 0  1 0 0 0 21 0.00 1 0.0   354  214    1     1   354  214  214 349
2 1 0     3 0 0 0 0 0.000 0 0
  354  214  357  215 9999 9999
1 3 0  1 0 0 0 21 0.00 1 0.0   354  214    1     1   354  214  214 349
1 3 0  1 0 0 0 21 0.00 1 0.0   357  215    1     1   357  215  215 349
2 1 0     3 0 0 0 0 0.000 0 0
  357  215  361  215 9999 9999
1 3 0  1 0 0 0 21 0.00 1 0.0   357  215    1     1   357  215  215 349
1 3 0  1 0 0 0 21 0.00 1 0.0   361  215    1     1   361  215  215 349
2 1 0     3 0 0 0 0 0.000 0 0
  361  215  363  214 9999 9999
1 3 0  1 0 0 0 21 0.00 1 0.0   361  215    1     1   361  215  215 349
1 3 0  1 0 0 0 21 0.00 1 0.0   363  214    1     1   363  214  214 349
2 1 0     3 0 0 0 0 0.000 0 0
  363  214  366  211 9999 9999
1 3 0  1 0 0 0 21 0.00 1 0.0   363  214    1     1   363  214  214 349
1 3 0  1 0 0 0 21 0.00 1 0.0   366  211    1     1   366  211  211 349
2 1 0     3 0 0 0 0 0.000 0 0
  376  197  376  215 9999 9999
1 3 0  1 0 0 0 21 0.00 1 0.0   376  197    1     1   376  197  197 349
1 3 0  1 0 0 0 21 0.00 1 0.0   376  215    1     1   376  215  215 349
2 1 0     3 0 0 0 0 0.000 0 0
  376  202  380  198 9999 9999
1 3 0  1 0 0 0 21 0.00 1 0.0   376  202    1     1   376  202  202 349
1 3 0  1 0 0 0 21 0.00 1 0.0   380  198    1     1   380  198  198 349
2 1 0     3 0 0 0 0 0.000 0 0
  380  198  383  197 9999 9999
1 3 0  1 0 0 0 21 0.00 1 0.0   380  198    1     1   380  198  198 349
1 3 0  1 0 0 0 21 0.00 1 0.0   383  197    1     1   383  197  197 349
2 1 0     3 0 0 0 0 0.000 0 0
  383  197  387  197 9999 9999
1 3 0  1 0 0 0 21 0.00 1 0.0   383  197    1     1   383  197  197 349
1 3 0  1 0 0 0 21 0.00 1 0.0   387  197    1     1   387  197  197 349
2 1 0     3 0 0 0 0 0.000 0 0
  387  197  390  198 9999 9999
1 3 0  1 0 0 0 21 0.00 1 0.0   387  197    1     1   387  197  197 349
1 3 0  1 0 0 0 21 0.00 1 0.0   390  198    1     1   390  198  198 349
2 1 0     3 0 0 0 0 0.000 0 0
  390  198  391  202 9999 9999
1 3 0  1 0 0 0 21 0.00 1 0.0   390  198    1     1   390  198  198 349
1 3 0  1 0 0 0 21 0.00 1 0.0   391  202    1     1   391  202  202 349
2 1 0     3 0 0 0 0 0.000 0 0
  391  202  391  215 9999 9999
1 3 0  1 0 0 0 21 0.00 1 0.0   391  202    1     1   391  202  202 349
1 3 0  1 0 0 0 21 0.00 1 0.0   391  215    1     1   391  215  215 349
2 1 0     3 0 0 0 0 0.000 0 0
  400  197  408  215 9999 9999
1 3 0  1 0 0 0 21 0.00 1 0.0   400  197    1     1   400  197  197 349
1 3 0  1 0 0 0 21 0.00 1 0.0   408  215    1     1   408  215  215 349
2 1 0     3 0 0 0 0 0.000 0 0
  417  197  408  215 9999 9999
1 3 0  1 0 0 0 21 0.00 1 0.0   417  197    1     1   417  197  197 349
1 3 0  1 0 0 0 21 0.00 1 0.0   408  215    1     1   408  215  215 349
2 1 0     3 0 0 0 0 0.000 0 0
  545  288  542  285 9999 9999
1 3 0  1 0 0 0 21 0.00 1 0.0   545  288    1     1   545  288  288 349
1 3 0  1 0 0 0 21 0.00 1 0.0   542  285    1     1   542  285  285 349
2 1 0     3 0 0 0 0 0.000 0 0
  542  285  539  284 9999 9999
1 3 0  1 0 0 0 21 0.00 1 0.0   542  285    1     1   542  285  285 349
1 3 0  1 0 0 0 21 0.00 1 0.0   539  284    1     1   539  284  284 349
2 1 0     3 0 0 0 0 0.000 0 0
  539  284  535  284 9999 9999
1 3 0  1 0 0 0 21 0.00 1 0.0   539  284    1     1   539  284  284 349
1 3 0  1 0 0 0 21 0.00 1 0.0   535  284    1     1   535  284  284 349
2 1 0     3 0 0 0 0 0.000 0 0
  535  284  532  285 9999 9999
1 3 0  1 0 0 0 21 0.00 1 0.0   535  284    1     1   535  284  284 349
1 3 0  1 0 0 0 21 0.00 1 0.0   532  285    1     1   532  285  285 349
2 1 0     3 0 0 0 0 0.000 0 0
  532  285  529  288 9999 9999
1 3 0  1 0 0 0 21 0.00 1 0.0   532  285    1     1   532  285  285 349
1 3 0  1 0 0 0 21 0.00 1 0.0   529  288    1     1   529  288  288 349
2 1 0     3 0 0 0 0 0.000 0 0
  529  288  528  292 9999 9999
1 3 0  1 0 0 0 21 0.00 1 0.0   529  288    1     1   529  288  288 349
1 3 0  1 0 0 0 21 0.00 1 0.0   528  292    1     1   528  292  292 349
2 1 0     3 0 0 0 0 0.000 0 0
  528  292  528  295 9999 9999
1 3 0  1 0 0 0 21 0.00 1 0.0   528  292    1     1   528  292  292 349
1 3 0  1 0 0 0 21 0.00 1 0.0   528  295    1     1   528  295  295 349
2 1 0     3 0 0 0 0 0.000 0 0
  528  295  529  299 9999 9999
1 3 0  1 0 0 0 21 0.00 1 0.0   528  295    1     1   528  295  295 349
1 3 0  1 0 0 0 21 0.00 1 0.0   529  299    1     1   529  299  299 349
2 1 0     3 0 0 0 0 0.000 0 0
  529  299  532  301 9999 9999
1 3 0  1 0 0 0 21 0.00 1 0.0   529  299    1     1   529  299  299 349
1 3 0  1 0 0 0 21 0.00 1 0.0   532  301    1     1   532  301  301 349
2 1 0     3 0 0 0 0 0.000 0 0
  532  301  535  303 9999 9999
1 3 0  1 0 0 0 21 0.00 1 0.0   532  301    1     1   532  301  301 349
1 3 0  1 0 0 0 21 0.00 1 0.0   535  303    1     1   535  303  303 349
2 1 0     3 0 0 0 0 0.000 0 0
  535  303  539  303 9999 9999
1 3 0  1 0 0 0 21 0.00 1 0.0   535  303    1     1   535  303  303 349
1 3 0  1 0 0 0 21 0.00 1 0.0   539  303    1     1   539  303  303 349
2 1 0     3 0 0 0 0 0.000 0 0
  539  303  542  301 9999 9999
1 3 0  1 0 0 0 21 0.00 1 0.0   539  303    1     1   539  303  303 349
1 3 0  1 0 0 0 21 0.00 1 0.0   542  301    1     1   542  301  301 349
2 1 0     3 0 0 0 0 0.000 0 0
  542  301  545  299 9999 9999
1 3 0  1 0 0 0 21 0.00 1 0.0   542  301    1     1   542  301  301 349
1 3 0  1 0 0 0 21 0.00 1 0.0   545  299    1     1   545  299  299 349
2 1 0     3 0 0 0 0 0.000 0 0
  560  284  557  285 9999 9999
1 3 0  1 0 0 0 21 0.00 1 0.0   560  284    1     1   560  284  284 349
1 3 0  1 0 0 0 21 0.00 1 0.0   557  285    1     1   557  285  285 349
2 1 0     3 0 0 0 0 0.000 0 0
  557  285  554  288 9999 9999
1 3 0  1 0 0 0 21 0.00 1 0.0   557  285    1     1   557  285  285 349
1 3 0  1 0 0 0 21 0.00 1 0.0   554  288    1     1   554  288  288 349
2 1 0     3 0 0 0 0 0.000 0 0
  554  288  553  292 9999 9999
1 3 0  1 0 0 0 21 0.00 1 0.0   554  288    1     1   554  288  288 349
1 3 0  1 0 0 0 21 0.00 1 0.0   553  292    1     1   553  292  292 349
2 1 0     3 0 0 0 0 0.000 0 0
  553  292  553  295 9999 9999
1 3 0  1 0 0 0 21 0.00 1 0.0   553  292    1     1   553  292  292 349
1 3 0  1 0 0 0 21 0.00 1 0.0   553  295    1     1   553  295  295 349
2 1 0     3 0 0 0 0 0.000 0 0
  553  295  554  299 9999 9999
1 3 0  1 0 0 0 21 0.00 1 0.0   553  295    1     1   553  295  295 349
1 3 0  1 0 0 0 21 0.00 1 0.0   554  299    1     1   554  299  299 349
2 1 0     3 0 0 0 0 0.000 0 0
  554  299  557  301 9999 9999
1 3 0  1 0 0 0 21 0.00 1 0.0   554  299    1     1   554  299  299 349
1 3 0  1 0 0 0 21 0.00 1 0.0   557  301    1     1   557  301  301 349
2 1 0     3 0 0 0 0 0.000 0 0
  557  301  560  303 9999 9999
1 3 0  1 0 0 0 21 0.00 1 0.0   557  301    1     1   557  301  301 349
1 3 0  1 0 0 0 21 0.00 1 0.0   560  303    1     1   560  303  303 349
2 1 0     3 0 0 0 0 0.000 0 0
  560  303  564  303 9999 9999
1 3 0  1 0 0 0 21 0.00 1 0.0   560  303    1     1   560  303  303 349
1 3 0  1 0 0 0 21 0.00 1 0.0   564  303    1     1   564  303  303 349
2 1 0     3 0 0 0 0 0.000 0 0
  564  303  567  301 9999 9999
1 3 0  1 0 0 0 21 0.00 1 0.0   564  303    1     1   564  303  303 349
1 3 0  1 0 0 0 21 0.00 1 0.0   567  301    1     1   567  301  301 349
2 1 0     3 0 0 0 0 0.000 0 0
  567  301  570  299 9999 9999
1 3 0  1 0 0 0 21 0.00 1 0.0   567  301    1     1   567  301  301 349
1 3 0  1 0 0 0 21 0.00 1 0.0   570  299    1     1   570  299  299 349
2 1 0     3 0 0 0 0 0.000 0 0
  570  299  571  295 9999 9999
1 3 0  1 0 0 0 21 0.00 1 0.0   570  299    1     1   570  299  299 349
1 3 0  1 0 0 0 21 0.00 1 0.0   571  295    1     1   571  295  295 349
2 1 0     3 0 0 0 0 0.000 0 0
  571  295  571  292 9999 9999
1 3 0  1 0 0 0 21 0.00 1 0.0   571  295    1     1   571  295  295 349
1 3 0  1 0 0 0 21 0.00 1 0.0   571  292    1     1   571  292  292 349
2 1 0     3 0 0 0 0 0.000 0 0
  571  292  570  288 9999 9999
1 3 0  1 0 0 0 21 0.00 1 0.0   571  292    1     1   571  292  292 349
1 3 0  1 0 0 0 21 0.00 1 0.0   570  288    1     1   570  288  288 349
2 1 0     3 0 0 0 0 0.000 0 0
  570  288  567  285 9999 9999
1 3 0  1 0 0 0 21 0.00 1 0.0   570  288    1     1   570  288  288 349
1 3 0  1 0 0 0 21 0.00 1 0.0   567  285    1     1   567  285  285 349
2 1 0     3 0 0 0 0 0.000 0 0
  567  285  564  284 9999 9999
1 3 0  1 0 0 0 21 0.00 1 0.0   567  285    1     1   567  285  285 349
1 3 0  1 0 0 0 21 0.00 1 0.0   564  284    1     1   564  284  284 349
2 1 0     3 0 0 0 0 0.000 0 0
  564  284  560  284 9999 9999
1 3 0  1 0 0 0 21 0.00 1 0.0   564  284    1     1   564  284  284 349
1 3 0  1 0 0 0 21 0.00 1 0.0   560  284    1     1   560  284  284 349
2 1 0     3 0 0 0 0 0.000 0 0
  581  284  581  303 9999 9999
1 3 0  1 0 0 0 21 0.00 1 0.0   581  284    1     1   581  284  284 349
1 3 0  1 0 0 0 21 0.00 1 0.0   581  303    1     1   581  303  303 349
2 1 0     3 0 0 0 0 0.000 0 0
  581  289  585  285 9999 9999
1 3 0  1 0 0 0 21 0.00 1 0.0   581  289    1     1   581  289  289 349
1 3 0  1 0 0 0 21 0.00 1 0.0   585  285    1     1   585  285  285 349
2 1 0     3 0 0 0 0 0.000 0 0
  585  285  588  284 9999 9999
1 3 0  1 0 0 0 21 0.00 1 0.0   585  285    1     1   585  285  285 349
1 3 0  1 0 0 0 21 0.00 1 0.0   588  284    1     1   588  284  284 349
2 1 0     3 0 0 0 0 0.000 0 0
  588  284  592  284 9999 9999
1 3 0  1 0 0 0 21 0.00 1 0.0   588  284    1     1   588  284  284 349
1 3 0  1 0 0 0 21 0.00 1 0.0   592  284    1     1   592  284  284 349
2 1 0     3 0 0 0 0 0.000 0 0
  592  284  595  285 9999 9999
1 3 0  1 0 0 0 21 0.00 1 0.0   592  284    1     1   592  284  284 349
1 3 0  1 0 0 0 21 0.00 1 0.0   595  285    1     1   595  285  285 349
2 1 0     3 0 0 0 0 0.000 0 0
  595  285  596  289 9999 9999
1 3 0  1 0 0 0 21 0.00 1 0.0   595  285    1     1   595  285  285 349
1 3 0  1 0 0 0 21 0.00 1 0.0   596  289    1     1   596  289  289 349
2 1 0     3 0 0 0 0 0.000 0 0
  596  289  596  303 9999 9999
1 3 0  1 0 0 0 21 0.00 1 0.0   596  289    1     1   596  289  289 349
1 3 0  1 0 0 0 21 0.00 1 0.0   596  303    1     1   596  303  303 349
2 1 0     3 0 0 0 0 0.000 0 0
  621  288  620  285 9999 9999
1 3 0  1 0 0 0 21 0.00 1 0.0   621  288    1     1   621  288  288 349
1 3 0  1 0 0 0 21 0.00 1 0.0   620  285    1     1   620  285  285 349
2 1 0     3 0 0 0 0 0.000 0 0
  620  285  616  284 9999 9999
1 3 0  1 0 0 0 21 0.00 1 0.0   620  285    1     1   620  285  285 349
1 3 0  1 0 0 0 21 0.00 1 0.0   616  284    1     1   616  284  284 349
2 1 0     3 0 0 0 0 0.000 0 0
  616  284  612  284 9999 9999
1 3 0  1 0 0 0 21 0.00 1 0.0   616  284    1     1   616  284  284 349
1 3 0  1 0 0 0 21 0.00 1 0.0   612  284    1     1   612  284  284 349
2 1 0     3 0 0 0 0 0.000 0 0
  612  284  607  285 9999 9999
1 3 0  1 0 0 0 21 0.00 1 0.0   612  284    1     1   612  284  284 349
1 3 0  1 0 0 0 21 0.00 1 0.0   607  285    1     1   607  285  285 349
2 1 0     3 0 0 0 0 0.000 0 0
  607  285  606  288 9999 9999
1 3 0  1 0 0 0 21 0.00 1 0.0   607  285    1     1   607  285  285 349
1 3 0  1 0 0 0 21 0.00 1 0.0   606  288    1     1   606  288  288 349
2 1 0     3 0 0 0 0 0.000 0 0
  606  288  607  291 9999 9999
1 3 0  1 0 0 0 21 0.00 1 0.0   606  288    1     1   606  288  288 349
1 3 0  1 0 0 0 21 0.00 1 0.0   607  291    1     1   607  291  291 349
2 1 0     3 0 0 0 0 0.000 0 0
  607  291  610  292 9999 9999
1 3 0  1 0 0 0 21 0.00 1 0.0   607  291    1     1   607  291  291 349
1 3 0  1 0 0 0 21 0.00 1 0.0   610  292    1     1   610  292  292 349
2 1 0     3 0 0 0 0 0.000 0 0
  610  292  617  293 9999 9999
1 3 0  1 0 0 0 21 0.00 1 0.0   610  292    1     1   610  292  292 349
1 3 0  1 0 0 0 21 0.00 1 0.0   617  293    1     1   617  293  293 349
2 1 0     3 0 0 0 0 0.000 0 0
  617  293  620  295 9999 9999
1 3 0  1 0 0 0 21 0.00 1 0.0   617  293    1     1   617  293  293 349
1 3 0  1 0 0 0 21 0.00 1 0.0   620  295    1     1   620  295  295 349
2 1 0     3 0 0 0 0 0.000 0 0
  620  295  621  297 9999 9999
1 3 0  1 0 0 0 21 0.00 1 0.0   620  295    1     1   620  295  295 349
1 3 0  1 0 0 0 21 0.00 1 0.0   621  297    1     1   621  297  297 349
2 1 0     3 0 0 0 0 0.000 0 0
  621  297  621  299 9999 9999
1 3 0  1 0 0 0 21 0.00 1 0.0   621  297    1     1   621  297  297 349
1 3 0  1 0 0 0 21 0.00 1 0.0   621  299    1     1   621  299  299 349
2 1 0     3 0 0 0 0 0.000 0 0
  621  299  620  301 9999 9999
1 3 0  1 0 0 0 21 0.00 1 0.0   621  299    1     1   621  299  299 349
1 3 0  1 0 0 0 21 0.00 1 0.0   620  301    1     1   620  301  301 349
2 1 0     3 0 0 0 0 0.000 0 0
  620  301  616  303 9999 9999
1 3 0  1 0 0 0 21 0.00 1 0.0   620  301    1     1   620  301  301 349
1 3 0  1 0 0 0 21 0.00 1 0.0   616  303    1     1   616  303  303 349
2 1 0     3 0 0 0 0 0.000 0 0
  616  303  612  303 9999 9999
1 3 0  1 0 0 0 21 0.00 1 0.0   616  303    1     1   616  303  303 349
1 3 0  1 0 0 0 21 0.00 1 0.0   612  303    1     1   612  303  303 349
2 1 0     3 0 0 0 0 0.000 0 0
  612  303  607  301 9999 9999
1 3 0  1 0 0 0 21 0.00 1 0.0   612  303    1     1   612  303  303 349
1 3 0  1 0 0 0 21 0.00 1 0.0   607  301    1     1   607  301  301 349
2 1 0     3 0 0 0 0 0.000 0 0
  607  301  606  299 9999 9999
1 3 0  1 0 0 0 21 0.00 1 0.0   607  301    1     1   607  301  301 349
1 3 0  1 0 0 0 21 0.00 1 0.0   606  299    1     1   606  299  299 349
2 1 0     3 0 0 0 0 0.000 0 0
  638  275  627  303 9999 9999
1 3 0  1 0 0 0 21 0.00 1 0.0   638  275    1     1   638  275  275 349
1 3 0  1 0 0 0 21 0.00 1 0.0   627  303    1     1   627  303  303 349
2 1 0     3 0 0 0 0 0.000 0 0
  638  275  649  303 9999 9999
1 3 0  1 0 0 0 21 0.00 1 0.0   638  275    1     1   638  275  275 349
1 3 0  1 0 0 0 21 0.00 1 0.0   649  303    1     1   649  303  303 349
2 1 0     3 0 0 0 0 0.000 0 0
  631  293  645  293 9999 9999
1 3 0  1 0 0 0 21 0.00 1 0.0   631  293    1     1   631  293  293 349
1 3 0  1 0 0 0 21 0.00 1 0.0   645  293    1     1   645  293  293 349
2 1 0     3 0 0 0 0 0.000 0 0
  655  292  672  292 9999 9999
1 3 0  1 0 0 0 21 0.00 1 0.0   655  292    1     1   655  292  292 349
1 3 0  1 0 0 0 21 0.00 1 0.0   672  292    1     1   672  292  292 349
2 1 0     3 0 0 0 0 0.000 0 0
  672  292  672  289 9999 9999
1 3 0  1 0 0 0 21 0.00 1 0.0   672  292    1     1   672  292  292 349
1 3 0  1 0 0 0 21 0.00 1 0.0   672  289    1     1   672  289  289 349
2 1 0     3 0 0 0 0 0.000 0 0
  672  289  670  287 9999 9999
1 3 0  1 0 0 0 21 0.00 1 0.0   672  289    1     1   672  289  289 349
1 3 0  1 0 0 0 21 0.00 1 0.0   670  287    1     1   670  287  287 349
2 1 0     3 0 0 0 0 0.000 0 0
  670  287  669  285 9999 9999
1 3 0  1 0 0 0 21 0.00 1 0.0   670  287    1     1   670  287  287 349
1 3 0  1 0 0 0 21 0.00 1 0.0   669  285    1     1   669  285  285 349
2 1 0     3 0 0 0 0 0.000 0 0
  669  285  666  284 9999 9999
1 3 0  1 0 0 0 21 0.00 1 0.0   669  285    1     1   669  285  285 349
1 3 0  1 0 0 0 21 0.00 1 0.0   666  284    1     1   666  284  284 349
2 1 0     3 0 0 0 0 0.000 0 0
  666  284  662  284 9999 9999
1 3 0  1 0 0 0 21 0.00 1 0.0   666  284    1     1   666  284  284 349
1 3 0  1 0 0 0 21 0.00 1 0.0   662  284    1     1   662  284  284 349
2 1 0     3 0 0 0 0 0.000 0 0
  662  284  659  285 9999 9999
1 3 0  1 0 0 0 21 0.00 1 0.0   662  284    1     1   662  284  284 349
1 3 0  1 0 0 0 21 0.00 1 0.0   659  285    1     1   659  285  285 349
2 1 0     3 0 0 0 0 0.000 0 0
  659  285  656  288 9999 9999
1 3 0  1 0 0 0 21 0.00 1 0.0   659  285    1     1   659  285  285 349
1 3 0  1 0 0 0 21 0.00 1 0.0   656  288    1     1   656  288  288 349
2 1 0     3 0 0 0 0 0.000 0 0
  656  288  655  292 9999 9999
1 3 0  1 0 0 0 21 0.00 1 0.0   656  288    1     1   656  288  288 349
1 3 0  1 0 0 0 21 0.00 1 0.0   655  292    1     1   655  292  292 349
2 1 0     3 0 0 0 0 0.000 0 0
  655  292  655  295 9999 9999
1 3 0  1 0 0 0 21 0.00 1 0.0   655  292    1     1   655  292  292 349
1 3 0  1 0 0 0 21 0.00 1 0.0   655  295    1     1   655  295  295 349
2 1 0     3 0 0 0 0 0.000 0 0
  655  295  656  299 9999 9999
1 3 0  1 0 0 0 21 0.00 1 0.0   655  295    1     1   655  295  295 349
1 3 0  1 0 0 0 21 0.00 1 0.0   656  299    1     1   656  299  299 349
2 1 0     3 0 0 0 0 0.000 0 0
  656  299  659  301 9999 9999
1 3 0  1 0 0 0 21 0.00 1 0.0   656  299    1     1   656  299  299 349
1 3 0  1 0 0 0 21 0.00 1 0.0   659  301    1     1   659  301  301 349
2 1 0     3 0 0 0 0 0.000 0 0
  659  301  662  303 9999 9999
1 3 0  1 0 0 0 21 0.00 1 0.0   659  301    1     1   659  301  301 349
1 3 0  1 0 0 0 21 0.00 1 0.0   662  303    1     1   662  303  303 349
2 1 0     3 0 0 0 0 0.000 0 0
  662  303  666  303 9999 9999
1 3 0  1 0 0 0 21 0.00 1 0.0   662  303    1     1   662  303  303 349
1 3 0  1 0 0 0 21 0.00 1 0.0   666  303    1     1   666  303  303 349
2 1 0     3 0 0 0 0 0.000 0 0
  666  303  669  301 9999 9999
1 3 0  1 0 0 0 21 0.00 1 0.0   666  303    1     1   666  303  303 349
1 3 0  1 0 0 0 21 0.00 1 0.0   669  301    1     1   669  301  301 349
2 1 0     3 0 0 0 0 0.000 0 0
  669  301  672  299 9999 9999
1 3 0  1 0 0 0 21 0.00 1 0.0   669  301    1     1   669  301  301 349
1 3 0  1 0 0 0 21 0.00 1 0.0   672  299    1     1   672  299  299 349
2 1 0     3 0 0 0 0 0.000 0 0
  681  284  681  303 9999 9999
1 3 0  1 0 0 0 21 0.00 1 0.0   681  284    1     1   681  284  284 349
1 3 0  1 0 0 0 21 0.00 1 0.0   681  303    1     1   681  303  303 349
2 1 0     3 0 0 0 0 0.000 0 0
  681  289  686  285 9999 9999
1 3 0  1 0 0 0 21 0.00 1 0.0   681  289    1     1   681  289  289 349
1 3 0  1 0 0 0 21 0.00 1 0.0   686  285    1     1   686  285  285 349
2 1 0     3 0 0 0 0 0.000 0 0
  686  285  688  284 9999 9999
1 3 0  1 0 0 0 21 0.00 1 0.0   686  285    1     1   686  285  285 349
1 3 0  1 0 0 0 21 0.00 1 0.0   688  284    1     1   688  284  284 349
2 1 0     3 0 0 0 0 0.000 0 0
  688  284  693  284 9999 9999
1 3 0  1 0 0 0 21 0.00 1 0.0   688  284    1     1   688  284  284 349
1 3 0  1 0 0 0 21 0.00 1 0.0   693  284    1     1   693  284  284 349
2 1 0     3 0 0 0 0 0.000 0 0
  693  284  695  285 9999 9999
1 3 0  1 0 0 0 21 0.00 1 0.0   693  284    1     1   693  284  284 349
1 3 0  1 0 0 0 21 0.00 1 0.0   695  285    1     1   695  285  285 349
2 1 0     3 0 0 0 0 0.000 0 0
  695  285  697  289 9999 9999
1 3 0  1 0 0 0 21 0.00 1 0.0   695  285    1     1   695  285  285 349
1 3 0  1 0 0 0 21 0.00 1 0.0   697  289    1     1   697  289  289 349
2 1 0     3 0 0 0 0 0.000 0 0
  697  289  697  303 9999 9999
1 3 0  1 0 0 0 21 0.00 1 0.0   697  289    1     1   697  289  289 349
1 3 0  1 0 0 0 21 0.00 1 0.0   697  303    1     1   697  303  303 349
2 1 0     3 0 0 0 0 0.000 0 0
  705  284  713  303 9999 9999
1 3 0  1 0 0 0 21 0.00 1 0.0   705  284    1     1   705  284  284 349
1 3 0  1 0 0 0 21 0.00 1 0.0   713  303    1     1   713  303  303 349
2 1 0     3 0 0 0 0 0.000 0 0
  722  284  713  303 9999 9999
1 3 0  1 0 0 0 21 0.00 1 0.0   722  284    1     1   722  284  284 349
1 3 0  1 0 0 0 21 0.00 1 0.0   713  303    1     1   713  303  303 349
2 1 0     3 0 0 0 0 0.000 0 0
  219  387  218  385 9999 9999
1 3 0  1 0 0 0 21 0.00 1 0.0   219  387    1     1   219  387  387 349
1 3 0  1 0 0 0 21 0.00 1 0.0   218  385    1     1   218  385  385 349
2 1 0     3 0 0 0 0 0.000 0 0
  218  385  215  382 9999 9999
1 3 0  1 0 0 0 21 0.00 1 0.0   218  385    1     1   218  385  385 349
1 3 0  1 0 0 0 21 0.00 1 0.0   215  382    1     1   215  382  382 349
2 1 0     3 0 0 0 0 0.000 0 0
  215  382  212  381 9999 9999
1 3 0  1 0 0 0 21 0.00 1 0.0   215  382    1     1   215  382  382 349
1 3 0  1 0 0 0 21 0.00 1 0.0   212  381    1     1   212  381  381 349
2 1 0     3 0 0 0 0 0.000 0 0
  212  381  206  381 9999 9999
1 3 0  1 0 0 0 21 0.00 1 0.0   212  381    1     1   212  381  381 349
1 3 0  1 0 0 0 21 0.00 1 0.0   206  381    1     1   206  381  381 349
2 1 0     3 0 0 0 0 0.000 0 0
  206  381  204  382 9999 9999
1 3 0  1 0 0 0 21 0.00 1 0.0   206  381    1     1   206  381  381 349
1 3 0  1 0 0 0 21 0.00 1 0.0   204  382    1     1   204  382  382 349
2 1 0     3 0 0 0 0 0.000 0 0
  204  382  201  385 9999 9999
1 3 0  1 0 0 0 21 0.00 1 0.0   204  382    1     1   204  382  382 349
1 3 0  1 0 0 0 21 0.00 1 0.0   201  385    1     1   201  385  385 349
2 1 0     3 0 0 0 0 0.000 0 0
  201  385  200  387 9999 9999
1 3 0  1 0 0 0 21 0.00 1 0.0   201  385    1     1   201  385  385 349
1 3 0  1 0 0 0 21 0.00 1 0.0   200  387    1     1   200  387  387 349
2 1 0     3 0 0 0 0 0.000 0 0
  200  387  198  391 9999 9999
1 3 0  1 0 0 0 21 0.00 1 0.0   200  387    1     1   200  387  387 349
1 3 0  1 0 0 0 21 0.00 1 0.0   198  391    1     1   198  391  391 349
2 1 0     3 0 0 0 0 0.000 0 0
  198  391  198  398 9999 9999
1 3 0  1 0 0 0 21 0.00 1 0.0   198  391    1     1   198  391  391 349
1 3 0  1 0 0 0 21 0.00 1 0.0   198  398    1     1   198  398  398 349
2 1 0     3 0 0 0 0 0.000 0 0
  198  398  200  402 9999 9999
1 3 0  1 0 0 0 21 0.00 1 0.0   198  398    1     1   198  398  398 349
1 3 0  1 0 0 0 21 0.00 1 0.0   200  402    1     1   200  402  402 349
2 1 0     3 0 0 0 0 0.000 0 0
  200  402  201  405 9999 9999
1 3 0  1 0 0 0 21 0.00 1 0.0   200  402    1     1   200  402  402 349
1 3 0  1 0 0 0 21 0.00 1 0.0   201  405    1     1   201  405  405 349
2 1 0     3 0 0 0 0 0.000 0 0
  201  405  204  407 9999 9999
1 3 0  1 0 0 0 21 0.00 1 0.0   201  405    1     1   201  405  405 349
1 3 0  1 0 0 0 21 0.00 1 0.0   204  407    1     1   204  407  407 349
2 1 0     3 0 0 0 0 0.000 0 0
  204  407  206  409 9999 9999
1 3 0  1 0 0 0 21 0.00 1 0.0   204  407    1     1   204  407  407 349
1 3 0  1 0 0 0 21 0.00 1 0.0   206  409    1     1   206  409  409 349
2 1 0     3 0 0 0 0 0.000 0 0
  206  409  212  409 9999 9999
1 3 0  1 0 0 0 21 0.00 1 0.0   206  409    1     1   206  409  409 349
1 3 0  1 0 0 0 21 0.00 1 0.0   212  409    1     1   212  409  409 349
2 1 0     3 0 0 0 0 0.000 0 0
  212  409  215  407 9999 9999
1 3 0  1 0 0 0 21 0.00 1 0.0   212  409    1     1   212  409  409 349
1 3 0  1 0 0 0 21 0.00 1 0.0   215  407    1     1   215  407  407 349
2 1 0     3 0 0 0 0 0.000 0 0
  215  407  218  405 9999 9999
1 3 0  1 0 0 0 21 0.00 1 0.0   215  407    1     1   215  407  407 349
1 3 0  1 0 0 0 21 0.00 1 0.0   218  405    1     1   218  405  405 349
2 1 0     3 0 0 0 0 0.000 0 0
  218  405  219  402 9999 9999
1 3 0  1 0 0 0 21 0.00 1 0.0   218  405    1     1   218  405  405 349
1 3 0  1 0 0 0 21 0.00 1 0.0   219  402    1     1   219  402  402 349
2 1 0     3 0 0 0 0 0.000 0 0
  236  381  225  409 9999 9999
1 3 0  1 0 0 0 21 0.00 1 0.0   236  381    1     1   236  381  381 349
1 3 0  1 0 0 0 21 0.00 1 0.0   225  409    1     1   225  409  409 349
2 1 0     3 0 0 0 0 0.000 0 0
  236  381  247  409 9999 9999
1 3 0  1 0 0 0 21 0.00 1 0.0   236  381    1     1   236  381  381 349
1 3 0  1 0 0 0 21 0.00 1 0.0   247  409    1     1   247  409  409 349
2 1 0     3 0 0 0 0 0.000 0 0
  229  399  243  399 9999 9999
1 3 0  1 0 0 0 21 0.00 1 0.0   229  399    1     1   229  399  399 349
1 3 0  1 0 0 0 21 0.00 1 0.0   243  399    1     1   243  399  399 349
2 1 0     3 0 0 0 0 0.000 0 0
  254  381  254  409 9999 9999
1 3 0  1 0 0 0 21 0.00 1 0.0   254  381    1     1   254  381  381 349
1 3 0  1 0 0 0 21 0.00 1 0.0   254  409    1     1   254  409  409 349
2 1 0     3 0 0 0 0 0.000 0 0
  254  381  267  381 9999 9999
1 3 0  1 0 0 0 21 0.00 1 0.0   254  381    1     1   254  381  381 349
1 3 0  1 0 0 0 21 0.00 1 0.0   267  381    1     1   267  381  381 349
2 1 0     3 0 0 0 0 0.000 0 0
  267  381  271  382 9999 9999
1 3 0  1 0 0 0 21 0.00 1 0.0   267  381    1     1   267  381  381 349
1 3 0  1 0 0 0 21 0.00 1 0.0   271  382    1     1   271  382  382 349
2 1 0     3 0 0 0 0 0.000 0 0
  271  382  272  383 9999 9999
1 3 0  1 0 0 0 21 0.00 1 0.0   271  382    1     1   271  382  382 349
1 3 0  1 0 0 0 21 0.00 1 0.0   272  383    1     1   272  383  383 349
2 1 0     3 0 0 0 0 0.000 0 0
  272  383  273  386 9999 9999
1 3 0  1 0 0 0 21 0.00 1 0.0   272  383    1     1   272  383  383 349
1 3 0  1 0 0 0 21 0.00 1 0.0   273  386    1     1   273  386  386 349
2 1 0     3 0 0 0 0 0.000 0 0
  273  386  273  389 9999 9999
1 3 0  1 0 0 0 21 0.00 1 0.0   273  386    1     1   273  386  386 349
1 3 0  1 0 0 0 21 0.00 1 0.0   273  389    1     1   273  389  389 349
2 1 0     3 0 0 0 0 0.000 0 0
  273  389  272  391 9999 9999
1 3 0  1 0 0 0 21 0.00 1 0.0   273  389    1     1   273  389  389 349
1 3 0  1 0 0 0 21 0.00 1 0.0   272  391    1     1   272  391  391 349
2 1 0     3 0 0 0 0 0.000 0 0
  272  391  271  393 9999 9999
1 3 0  1 0 0 0 21 0.00 1 0.0   272  391    1     1   272  391  391 349
1 3 0  1 0 0 0 21 0.00 1 0.0   271  393    1     1   271  393  393 349
2 1 0     3 0 0 0 0 0.000 0 0
  271  393  267  394 9999 9999
1 3 0  1 0 0 0 21 0.00 1 0.0   271  393    1     1   271  393  393 349
1 3 0  1 0 0 0 21 0.00 1 0.0   267  394    1     1   267  394  394 349
2 1 0     3 0 0 0 0 0.000 0 0
  267  394  254  394 9999 9999
1 3 0  1 0 0 0 21 0.00 1 0.0   267  394    1     1   267  394  394 349
1 3 0  1 0 0 0 21 0.00 1 0.0   254  394    1     1   254  394  394 349
2 1 0     3 0 0 0 0 0.000 0 0
  264  394  273  409 9999 9999
1 3 0  1 0 0 0 21 0.00 1 0.0   264  394    1     1   264  394  394 349
1 3 0  1 0 0 0 21 0.00 1 0.0   273  409    1     1   273  409  409 349
2 1 0     3 0 0 0 0 0.000 0 0
  296  381  282  399 9999 9999
1 3 0  1 0 0 0 21 0.00 1 0.0   296  381    1     1   296  381  381 349
1 3 0  1 0 0 0 21 0.00 1 0.0   282  399    1     1   282  399  399 349
2 1 0     3 0 0 0 0 0.000 0 0
  282  399  303  399 9999 9999
1 3 0  1 0 0 0 21 0.00 1 0.0   282  399    1     1   282  399  399 349
1 3 0  1 0 0 0 21 0.00 1 0.0   303  399    1     1   303  399  399 349
2 1 0     3 0 0 0 0 0.000 0 0
  296  381  296  409 9999 9999
1 3 0  1 0 0 0 21 0.00 1 0.0   296  381    1     1   296  381  381 349
1 3 0  1 0 0 0 21 0.00 1 0.0   296  409    1     1   296  409  409 349
2 1 0     3 0 0 0 0 0.000 0 0
  318  381  314  382 9999 9999
1 3 0  1 0 0 0 21 0.00 1 0.0   318  381    1     1   318  381  381 349
1 3 0  1 0 0 0 21 0.00 1 0.0   314  382    1     1   314  382  382 349
2 1 0     3 0 0 0 0 0.000 0 0
  314  382  311  386 9999 9999
1 3 0  1 0 0 0 21 0.00 1 0.0   314  382    1     1   314  382  382 349
1 3 0  1 0 0 0 21 0.00 1 0.0   311  386    1     1   311  386  386 349
2 1 0     3 0 0 0 0 0.000 0 0
  311  386  310  393 9999 9999
1 3 0  1 0 0 0 21 0.00 1 0.0   311  386    1     1   311  386  386 349
1 3 0  1 0 0 0 21 0.00 1 0.0   310  393    1     1   310  393  393 349
2 1 0     3 0 0 0 0 0.000 0 0
  310  393  310  397 9999 9999
1 3 0  1 0 0 0 21 0.00 1 0.0   310  393    1     1   310  393  393 349
1 3 0  1 0 0 0 21 0.00 1 0.0   310  397    1     1   310  397  397 349
2 1 0     3 0 0 0 0 0.000 0 0
  310  397  311  403 9999 9999
1 3 0  1 0 0 0 21 0.00 1 0.0   310  397    1     1   310  397  397 349
1 3 0  1 0 0 0 21 0.00 1 0.0   311  403    1     1   311  403  403 349
2 1 0     3 0 0 0 0 0.000 0 0
  311  403  314  407 9999 9999
1 3 0  1 0 0 0 21 0.00 1 0.0   311  403    1     1   311  403  403 349
1 3 0  1 0 0 0 21 0.00 1 0.0   314  407    1     1   314  407  407 349
2 1 0     3 0 0 0 0 0.000 0 0
  314  407  318  409 9999 9999
1 3 0  1 0 0 0 21 0.00 1 0.0   314  407    1     1   314  407  407 349
1 3 0  1 0 0 0 21 0.00 1 0.0   318  409    1     1   318  409  409 349
2 1 0     3 0 0 0 0 0.000 0 0
  318  409  321  409 9999 9999
1 3 0  1 0 0 0 21 0.00 1 0.0   318  409    1     1   318  409  409 349
1 3 0  1 0 0 0 21 0.00 1 0.0   321  409    1     1   321  409  409 349
2 1 0     3 0 0 0 0 0.000 0 0
  321  409  325  407 9999 9999
1 3 0  1 0 0 0 21 0.00 1 0.0   321  409    1     1   321  409  409 349
1 3 0  1 0 0 0 21 0.00 1 0.0   325  407    1     1   325  407  407 349
2 1 0     3 0 0 0 0 0.000 0 0
  325  407  328  403 9999 9999
1 3 0  1 0 0 0 21 0.00 1 0.0   325  407    1     1   325  407  407 349
1 3 0  1 0 0 0 21 0.00 1 0.0   328  403    1     1   328  403  403 349
2 1 0     3 0 0 0 0 0.000 0 0
  328  403  329  397 9999 9999
1 3 0  1 0 0 0 21 0.00 1 0.0   328  403    1     1   328  403  403 349
1 3 0  1 0 0 0 21 0.00 1 0.0   329  397    1     1   329  397  397 349
2 1 0     3 0 0 0 0 0.000 0 0
  329  397  329  393 9999 9999
1 3 0  1 0 0 0 21 0.00 1 0.0   329  397    1     1   329  397  397 349
1 3 0  1 0 0 0 21 0.00 1 0.0   329  393    1     1   329  393  393 349
2 1 0     3 0 0 0 0 0.000 0 0
  329  393  328  386 9999 9999
1 3 0  1 0 0 0 21 0.00 1 0.0   329  393    1     1   329  393  393 349
1 3 0  1 0 0 0 21 0.00 1 0.0   328  386    1     1   328  386  386 349
2 1 0     3 0 0 0 0 0.000 0 0
  328  386  325  382 9999 9999
1 3 0  1 0 0 0 21 0.00 1 0.0   328  386    1     1   328  386  386 349
1 3 0  1 0 0 0 21 0.00 1 0.0   325  382    1     1   325  382  382 349
2 1 0     3 0 0 0 0 0.000 0 0
  325  382  321  381 9999 9999
1 3 0  1 0 0 0 21 0.00 1 0.0   325  382    1     1   325  382  382 349
1 3 0  1 0 0 0 21 0.00 1 0.0   321  381    1     1   321  381  381 349
2 1 0     3 0 0 0 0 0.000 0 0
  321  381  318  381 9999 9999
1 3 0  1 0 0 0 21 0.00 1 0.0   321  381    1     1   321  381  381 349
1 3 0  1 0 0 0 21 0.00 1 0.0   318  381    1     1   318  381  381 349
2 1 0     3 0 0 0 0 0.000 0 0
  345  381  341  382 9999 9999
1 3 0  1 0 0 0 21 0.00 1 0.0   345  381    1     1   345  381  381 349
1 3 0  1 0 0 0 21 0.00 1 0.0   341  382    1     1   341  382  382 349
2 1 0     3 0 0 0 0 0.000 0 0
  341  382  339  385 9999 9999
1 3 0  1 0 0 0 21 0.00 1 0.0   341  382    1     1   341  382  382 349
1 3 0  1 0 0 0 21 0.00 1 0.0   339  385    1     1   339  385  385 349
2 1 0     3 0 0 0 0 0.000 0 0
  339  385  339  387 9999 9999
1 3 0  1 0 0 0 21 0.00 1 0.0   339  385    1     1   339  385  385 349
1 3 0  1 0 0 0 21 0.00 1 0.0   339  387    1     1   339  387  387 349
2 1 0     3 0 0 0 0 0.000 0 0
  339  387  341  390 9999 9999
1 3 0  1 0 0 0 21 0.00 1 0.0   339  387    1     1   339  387  387 349
1 3 0  1 0 0 0 21 0.00 1 0.0   341  390    1     1   341  390  390 349
2 1 0     3 0 0 0 0 0.000 0 0
  341  390  343  391 9999 9999
1 3 0  1 0 0 0 21 0.00 1 0.0   341  390    1     1   341  390  390 349
1 3 0  1 0 0 0 21 0.00 1 0.0   343  391    1     1   343  391  391 349
2 1 0     3 0 0 0 0 0.000 0 0
  343  391  349  393 9999 9999
1 3 0  1 0 0 0 21 0.00 1 0.0   343  391    1     1   343  391  391 349
1 3 0  1 0 0 0 21 0.00 1 0.0   349  393    1     1   349  393  393 349
2 1 0     3 0 0 0 0 0.000 0 0
  349  393  353  394 9999 9999
1 3 0  1 0 0 0 21 0.00 1 0.0   349  393    1     1   349  393  393 349
1 3 0  1 0 0 0 21 0.00 1 0.0   353  394    1     1   353  394  394 349
2 1 0     3 0 0 0 0 0.000 0 0
  353  394  356  397 9999 9999
1 3 0  1 0 0 0 21 0.00 1 0.0   353  394    1     1   353  394  394 349
1 3 0  1 0 0 0 21 0.00 1 0.0   356  397    1     1   356  397  397 349
2 1 0     3 0 0 0 0 0.000 0 0
  356  397  357  399 9999 9999
1 3 0  1 0 0 0 21 0.00 1 0.0   356  397    1     1   356  397  397 349
1 3 0  1 0 0 0 21 0.00 1 0.0   357  399    1     1   357  399  399 349
2 1 0     3 0 0 0 0 0.000 0 0
  357  399  357  403 9999 9999
1 3 0  1 0 0 0 21 0.00 1 0.0   357  399    1     1   357  399  399 349
1 3 0  1 0 0 0 21 0.00 1 0.0   357  403    1     1   357  403  403 349
2 1 0     3 0 0 0 0 0.000 0 0
  357  403  356  406 9999 9999
1 3 0  1 0 0 0 21 0.00 1 0.0   357  403    1     1   357  403  403 349
1 3 0  1 0 0 0 21 0.00 1 0.0   356  406    1     1   356  406  406 349
2 1 0     3 0 0 0 0 0.000 0 0
  356  406  354  407 9999 9999
1 3 0  1 0 0 0 21 0.00 1 0.0   356  406    1     1   356  406  406 349
1 3 0  1 0 0 0 21 0.00 1 0.0   354  407    1     1   354  407  407 349
2 1 0     3 0 0 0 0 0.000 0 0
  354  407  350  409 9999 9999
1 3 0  1 0 0 0 21 0.00 1 0.0   354  407    1     1   354  407  407 349
1 3 0  1 0 0 0 21 0.00 1 0.0   350  409    1     1   350  409  409 349
2 1 0     3 0 0 0 0 0.000 0 0
  350  409  345  409 9999 9999
1 3 0  1 0 0 0 21 0.00 1 0.0   350  409    1     1   350  409  409 349
1 3 0  1 0 0 0 21 0.00 1 0.0   345  409    1     1   345  409  409 349
2 1 0     3 0 0 0 0 0.000 0 0
  345  409  341  407 9999 9999
1 3 0  1 0 0 0 21 0.00 1 0.0   345  409    1     1   345  409  409 349
1 3 0  1 0 0 0 21 0.00 1 0.0   341  407    1     1   341  407  407 349
2 1 0     3 0 0 0 0 0.000 0 0
  341  407  339  406 9999 9999
1 3 0  1 0 0 0 21 0.00 1 0.0   341  407    1     1   341  407  407 349
1 3 0  1 0 0 0 21 0.00 1 0.0   339  406    1     1   339  406  406 349
2 1 0     3 0 0 0 0 0.000 0 0
  339  406  338  403 9999 9999
1 3 0  1 0 0 0 21 0.00 1 0.0   339  406    1     1   339  406  406 349
1 3 0  1 0 0 0 21 0.00 1 0.0   338  403    1     1   338  403  403 349
2 1 0     3 0 0 0 0 0.000 0 0
  338  403  338  399 9999 9999
1 3 0  1 0 0 0 21 0.00 1 0.0   338  403    1     1   338  403  403 349
1 3 0  1 0 0 0 21 0.00 1 0.0   338  399    1     1   338  399  399 349
2 1 0     3 0 0 0 0 0.000 0 0
  338  399  339  397 9999 9999
1 3 0  1 0 0 0 21 0.00 1 0.0   338  399    1     1   338  399  399 349
1 3 0  1 0 0 0 21 0.00 1 0.0   339  397    1     1   339  397  397 349
2 1 0     3 0 0 0 0 0.000 0 0
  339  397  342  394 9999 9999
1 3 0  1 0 0 0 21 0.00 1 0.0   339  397    1     1   339  397  397 349
1 3 0  1 0 0 0 21 0.00 1 0.0   342  394    1     1   342  394  394 349
2 1 0     3 0 0 0 0 0.000 0 0
  342  394  346  393 9999 9999
1 3 0  1 0 0 0 21 0.00 1 0.0   342  394    1     1   342  394  394 349
1 3 0  1 0 0 0 21 0.00 1 0.0   346  393    1     1   346  393  393 349
2 1 0     3 0 0 0 0 0.000 0 0
  346  393  352  391 9999 9999
1 3 0  1 0 0 0 21 0.00 1 0.0   346  393    1     1   346  393  393 349
1 3 0  1 0 0 0 21 0.00 1 0.0   352  391    1     1   352  391  391 349
2 1 0     3 0 0 0 0 0.000 0 0
  352  391  354  390 9999 9999
1 3 0  1 0 0 0 21 0.00 1 0.0   352  391    1     1   352  391  391 349
1 3 0  1 0 0 0 21 0.00 1 0.0   354  390    1     1   354  390  390 349
2 1 0     3 0 0 0 0 0.000 0 0
  354  390  356  387 9999 9999
1 3 0  1 0 0 0 21 0.00 1 0.0   354  390    1     1   354  390  390 349
1 3 0  1 0 0 0 21 0.00 1 0.0   356  387    1     1   356  387  387 349
2 1 0     3 0 0 0 0 0.000 0 0
  356  387  356  385 9999 9999
1 3 0  1 0 0 0 21 0.00 1 0.0   356  387    1     1   356  387  387 349
1 3 0  1 0 0 0 21 0.00 1 0.0   356  385    1     1   356  385  385 349
2 1 0     3 0 0 0 0 0.000 0 0
  356  385  354  382 9999 9999
1 3 0  1 0 0 0 21 0.00 1 0.0   356  385    1     1   356  385  385 349
1 3 0  1 0 0 0 21 0.00 1 0.0   354  382    1     1   354  382  382 349
2 1 0     3 0 0 0 0 0.000 0 0
  354  382  350  381 9999 9999
1 3 0  1 0 0 0 21 0.00 1 0.0   354  382    1     1   354  382  382 349
1 3 0  1 0 0 0 21 0.00 1 0.0   350  381    1     1   350  381  381 349
2 1 0     3 0 0 0 0 0.000 0 0
  350  381  345  381 9999 9999
1 3 0  1 0 0 0 21 0.00 1 0.0   350  381    1     1   350  381  381 349
1 3 0  1 0 0 0 21 0.00 1 0.0   345  381    1     1   345  381  381 349
2 1 0     3 0 0 0 0 0.000 0 0
  370  386  373  385 9999 9999
1 3 0  1 0 0 0 21 0.00 1 0.0   370  386    1     1   370  386  386 349
1 3 0  1 0 0 0 21 0.00 1 0.0   373  385    1     1   373  385  385 349
2 1 0     3 0 0 0 0 0.000 0 0
  373  385  377  381 9999 9999
1 3 0  1 0 0 0 21 0.00 1 0.0   373  385    1     1   373  385  385 349
1 3 0  1 0 0 0 21 0.00 1 0.0   377  381    1     1   377  381  381 349
2 1 0     3 0 0 0 0 0.000 0 0
  377  381  377  409 9999 9999
1 3 0  1 0 0 0 21 0.00 1 0.0   377  381    1     1   377  381  381 349
1 3 0  1 0 0 0 21 0.00 1 0.0   377  409    1     1   377  409  409 349
