-452.693
-445.607
-445.607
-445.607
-445.607
-445.607
-445.607
-444.946
-445.631
-445.631
-445.631
-445.631
-445.631
-445.631
-445.631
-445.631
-451.044
-451.044
-451.044
-451.044
-451.044
-445.607
-451.339
-451.339
-452.339
-452.359
-452.359
-452.359
-452.359
-451.359
-451.359
-451.359
-451.359
-451.359
-451.359
-452.191
-452.191
-452.191
-453.191
-453.191
-453.191
-453.191
-453.191
-452.191
-452.191
-452.191
-452.191
-451.531
-451.531
-451.531
-451.531
-451.531
-451.531
-456.66
-456.66
-457.66
-454.967
-453.967
-453.967
-453.967
-453.967
-453.967
-453.967
-453.49
-453.49
-453.49
-453.49
-453.49
-453.49
-453.49
-453.49
-453.49
-453.49
-453.49
-448.361
-449.361
-451.502
-451.502
-450.409
-450.409
-451.482
-451.482
-451.482
-451.523
-451.523
-452.617
-452.617
-452.617
-452.617
-452.617
-458.356
-452.617
-451.11
-451.11
-451.129
-451.129
-451.129
-451.129
-451.129
-451.129
-451.129
-454.979
-454.979
-453.232
-452.232
-452.232
-449.063
-448.361
-448.361
-448.361
-448.361
-448.361
-448.361
-448.361
-448.361
-448.361
-448.361
-448.361
-448.361
-448.361
-448.361
-451.531
-452.232
-453.232
-453.892
-453.892
-450.022
-449.022
-449.022
-449.022
-449.022
-449.022
-449.022
-449.022
-449.022
-449.022
-449.022
-448.361
-448.361
-448.361
-448.361
-448.34
-448.34
-448.34
-448.34
-448.34
-449.34
-448.34
-444.946
-447.435
-447.435
-446.389
-446.389
-446.389
-446.389
-446.389
-444.313
-444.313
-444.313
-444.313
-444.313
-444.313
-444.313
-444.313
-444.313
-444.313
-444.313
-444.313
-444.313
-444.313
-444.313
-444.313
-446.615
-447.07
-444.313
-444.313
-446.615
-446.615
-446.615
-446.615
-446.615
-446.615
-446.615
-446.615
-444.93
-444.93
-444.93
-444.93
-444.93
-444.93
-444.93
-444.93
-444.93
-444.93
-444.93
-444.93
-444.93
-444.93
-444.93
-449.473
-449.473
-449.473
-449.473
-449.473
-449.473
-449.473
-449.473
-449.473
-449.473
-449.49
-449.49
-449.49
-449.49
-449.49
-449.49
-444.946
-444.946
-444.946
-444.946
-444.946
-444.946
-444.946
-444.946
-444.946
-449.499
-449.499
-449.499
-449.499
-449.499
-449.499
-452.836
-448.34
-449.34
-451.521
-451.521
-451.521
-451.521
-451.521
-451.521
-451.521
-451.521
-451.521
-451.521
-452.181
-452.181
-452.181
-455.576
-455.576
-456.249
-456.249
-453.266
-453.266
-453.266
-453.266
-453.266
-452.594
-452.594
-452.594
-452.594
-452.594
-453.266
-451.513
-451.513
-451.513
-451.513
-451.513
-451.513
-451.513
-451.513
-450.822
-450.822
-450.822
-450.823
-450.823
-450.823
-450.784
-450.784
-450.784
-450.784
-450.84
-450.84
-450.84
-450.84
-451.199
-451.199
-451.199
-451.199
-450.84
-450.84
-450.784
-449.784
-450.784
-450.784
-451.199
-451.199
-450.199
-450.199
-450.199
-450.199
-454.28
-455.28
-455.28
-455.28
-455.28
-454.922
-456.016
-456.016
-456.016
-456.016
-456.016
-456.016
-456.016
-456.016
-453.836
-453.856
-452.856
-452.856
-452.836
-448.34
-448.34
-448.34
-449.962
-449.962
-449.962
-448.34
-449.042
-445.648
-445.648
-445.648
-445.648
-444.93
-444.93
-444.93
-444.93
-445.607
-445.607
-445.607
-445.607
-445.59
-445.59
-445.59
-445.59
-445.59
-445.59
-445.59
-445.59
-445.59
-445.59
-445.59
-445.59
-445.59
-445.59
-444.974
-444.974
-444.974
-444.974
-444.974
-444.974
-444.974
-444.974
-444.974
-445.015
-445.015
-445.015
-444.974
-444.974
-444.974
-444.974
-444.974
-444.313
-446.389
-446.389
-446.389
-446.389
-447.772
-447.772
-447.772
-448.838
-448.838
-448.838
-448.116
-448.116
-448.116
-448.116
-444.946
-444.946
-444.946
-444.946
-444.946
-444.946
-444.314
-444.314
-444.314
-444.314
-447.627
-445.016
-445.016
-445.016
-445.016
-444.946
-444.946
-444.946
-444.946
-444.946
-448.886
-448.886
-448.887
-444.314
-444.314
-444.314
-444.314
-444.314
-444.314
-444.314
-444.313
-444.313
-444.313
-444.313
-444.313
-444.313
-444.313
-444.313
-448.164
-449.478
-449.478
-449.478
-449.478
-449.478
-448.797
-448.817
-448.817
-448.817
-448.817
-448.817
-448.817
-448.817
-448.817
-448.817
-448.797
-448.797
-448.797
-448.797
-448.797
-448.797
-448.797
-448.797
-448.797
-448.797
-448.797
-448.797
-448.797
-448.797
-448.797
-448.797
-448.797
-448.797
-447.484
-447.484
-447.484
-448.164
-448.164
-447.484
-447.484
-452.027
-452.027
-452.027
-452.027
-452.027
-452.027
-452.027
-451.347
-451.347
-451.347
-451.347
-450.933
-452.315
-452.315
-453.382
-452.709
-452.709
-452.709
-452.709
-452.709
-453.37
-453.37
-453.37
-453.37
-453.37
-453.37
-444.974
-444.974
-444.946
-444.946
-444.946
-444.946
-444.946
-444.946
-444.975
-444.975
-444.975
-444.975
-444.975
-447.771
-447.771
-447.771
-444.994
-444.994
-444.994
-444.994
-444.994
-444.994
-444.994
-444.994
-444.994
-444.994
-444.994
-444.994
-444.994
-444.994
-447.771
-447.771
-447.771
-447.771
-447.771
-447.75
-447.75
-447.75
-446.389
-446.389
-446.389
-446.389
-446.389
-446.389
-446.389
-446.389
-446.389
-446.389
-446.389
-446.389
-447.505
-447.505
-447.505
-447.505
-447.505
-447.505
-447.505
-447.505
-447.505
-447.505
-447.505
-447.505
-447.505
-448.185
-448.185
-448.866
-445.607
-444.974
-444.313
-448.164
-448.164
-448.164
-448.164
-448.166
-448.166
-451.385
-451.385
-451.385
-451.385
-448.164
-448.164
-448.164
-448.164
-448.164
-448.164
-445.015
-445.015
-445.015
-445.015
-445.015
-445.015
-445.015
-445.015
-445.015
-445.015
-445.015
-445.015
-445.015
-444.946
-444.946
-444.313
-444.313
-446.311
-446.311
-446.311
-447.013
-447.013
-446.311
-444.314
-444.314
-444.314
-444.314
-444.314
-444.314
-444.314
-444.314
-445.648
-445.648
-445.648
-445.648
-445.648
-445.648
-445.648
-445.648
-445.648
-445.648
-445.648
-445.648
-445.648
-445.648
-445.648
-445.648
-445.648
-445.648
-445.648
-445.648
-449.481
-445.648
-445.648
-445.648
-445.648
-445.648
-445.648
-444.314
-444.314
-444.314
-444.314
-447.771
-447.771
-447.771
-447.771
-447.771
-447.771
-447.771
-447.771
-447.771
-447.771
-447.771
-444.314
-444.314
-444.314
-444.314
-444.314
-444.314
-444.314
-444.314
-444.314
-444.313
-444.313
-444.313
-445.015
-445.607
-445.607
-445.607
-445.607
-445.607
-445.607
-445.607
-445.607
-445.607
-445.607
-445.607
-445.607
-445.607
-445.607
-445.607
-445.607
-445.607
-445.607
-445.607
-444.946
-444.974
-444.974
-444.974
-444.974
-444.974
-444.974
-444.974
-445.607
-445.607
-445.607
-445.607
-445.607
-445.648
-448.452
-448.452
-448.452
-448.452
-448.452
-448.452
-448.452
-448.452
-448.452
-448.452
-448.452
-448.452
-448.452
-448.452
-448.452
-448.452
-449.749
-449.749
-449.749
-449.749
-448.452
-448.452
-444.974
-444.975
-444.975
-444.975
-444.975
-444.975
-444.975
-444.975
-444.975
-444.975
-444.975
-444.974
-444.974
-444.974
-444.974
-445.607
-445.607
-445.607
-445.607
-445.607
-445.648
-445.648
-445.648
-445.648
-445.648
-450.363
-445.015
-445.016
-445.016
-445.016
-445.016
-445.015
-445.015
-445.015
-445.015
-445.015
-445.015
-445.016
-445.016
-445.016
-445.016
-445.016
-445.016
-445.016
-445.016
-445.016
-445.016
-445.016
-445.016
-445.016
-445.648
-445.648
-445.648
-445.648
-445.648
-445.648
-445.648
-445.648
-445.648
-445.648
-445.648
-445.648
-445.648
-445.648
-445.648
-445.648
-445.648
-445.648
-444.975
-444.975
-444.975
-444.975
-444.975
-444.975
-444.975
-444.975
-444.975
-444.975
-444.975
-444.975
-444.975
-444.975
-444.975
-449.518
-449.518
-449.518
-449.518
-444.974
-444.974
-444.974
-444.974
-444.974
-444.974
-444.974
-444.974
-444.974
-444.974
-444.974
-444.974
-444.974
-444.974
-444.974
-444.974
-444.974
-444.974
-444.975
-444.975
-444.975
-444.974
-444.974
-444.974
-444.946
-444.946
-444.946
-444.946
-444.946
-444.946
-444.946
-444.946
-444.946
-444.946
-449.49
-449.49
-449.49
-449.49
-449.559
-445.015
-445.015
-445.015
-445.015
-445.015
-445.015
-445.015
-445.015
-445.015
-445.015
-445.015
-445.015
-445.015
-445.015
-445.015
-445.015
-445.015
-445.015
-448.164
-448.164
-448.164
-448.164
-448.164
-448.164
-448.164
-445.607
-445.607
-445.607
-445.607
-445.607
-445.607
-445.607
-445.607
-445.607
-445.607
-444.313
-444.313
-444.313
-444.313
-444.313
-444.313
-444.313
-444.313
-444.313
-444.313
-444.313
-444.313
-445.648
-445.648
-445.648
-445.648
-445.648
-445.648
-445.648
-445.648
-445.648
-445.648
-445.648
-444.946
-444.946
-444.946
-444.946
-444.946
-444.946
-444.946
-444.946
-444.946
-444.946
-445.016
-445.016
-445.016
-445.016
-445.016
-445.016
-445.016
-445.016
-446.311
-445.016
-445.016
-445.016
-445.016
-445.016
-445.016
-445.016
-445.016
-445.016
-445.016
-445.016
-445.016
-445.016
-445.016
-445.016
-445.016
-445.016
-445.016
-445.016
-445.016
-445.016
-445.016
-445.016
-445.016
-445.016
-445.016
-445.016
-445.016
-445.016
-445.016
-445.016
-445.016
-444.975
-444.975
-444.975
-444.975
-444.975
-444.975
-444.975
-446.27
-446.27
-446.311
-446.311
-446.311
-445.61
-445.61
-445.61
-445.61
-445.61
-445.61
-445.61
-445.61
-445.61
-445.61
-448.367
-448.367
-446.27
-446.27
-446.27
-444.974
-444.974
-444.974
-444.974
-444.974
-444.974
-444.974
-445.648
-445.648
-445.648
-444.313
-449.703
-449.478
-449.478
-449.478
-449.478
-449.478
-449.478
-449.478
-449.478
-449.478
-449.478
-449.478
-445.607
-445.607
-445.607
-445.607
-444.313
-444.313
-444.313
-444.313
-444.314
-444.314
-444.975
-444.975
-444.975
-444.975
-444.975
-444.975
-444.975
-444.974
-444.974
-444.974
-444.974
-444.974
-444.974
-444.974
-444.974
-444.974
-444.974
-444.974
-444.974
-444.974
-444.974
-444.974
-444.974
-444.975
-445.016
-445.016
-445.016
-445.016
-445.016
-445.016
-445.016
-445.607
-445.607
-445.607
-445.607
-445.607
-445.607
-445.607
-445.607
-445.607
-445.607
-445.607
-445.607
-445.607
-445.607
-445.607
-445.607
-445.648
-445.648
-445.648
-445.648
-445.648
-445.648
-445.648
-445.648
-445.648
-445.648
-445.648
-445.648
-445.648
-445.648
-445.648
-445.648
-445.648
-445.648
-445.648
-445.648
-445.648
-445.648
-445.648
-445.648
-445.648
-445.648
-445.648
-445.648
-445.648
-445.648
-445.648
-445.648
-445.648
-445.648
-445.648
-445.648
-445.648
-445.648
-445.648
-445.648
-445.648
-445.648
-445.648
-445.648
-445.648
-445.648
-445.648
-445.648
-445.648
-445.648
-445.648
-445.648
-445.648
-445.648
-445.648
-445.648
-445.648
-445.648
-445.648
-445.648
-445.648
-445.648
-445.648
-445.015
-445.015
-445.015
-445.015
-445.015
-445.015
-447.75
-447.75
-447.75
-447.75
-447.75
-447.75
-447.75
-444.974
-444.974
-444.974
-444.974
-444.974
-444.974
-444.974
-444.974
-444.974
-444.974
-444.974
-449.517
-449.517
-449.517
-449.517
-449.517
-449.517
-449.517
-449.517
-449.517
-449.517
-449.517
-444.974
-444.946
-444.946
-444.946
-444.946
-444.946
-444.946
-444.946
-444.946
-444.946
-444.946
-445.648
-445.648
-445.648
-445.648
-445.648
-445.648
-445.648
-445.648
-445.648
-445.648
-445.648
-445.648
-445.648
-450.191
-450.191
-450.191
-450.191
-450.191
-450.191
-445.648
-445.648
-445.016
-445.016
-445.016
-445.016
-444.975
-444.975
-444.975
-444.975
-444.975
-444.975
-444.974
-445.648
-445.648
-445.648
-445.648
-445.648
-445.648
-445.648
-445.648
-445.648
-445.648
-445.648
-445.648
-445.648
-445.648
-445.648
-450.191
-450.191
-450.191
-450.191
-450.191
-450.191
-448.858
-448.858
-448.858
-448.858
-448.858
-448.858
-448.858
-448.858
-448.858
-448.858
-448.858
-448.858
-448.858
-448.858
-444.313
-444.313
-444.313
-444.313
-444.313
-444.313
-444.313
-444.313
-444.313
-444.313
-444.313
-444.313
-444.313
-444.946
-444.946
-444.946
-444.946
-444.946
-444.946
-444.946
-444.946
-444.946
-444.946
-444.946
-444.946
-444.946
-444.946
-444.946
-444.946
-444.314
-444.314
-444.314
-444.314
-444.314
-444.314
-444.314
-444.314
-444.314
-444.314
-448.185
-448.185
-448.185
-448.185
-448.185
-448.185
-448.185
-448.185
-448.185
-448.185
-448.185
-448.185
-448.185
-448.185
-448.185
-448.185
-444.313
-444.313
-444.313
-444.313
-444.313
-444.313
-448.411
-448.411
-448.411
-448.411
-448.411
-448.411
-448.411
-445.015
-445.015
-445.015
-445.015
-445.016
-445.016
-445.016
-444.975
-444.975
-444.946
-444.946
-444.946
-444.946
-444.946
-444.946
-444.946
-444.946
-444.946
-444.946
-444.946
-444.313
-444.313
-444.313
-444.313
-444.313
-444.313
-444.313
-444.313
-444.313
-444.313
-444.313
-444.313
-444.313
-444.313
-444.313
-444.313
-444.313
-444.313
-444.313
-444.313
-444.313
-444.313
-444.313
-444.313
-444.313
-444.313
-444.313
-444.314
-444.314
-444.314
-444.314
-444.975
-444.975
-445.016
-445.016
-445.016
-445.016
-445.016
-445.016
-445.016
-448.166
-448.166
-444.314
-444.313
-444.313
-444.313
-444.313
-444.313
-444.313
-444.313
-444.313
-444.313
-444.313
-444.313
-444.313
-445.015
-445.015
-445.015
-445.015
-445.015
-445.015
-445.015
-445.015
-445.015
-444.313
-444.313
-444.974
-444.974
-444.974
-444.974
-444.974
-445.015
-446.311
-446.311
-446.311
-445.015
-444.313
-444.313
-444.313
-444.313
-445.61
-445.61
-444.313
-444.313
-444.313
-444.313
-444.313
-444.313
-444.314
-444.314
-444.314
-444.314
-444.314
-444.314
-444.314
-444.314
-444.314
-444.314
-444.314
-444.314
-444.314
-444.314
-444.314
-444.314
-444.946
-444.946
-444.946
-444.946
-444.946
-444.946
-444.946
-444.946
-444.946
-444.946
-444.946
-444.946
-444.946
-448.817
-448.817
-448.817
-448.817
-448.817
-444.946
-444.946
-444.946
-444.946
-444.946
-444.946
-444.946
-444.946
-444.946
-444.946
-444.946
-444.946
-444.946
-444.946
-444.946
-444.946
-444.946
-444.946
-444.946
-448.166
-448.166
-448.166
-448.166
-448.166
-448.838
-448.838
-448.826
-448.826
-448.826
-448.826
-448.826
-448.826
-449.499
-449.499
-449.499
-449.499
-449.499
-448.776
-448.776
-448.776
-448.776
-448.776
-445.607
-448.825
-445.607
-444.313
-444.313
-444.313
-444.313
-444.313
-444.313
-444.314
-444.314
-444.313
-444.313
-444.313
-444.313
-444.313
-444.974
-444.974
-444.974
-444.974
-444.974
-444.974
-444.974
-444.974
-444.974
-444.974
-444.974
-444.974
-444.974
-444.974
-444.975
-444.974
-444.974
-444.974
-444.974
-444.974
-448.826
-448.826
-448.826
-448.826
-448.826
-448.826
-448.826
-448.826
-448.826
-448.826
-448.166
-448.166
-448.166
-444.946
-444.946
-444.946
-444.946
-444.946
-444.946
-445.016
-445.016
-445.016
-445.016
-445.016
-444.314
-444.314
-444.314
-444.314
-444.314
-444.314
-444.314
-444.314
-444.314
-445.607
-445.607
-445.607
-445.607
-445.607
-445.607
-445.607
-445.607
-445.607
-445.607
-445.607
-445.607
-445.607
-445.607
-445.607
-445.607
-444.946
-444.946
-444.946
-444.946
-444.946
-444.946
-444.946
-444.946
-444.946
-444.946
-444.946
-444.946
-444.946
-444.946
-444.946
-444.946
-444.946
-444.946
-444.946
-444.946
-444.946
-444.946
-444.946
-444.946
-444.946
-444.946
-444.946
-444.946
-444.946
-444.946
-444.946
-444.946
-444.946
-444.946
-444.946
-444.946
-444.946
-444.974
-444.974
-444.974
-444.313
-445.015
-445.015
-445.015
-445.607
-445.607
-445.607
-445.607
-445.607
-445.607
-445.607
-448.826
-448.826
-448.826
-448.826
-448.826
-454.648
-448.166
-448.166
-448.166
-448.166
-448.166
-448.166
-448.166
-448.166
-448.166
-448.838
-448.838
-448.838
-448.432
-448.432
-447.731
-447.731
-445.655
-445.655
-445.655
-445.655
-445.655
-445.655
-444.974
-445.59
-445.59
-445.59
-445.59
-445.655
-445.655
-445.655
-444.994
-444.994
-444.994
-445.696
-444.313
-444.974
-444.974
-444.974
-444.313
-445.015
-445.015
-445.015
-445.015
-445.015
-445.015
-445.015
-445.015
-445.015
-445.015
-445.648
-445.648
-445.648
-444.93
-445.607
-445.607
-445.607
-445.607
-445.607
-445.607
-445.607
-445.607
-445.607
-445.607
-445.607
-445.607
-445.607
-445.607
-445.607
-445.607
-445.607
-445.607
-445.607
-445.607
-445.607
-445.648
-445.648
-445.648
-445.648
-445.648
-445.648
-445.648
-448.494
-448.494
-447.771
-447.771
-447.771
-451.582
-451.582
-451.582
-451.582
-451.582
-451.582
-451.582
-451.582
-451.582
-451.582
-451.582
-451.582
-451.582
-451.582
-451.582
-451.582
-451.582
-451.582
-451.582
-451.582
-451.582
-451.582
-451.582
-451.582
-451.779
-451.779
-451.779
-451.779
-451.779
-451.779
-447.317
-447.317
-447.317
-445.631
-445.631
-445.631
-445.631
-445.631
-445.631
-445.631
-445.631
-445.631
-445.631
-445.631
-447.317
-447.317
-445.631
-445.631
-447.317
-447.317
-447.317
-447.317
-447.317
-447.317
-447.317
-447.317
-445.631
-445.631
-445.631
-445.631
-453.315
-453.315
-453.315
-453.315
-453.315
-453.315
-453.315
-453.315
-453.315
-453.315
-445.631
-445.631
-445.631
-445.631
-447.998
-447.998
-447.998
-447.998
-447.998
-447.998
-447.998
-447.998
-447.998
-447.998
-445.631
-445.631
-445.631
-445.631
-445.631
-445.631
-445.631
-445.631
-445.631
-445.631
-445.631
-445.631
-445.631
-445.631
-445.631
-445.631
-445.631
-445.631
-445.631
-445.631
-445.631
-445.631
-445.631
-445.631
-445.631
-445.631
-445.631
-445.631
-445.631
-444.946
-444.946
-444.946
-444.946
-444.946
-445.648
-445.648
-445.648
-445.648
-445.648
-445.648
-445.648
-448.886
-448.886
-448.886
-448.886
-448.886
-448.886
-448.886
-448.845
-448.845
-448.845
-448.845
-450.921
-450.921
-450.921
-450.26
-450.26
-450.26
-453.241
-453.655
-453.655
-453.655
-453.655
-453.655
-450.475
-450.475
-450.475
-451.475
-452.135
-452.135
-452.135
-452.135
-452.135
-452.135
-452.135
-452.135
-451.135
-451.135
-448.777
-448.777
-448.818
-448.818
-448.818
-449.499
-448.818
-448.818
-449.519
-449.519
-449.519
-449.519
-449.519
-448.797
-448.797
-448.797
-448.797
-448.797
-452.485
-452.485
-451.996
-450.487
-450.487
-444.974
-444.974
-444.974
-444.974
-444.974
-444.974
-444.974
-444.974
-444.974
-444.974
-444.974
-444.974
-444.974
-444.975
-444.975
-444.975
-444.975
-444.975
-444.975
-444.974
-444.974
-444.313
-444.313
-444.313
-444.313
-444.313
-444.313
-444.313
-444.313
-444.313
-444.313
-444.313
-444.313
-444.313
-444.313
-444.313
-446.311
-446.311
-446.311
-446.311
-446.311
-444.314
-444.314
-444.314
-444.314
-444.314
-444.313
-444.313
-444.313
-444.313
-444.313
-444.313
-444.313
-444.313
-444.314
-444.314
-444.314
-444.314
-444.314
-444.314
-444.314
-444.314
-444.314
-444.314
-444.314
-444.314
-444.314
-444.314
-444.314
-444.314
-444.313
-444.313
-444.313
-444.313
-444.313
-444.313
-444.314
-445.016
-448.867
-448.867
-448.867
-448.867
-448.867
-448.867
-448.867
-448.867
-448.85
-445.015
-445.015
-445.015
-445.015
-445.015
-445.015
-444.974
-444.974
-444.974
-444.974
-448.826
-448.826
-448.826
-448.826
-448.826
-448.826
-448.826
-448.826
-448.826
-448.826
-448.826
-448.166
-448.166
-448.166
-448.166
-444.946
-444.946
-444.946
-444.946
-444.946
-444.313
-444.313
-444.313
-444.313
-444.313
-444.314
-444.314
-444.314
-444.314
-444.314
-444.314
-444.314
-444.314
-444.314
-444.314
-444.314
-444.314
-444.314
-448.857
-448.857
-448.857
-444.314
-444.314
-444.314
-444.314
-444.314
-444.313
-444.313
-444.313
-453.335
-453.335
-453.335
-453.335
-453.335
-453.335
-453.335
-453.335
-453.335
-453.335
-453.335
-453.335
-453.995
-453.995
-453.995
-453.995
-454.627
-454.627
-454.627
-445.607
-445.607
-445.607
-445.607
-445.607
-448.886
-448.886
-448.886
-448.886
-448.886
-448.886
-448.886
-444.313
-444.313
-445.607
-445.607
-445.607
-445.607
-445.607
-445.607
-445.607
-445.607
-445.607
-447.75
-447.75
-447.75
-447.75
-447.75
-447.771
-447.771
-447.771
-447.771
-447.771
-444.975
-444.975
-444.314
-444.314
-445.61
-445.61
-445.61
-445.61
-445.61
-445.61
-445.61
-445.61
-444.314
-444.314
-444.314
-444.314
-444.314
-444.314
-444.314
-444.314
-444.314
-444.314
-444.314
-444.314
-444.314
-444.314
-444.314
-445.016
-445.016
-444.314
-444.314
-444.314
-453.335
-453.335
-453.335
-453.335
-453.335
-454.668
-454.668
-454.668
-453.335
-453.335
-453.335
-444.313
-444.313
-444.313
-444.313
-444.313
-448.166
-448.166
-448.166
-448.166
-448.166
-448.166
-448.166
-448.166
-448.166
-448.166
-448.166
-448.166
-448.166
-448.166
-448.166
-448.166
-448.166
-448.166
-448.166
-448.166
-448.166
-448.166
-448.166
-448.166
-448.166
-448.166
-448.166
-448.166
-448.166
-448.166
-448.166
-448.166
-448.166
-448.867
-448.867
-448.867
-448.867
-448.867
-448.867
-448.867
-445.015
-445.016
-445.016
-445.016
-445.016
-445.016
-445.016
-445.016
-445.016
-444.946
-444.946
-444.314
-444.314
-444.314
-444.314
-444.314
-444.314
-444.314
-444.314
-444.314
-444.314
-444.314
-444.314
-448.184
-448.184
-448.184
-448.184
-448.184
-448.184
-448.184
-448.184
-452.035
-448.164
-448.164
-448.164
-448.164
-448.164
-446.803
-446.803
-446.803
-448.117
-448.117
-448.117
-448.117
-450.475
-450.475
-450.475
-450.475
-450.475
-452.175
-448.817
-448.817
-448.817
-452.175
-452.175
-453.862
-452.175
-451.777
-452.777
-451.777
-451.777
-453.902
-453.902
-453.902
-453.902
-448.809
-448.809
-448.809
-448.809
-448.809
-448.809
-448.85
-448.85
-448.85
-448.85
-448.85
-448.85
-448.85
-448.85
-448.825
-448.825
-448.825
-448.825
-448.825
-448.825
-445.607
-445.607
-445.607
-445.607
-445.607
-445.607
-445.607
-445.607
-445.607
-445.607
-445.607
-449.478
-445.607
-445.607
-445.607
-445.607
-445.607
-445.607
-445.607
-445.607
-445.607
-449.478
-449.478
-452.697
-448.826
-448.826
-448.826
-448.826
-448.826
-448.826
-448.826
-448.826
-448.826
-448.826
-448.826
-444.974
-444.974
-444.974
-444.974
-444.313
-444.313
-444.313
-444.313
-444.313
-444.313
-444.313
-444.313
-444.313
-444.313
-444.313
-444.313
-444.313
-444.313
-444.313
-444.313
-444.313
-445.016
-445.016
-445.016
-445.016
-445.016
-445.016
-445.016
-445.016
-445.016
-444.313
-444.313
-444.313
-444.313
-444.313
-444.313
-444.313
-444.313
-444.313
-444.313
-444.313
-444.313
-444.313
-444.313
-444.313
-444.313
-444.313
-444.313
-444.313
-444.313
-444.313
-444.313
-444.313
-444.313
-444.313
-444.313
-444.313
-444.313
-444.313
-445.016
-445.016
-447.772
-447.772
-447.772
-447.772
-447.772
-447.772
-447.772
-447.772
-447.772
-448.1
-448.1
-449.027
-449.027
-448.797
-448.797
-448.797
-448.797
-448.797
-448.797
-448.797
-448.797
-448.797
-448.801
-448.801
-445.631
-445.696
-445.696
-445.696
-445.696
-444.994
-444.994
-444.994
-444.994
-444.994
-444.994
-444.994
-445.696
-445.696
-445.655
-445.655
-445.655
-445.655
-445.655
-449.461
-449.461
-449.461
-456.049
-454.698
-454.698
-454.698
-454.698
-454.698
-454.698
-454.698
-454.698
-452.178
-452.178
-452.178
-445.59
-445.59
-445.59
-445.59
-445.59
-445.59
-445.59
-451.044
-451.457
-451.457
-451.457
-451.457
-451.457
-451.457
-451.457
-451.457
-451.457
-451.457
-451.457
-451.457
-451.044
-451.044
-451.044
-451.044
-451.044
-451.044
-451.044
-451.044
-451.044
-451.437
-451.437
-451.437
-451.437
-451.457
-451.457
-451.457
-451.457
-451.457
-451.457
-451.457
-451.457
-451.457
-451.457
-451.457
-451.457
-451.457
-451.457
-451.457
-447.296
-447.296
-444.93
-444.93
-444.93
-444.93
-444.93
-444.93
-445.648
-445.648
-445.648
-445.648
-445.648
-449.042
-450.042
-450.042
-450.042
-450.063
-450.063
-450.063
-450.063
-450.063
-450.042
-450.042
-450.042
-450.042
-450.001
-450.001
-450.001
-450.001
-452.117
-452.117
-452.117
-452.117
-452.117
-452.117
-453.175
-453.175
-452.175
-452.175
-452.175
-452.175
-452.175
-453.175
-453.175
-453.175
-451.475
-451.475
-450.475
-451.475
-450.475
-450.475
-450.199
-450.9
-450.9
-450.9
-450.9
-450.9
-450.9
-450.9
-450.9
-450.9
-450.9
-450.9
-451.56
-451.56
-451.56
-452.56
-452.56
-451.56
-451.56
-451.837
-451.837
-451.837
-451.837
-450.622
-450.622
-450.622
-450.622
-450.622
-450.622
-450.622
-450.031
-447.05
-447.05
-447.05
-447.05
-447.05
-447.05
-448.432
-448.432
-451.651
-451.651
-451.651
-451.651
-448.411
-448.411
-448.411
-448.411
-448.411
-448.411
-448.411
-448.411
-450.158
-450.158
-450.158
-450.158
-450.158
-450.158
-449.478
-449.478
-449.478
-450.159
-448.824
-448.824
-448.144
-448.144
-448.825
-445.607
-450.15
-445.607
-445.607
-444.313
-444.313
-444.313
-444.313
-444.313
-444.313
-444.313
-444.313
-444.313
-444.313
-445.648
-445.648
-444.946
-444.946
-444.946
-444.946
-444.946
-444.946
-444.946
-444.946
-444.946
-444.946
-444.946
-444.946
-444.946
-444.946
-444.946
-444.946
-444.946
-444.946
-444.946
-444.946
-444.946
-444.314
-444.314
-444.314
-444.314
-444.313
-444.313
-444.313
-444.313
-444.974
-444.974
-444.974
-444.974
-444.974
-444.974
-444.974
-444.974
-444.974
-445.015
-445.015
-445.015
-445.016
-445.016
-445.015
-445.015
-445.015
-445.015
-445.015
-445.015
-445.016
-445.016
-445.016
-444.946
-444.946
-445.016
-445.016
-445.016
-445.016
-445.016
-445.016
-445.016
-445.016
-445.016
-445.016
-444.314
-444.313
-444.313
-444.313
-444.313
-444.313
-444.314
-444.314
-444.314
-445.016
-445.016
-445.016
-445.016
-445.016
-445.016
-445.016
-445.016
-445.016
-445.016
-445.016
-445.016
-445.016
-444.946
-444.975
-444.975
-444.975
-444.975
-444.975
-444.975
-444.975
-444.975
-444.975
-449.518
-449.518
-449.518
-449.518
-449.518
-449.518
-449.518
-452.315
-452.315
-452.315
-448.858
-448.858
-448.858
-448.858
-448.858
-448.858
-448.858
-444.313
-444.313
-444.314
-444.314
-444.313
-444.313
-444.313
-444.946
-449.946
-449.946
-452.48
-452.537
-452.538
-450.073
-449.358
-449.357
-449.358
-449.358
-449.358
-449.357
-449.357
-449.357
-449.357
-449.357
-452.414
-452.414
-452.414
-452.414
-452.414
-452.414
-452.414
-452.414
-451.098
-451.098
-451.098
-451.098
-451.098
-451.098
-451.098
-451.098
-448.041
-448.041
-448.041
-448.041
-449.013
-449.013
-449.013
-449.013
-449.013
-449.013
-449.013
-449.013
-449.013
-449.013
-449.673
-449.673
-450.969
-450.969
-450.969
-451.326
-451.326
-451.326
-449.747
-449.747
-449.747
-450.344
-450.344
-450.344
-450.344
-450.344
-449.316
-449.316
-449.316
-449.974
-444.974
-445.59
-446.356
-446.356
-446.356
-446.356
-446.356
-446.356
-446.356
-446.356
-446.356
-446.356
-446.356
-446.356
-446.356
-446.356
-446.356
-446.356
-446.356
-446.356
-446.356
-446.356
-446.356
-446.356
-445.655
-445.655
-445.655
-445.655
-445.696
-445.696
-445.696
-445.696
-447.998
-447.998
-447.957
-447.751
-447.751
-447.751
-447.751
-447.751
-448.452
-448.452
-448.452
-448.452
-447.296
-444.93
-444.93
-444.93
-444.93
-444.93
-444.93
-444.93
-444.93
-444.93
-444.93
-444.93
-445.016
-445.016
-445.016
-445.016
-445.016
-445.016
-445.016
-445.016
-445.016
-445.016
-445.717
-445.717
-448.474
-445.717
-445.717
-445.717
-445.717
-445.717
-445.717
-445.717
-445.717
-445.717
-445.717
-445.717
-445.035
-445.035
-445.035
-448.846
-448.846
-448.846
-448.846
-448.846
-448.846
-448.846
-448.846
-445.737
-445.737
-445.737
-445.696
-445.655
-445.655
-445.655
-445.655
-448.432
-448.432
-444.975
-444.975
-444.975
-444.974
-444.974
-444.974
-444.974
-444.974
-444.974
-444.974
-444.974
-444.974
-444.974
-444.974
-444.974
-444.974
-444.974
-444.974
-444.974
-444.974
-444.313
-444.313
-444.313
-444.313
-444.313
-444.313
-444.313
-444.313
-444.313
-444.313
-444.313
-444.313
-444.313
-444.313
-444.313
-444.313
-444.313
-444.313
-444.313
-444.313
-444.313
-445.607
-445.607
-445.607
-445.607
-445.607
-445.607
-445.607
-445.607
-445.607
-445.607
-445.607
-451.486
-451.486
-451.486
-451.486
-451.486
-445.607
-445.607
-445.607
-445.607
-445.607
-445.607
-445.607
-449.027
-449.027
-449.027
-449.027
-445.607
-445.607
-445.607
-445.607
-445.607
-445.607
-445.607
-445.607
-445.607
-445.016
-445.016
-445.016
-445.016
-445.016
-445.016
-445.016
-445.016
-445.016
-445.016
-445.016
-445.016
-444.975
-446.27
-446.311
-446.311
-446.311
-446.311
-445.61
-445.61
-449.457
-449.457
-449.457
-449.457
-449.457
-449.457
-445.61
-445.61
-445.61
-446.27
-446.27
-444.974
-444.974
-444.974
-444.974
-444.974
-444.974
-444.974
-444.975
-444.975
-444.975
-444.975
-444.975
-444.975
-444.975
-444.975
-444.975
-448.846
-448.846
-444.975
-444.975
-444.975
-444.975
-444.975
-444.975
-444.975
-444.975
-444.975
-444.975
-444.975
-444.314
-444.314
-444.314
-444.314
-444.314
-444.314
-444.314
-444.314
-444.314
-444.314
-444.314
-447.484
-447.484
-447.484
-447.484
-447.484
-447.484
-447.484
-447.484
-447.484
-447.484
-447.484
-447.484
-447.484
-447.484
-444.314
-444.314
-444.314
-444.314
-444.314
-444.314
-444.314
-444.314
-444.314
-445.016
-445.016
-445.016
-445.016
-445.016
-445.016
-445.016
-445.016
-445.016
-445.016
-448.185
-448.185
-448.185
-445.016
-445.016
-445.016
-445.016
-445.016
-445.016
-445.016
-445.016
-445.016
-445.016
-445.016
-445.016
-445.016
-444.314
-447.484
-447.484
-447.484
-447.484
-447.484
-447.484
-447.484
-447.484
-447.484
-447.484
-447.484
-447.484
-447.484
-447.484
-447.07
-447.07
-447.73
-447.73
-447.73
-447.73
-447.73
-447.73
-447.73
-447.73
-447.73
-447.73
-447.73
-447.73
-447.73
-447.73
-447.73
-447.07
-447.07
-447.07
-447.75
-447.75
-448.164
-448.164
-448.164
-448.164
-444.946
-444.946
-444.946
-444.946
-444.946
-444.946
-444.946
-444.946
-444.946
-444.946
-444.946
-444.946
-444.946
-444.946
-444.946
-444.946
-444.974
-444.974
-444.974
-444.974
-444.974
-444.974
-444.974
-444.974
-444.974
-444.974
-444.974
-444.974
-445.015
-445.015
-445.015
-444.313
-444.313
-444.313
-444.313
-445.015
-445.015
-445.015
-445.015
-445.015
-445.015
-445.015
-445.015
-445.015
-445.015
-445.015
-445.015
-445.015
-445.015
-445.015
-447.627
-447.627
-447.627
-447.627
-447.627
-447.627
-444.313
-444.946
-444.946
-444.946
-444.946
-444.946
-444.946
-444.946
-444.946
-444.946
-444.946
-444.946
-444.946
-448.865
-448.865
-448.865
-448.865
-448.865
-448.865
-448.865
-444.313
-444.313
-444.946
-444.946
-444.946
-444.946
-444.946
-445.631
-445.631
-445.59
-445.59
-445.59
-445.59
-445.59
-445.59
-445.59
-445.59
-445.59
-445.59
-445.59
-445.59
-445.59
-449.517
-449.517
-449.517
-449.558
-449.558
-449.558
-445.648
-444.946
-444.946
-444.946
-444.946
-444.946
-444.946
-444.946
-444.946
-444.946
-444.946
-444.946
-444.946
-444.946
-444.946
-444.946
-444.946
-444.994
-444.994
-444.994
-444.994
-444.994
-447.751
-447.751
-447.751
-447.751
-447.751
-447.751
-448.452
-448.452
-448.452
-448.452
-448.452
-448.452
-448.452
-448.452
-448.452
-448.452
-448.452
-448.452
-445.696
-445.696
-445.696
-445.696
-444.994
-445.655
-445.655
-445.655
-445.655
-445.655
-445.655
-445.655
-445.655
-445.655
-445.655
-445.655
-444.994
-444.994
-444.994
-447.296
-447.296
-447.296
-447.296
-444.93
-444.93
-446.615
-446.615
-446.615
-446.615
-444.93
-444.93
-444.93
-444.93
-444.93
-444.93
-445.607
-445.607
-445.607
-445.607
-445.607
-445.607
-445.607
-445.607
-449.001
-449.001
-451.117
-451.117
-451.117
-444.93
-444.93
-444.93
-444.93
-444.93
-444.93
-444.93
-444.93
-444.93
-444.93
-444.946
-448.34
-448.34
-448.34
-449.34
-449.34
-449.34
-449.34
-449.34
-449.34
-449.34
-448.34
-449.34
-449.361
-449.361
-449.361
-449.361
-449.361
-448.361
-448.34
-448.34
-444.946
-444.946
-444.946
-444.946
-444.946
-444.946
-444.946
-444.946
-444.946
-444.946
-444.946
-444.946
-444.946
-448.34
-449.962
-449.37
-449.37
-449.37
-446.389
-446.389
-446.389
-446.389
-446.389
-449.37
-446.389
-446.389
-448.137
-461.351
-461.351
-461.351
-461.351
-461.351
-461.351
-461.351
-461.351
-461.351
-461.351
-461.351
-461.351
-461.351
-461.351
-461.351
-461.351
-461.351
-461.351
-462.467
-462.467
-448.886
-448.886
-448.886
-450.247
-450.247
-450.247
-450.247
-450.247
-450.247
-448.866
-444.313
-444.313
-444.313
-444.313
-444.313
-444.313
-444.313
-447.07
-447.751
-447.751
-447.751
-447.751
-452.751
-449.994
-449.994
-449.994
-449.994
-449.994
-449.994
-449.994
-454.579
-449.946
-449.946
-444.946
-444.946
-444.946
-444.946
-444.946
-444.946
-444.946
-444.946
-444.946
-444.946
-444.946
-444.946
-444.946
-444.946
-444.946
-444.946
-444.946
-444.946
-448.452
-448.452
-448.452
-448.452
-448.452
-445.696
-445.696
-445.696
-445.696
-445.696
-445.696
-445.696
-445.696
-445.696
-445.696
-445.696
-445.696
-444.946
-444.946
-444.946
-444.946
-444.946
-445.59
-445.607
-445.607
-445.607
-445.607
-445.607
-445.607
-445.607
-444.946
-444.946
-444.946
-444.946
-444.946
-444.946
-444.946
-444.946
-444.946
-444.946
-444.946
-444.946
-444.946
-444.946
-444.946
-444.946
-444.946
-444.946
-444.946
-444.946
-444.946
-450.776
-450.776
-450.776
-450.776
-450.776
-450.776
-450.776
-450.776
-450.776
-450.776
-450.776
-450.776
-450.776
-450.776
-450.776
-450.776
-450.776
-450.776
-450.776
-450.776
-450.776
-450.776
-450.776
-450.776
-450.776
-450.776
-450.776
-450.776
-450.776
-450.776
-450.776
-445.631
-445.631
-445.631
-445.631
-445.631
-445.631
-445.631
-445.631
-445.631
-445.631
-445.631
-445.631
-445.631
-445.631
-445.631
-445.631
-445.631
-445.631
-445.631
-445.631
-445.631
-445.631
-445.631
-444.93
-444.994
-444.994
-444.994
-444.994
-444.994
-444.994
-444.994
-444.994
-444.994
-445.696
-445.696
-445.696
-445.696
-445.696
-445.696
-445.655
-444.994
-444.994
-444.994
-444.994
-444.313
-444.313
-444.313
-444.313
-444.313
-444.93
-444.93
-444.93
-444.93
-444.93
-444.93
-444.93
-444.93
-445.607
-445.607
-445.607
-445.607
-445.607
-445.607
-445.607
-445.607
-444.93
-444.313
-445.696
-444.93
-444.93
-444.93
-444.93
-444.93
-444.93
-444.946
-444.946
-444.946
-444.946
-444.946
-444.313
-444.313
-444.313
-444.313
-444.313
-444.313
-444.313
-444.313
-444.313
-444.313
-444.313
-446.389
-446.389
-446.389
-447.772
-447.772
-447.772
-447.772
-447.772
-446.389
-446.389
-446.389
-446.389
-446.389
-446.389
-447.75
-447.75
-444.313
-444.313
-444.313
-444.313
-444.313
-444.313
-444.313
-444.313
-444.313
-446.615
-444.313
-444.313
-444.313
-448.328
-448.328
-448.328
-444.974
-444.974
-444.974
-444.974
-444.974
-444.974
-444.974
-444.974
-444.974
-444.974
-444.974
-448.809
-448.809
-448.809
-448.809
-448.809
-448.809
-448.809
-444.974
-444.974
-445.015
-445.015
-445.015
-445.015
-445.015
-445.015
-444.313
-445.015
-445.015
-445.015
-445.015
-445.015
-445.015
-445.696
-445.696
-445.696
-445.696
-445.696
-445.631
-445.631
-445.648
-445.648
-445.648
-445.648
-445.648
-445.648
-445.648
-445.648
-445.648
-445.648
-444.93
-444.946
-444.93
-444.93
-445.016
-445.016
-445.016
-450.166
-450.166
-445.737
-445.737
-445.737
-445.737
-445.737
-445.737
-445.737
-445.676
-445.676
-445.676
-445.676
-445.676
-445.676
-445.676
-445.676
-445.035
-445.035
-445.035
-447.772
-447.772
-447.772
-447.772
-447.772
-447.772
-447.772
-448.185
-448.185
-448.185
-448.432
-448.452
-448.452
-448.452
-445.607
-445.607
-445.607
-445.607
-445.607
-445.607
-445.607
-445.607
-445.607
-445.607
-445.607
-444.93
-444.93
-444.93
-444.93
-444.93
-444.93
-444.93
-444.93
-444.93
-444.93
-444.93
-444.946
-450.095
-450.095
-450.095
-450.095
-450.095
-450.095
-450.095
-450.095
-450.095
-450.095
-450.095
-450.095
-450.095
-450.095
-450.095
-450.095
-452.22
-452.22
-452.22
-449.463
-449.463
-449.463
-449.463
-449.463
-449.463
-449.463
-449.463
-449.463
-449.463
-449.463
-449.463
-449.463
-445.015
-445.015
-445.015
-445.015
-445.015
-445.015
-445.015
-445.015
-445.015
-445.015
-445.717
-445.717
-445.717
-445.717
-445.717
-445.717
-445.717
-445.717
-445.717
-445.717
-445.717
-445.717
-448.019
-448.019
-448.019
-448.019
-445.717
-445.015
-445.015
-445.015
-445.015
-445.015
-445.015
-445.015
-445.015
-445.015
-448.866
-448.866
-448.866
-448.866
-448.866
-448.85
-448.85
-448.85
-448.85
-448.85
-448.85
-448.85
-448.85
-448.85
-448.85
-448.85
-445.631
-445.631
-445.631
-445.631
-445.631
-445.631
-445.631
-445.631
-451.558
-451.558
-451.558
-445.631
-445.631
-445.648
-445.648
-445.648
-445.648
-445.648
-445.648
-444.93
-444.93
-444.93
-444.93
-444.93
-444.93
-444.93
-445.631
-445.015
-445.015
-445.015
-445.015
-447.771
-447.73
-447.73
-447.73
-447.73
-447.73
-447.73
-447.07
-447.07
-447.771
-448.796
-448.796
-448.796
-448.796
-448.796
-451.642
-451.642
-451.642
-447.07
-447.07
-447.07
-447.07
-447.771
-447.771
-447.771
-447.771
-447.771
-447.771
-447.771
-445.015
-445.015
-445.015
-445.015
-447.771
-447.771
-445.015
-445.015
-445.015
-445.015
-445.015
-444.313
-444.313
-444.313
-444.313
-446.615
-446.615
-446.615
-446.615
-446.615
-446.615
-446.615
-446.615
-446.615
-448.148
-448.148
-444.93
-444.93
-444.93
-444.93
-444.93
-444.93
-444.93
-444.93
-444.93
-444.93
-444.93
-444.93
-444.93
-444.93
-444.93
-444.93
-444.93
-444.93
-444.93
-444.93
-444.93
-448.387
-448.387
-448.387
-448.387
-448.387
-448.387
-448.387
-448.387
-449.047
-449.047
-449.047
-449.047
-447.771
-444.314
-444.314
-444.314
-444.314
-444.314
-444.314
-445.016
-445.016
-445.016
-445.016
-445.016
-445.015
-445.015
-445.015
-445.015
-445.015
-445.015
-445.015
-445.015
-445.016
-444.314
-444.314
-444.314
-444.314
-444.314
-444.313
-444.313
-444.974
-444.974
-444.974
-444.974
-444.974
-444.974
-445.015
-445.015
-445.015
-445.015
-445.015
-445.015
-445.015
-445.015
-445.015
-445.015
-445.015
-445.015
-445.015
-445.015
-448.886
-448.886
-448.886
-448.886
-448.184
-448.184
-448.184
-448.184
-448.184
-448.184
-448.184
-447.07
-447.07
-447.07
-447.07
-447.07
-447.07
-447.07
-447.07
-447.07
-447.07
-447.07
-447.07
-447.07
-447.07
-447.07
-447.07
-447.73
-444.974
-444.974
-444.974
-444.974
-444.974
-444.974
-444.974
-444.974
-444.974
-444.974
-444.974
-444.974
-449.442
-449.442
-449.442
-449.442
-449.442
-449.442
-449.442
-449.442
-449.442
-454.442
-454.442
-454.442
-458.313
-458.313
-453.313
-453.313
-453.313
-453.313
-449.442
-449.442
-449.442
-449.442
-449.442
-450.824
-450.824
-450.824
-450.824
-450.824
-450.824
-450.824
-450.824
-450.825
-450.825
-450.825
-450.825
-450.825
-450.825
-450.825
-450.825
-450.825
-450.825
-450.825
-450.825
-450.825
-450.825
-450.825
-450.825
-450.825
-450.145
-450.145
-450.145
-444.994
-444.313
-444.313
-444.313
-444.313
-444.313
-444.313
-444.313
-448.886
-448.886
-449.502
-449.502
-449.502
-449.502
-449.502
-449.502
-449.502
-449.502
-449.502
-449.567
-449.567
-449.567
-449.567
-449.567
-447.627
-450.384
-450.384
-450.384
-450.384
-450.384
-450.384
-450.384
-450.384
-450.384
-450.384
-450.384
-450.384
-450.384
-450.384
-450.384
-447.627
-447.606
-447.606
-447.606
-444.974
-444.974
-444.974
-444.974
-444.974
-444.974
-444.974
-444.974
-444.974
-444.974
-444.974
-445.59
-445.59
-445.59
-445.59
-445.59
-445.59
-445.59
-445.59
-445.59
-445.59
-447.276
-447.276
-444.974
-444.974
-444.974
-445.59
-445.59
-445.59
-445.59
-445.59
-445.59
-445.59
-445.59
-445.59
-445.59
-445.648
-445.648
-445.648
-445.648
-445.648
-445.648
-445.648
-445.648
-445.648
-445.648
-445.648
-445.648
-445.648
-445.648
-445.648
-445.648
-445.648
-445.737
-445.737
-445.737
-445.737
-445.737
-445.737
-445.737
-445.737
-445.737
-445.737
-445.737
-445.737
-445.737
-445.737
-445.737
-451.692
-445.737
-445.737
-445.015
-445.015
-446.397
-446.397
-446.397
-446.397
-446.397
-446.397
-446.397
-446.397
-446.397
-446.397
-446.397
-446.397
-446.397
-446.397
-446.397
-446.397
-446.397
-446.397
-446.397
-446.397
-446.397
-446.397
-446.397
-446.356
-446.356
-446.397
-446.397
-446.397
-446.397
-446.397
-446.397
-445.717
-445.717
-445.717
-445.717
-445.696
-448.452
-445.607
-445.607
-445.607
-445.607
-445.607
-445.607
-445.607
-445.607
-445.607
-445.607
-445.607
-445.607
-445.607
-449.001
-449.001
-448.34
-448.361
-448.361
-448.361
-448.361
-448.361
-448.361
-448.361
-449.361
-449.34
-449.34
-449.34
-448.34
-448.34
-448.34
-449.042
-449.001
-449.001
-449.001
-449.042
-449.042
-449.042
-449.042
-449.042
-449.042
-449.042
-449.042
-449.042
-449.042
-449.042
-445.648
-445.648
-445.648
-451.531
-451.531
-451.531
-451.531
-452.28
-448.494
-447.318
-447.318
-447.318
-447.318
-447.318
-444.93
-444.93
-444.93
-444.93
-444.93
-444.93
-444.93
-444.93
-444.93
-444.93
-444.93
-444.93
-444.93
-444.93
-444.93
-444.93
-444.93
-445.648
-445.648
-448.867
-448.867
-448.867
-448.867
-452.232
-452.232
-452.232
-452.232
-452.232
-452.232
-452.232
-452.232
-452.232
-452.232
-452.232
-449.063
-449.063
-450.063
-450.063
-450.063
-449.063
-449.063
-449.063
-449.063
-449.063
-449.063
-449.063
-449.063
-448.361
-448.361
-448.361
-449.361
-449.34
-449.34
-449.34
-449.34
-449.34
-449.34
-449.34
-456.064
-456.064
-454.971
-454.971
-454.952
-454.952
-454.952
-459.525
-457.726
-456.726
-456.726
-456.726
-457.726
-457.726
-455.375
-455.375
-455.375
-454.981
-454.981
-454.981
-454.981
-454.981
-454.981
-454.999
-454.999
-454.981
-454.981
-454.981
-454.981
-455.672
-455.672
-455.672
-455.672
-455.672
-451.1
-451.1
-451.801
-451.801
-451.1
-451.1
-451.1
-452.193
-452.193
-452.193
-452.853
-452.853
-451.76
-451.76
-451.76
-451.76
-452.853
-452.853
-452.853
-452.853
-452.193
-452.193
-452.579
-453.28
-453.28
-452.204
-452.204
-452.204
-452.204
-452.204
-452.204
-451.502
-450.409
-450.409
-452.577
-452.578
-452.578
-452.539
-452.539
-451.539
-450.031
-450.031
-450.031
-450.031
-451.031
-451.031
-451.069
-451.069
-451.069
-451.069
-451.069
-452.163
-452.163
-452.163
-452.163
-452.163
-450.001
-449.001
-449.001
-449.001
-449.001
-449.001
-445.607
-445.607
-445.607
-445.607
-445.607
-445.607
-445.607
-445.607
-445.607
-445.607
-445.631
-445.631
-445.631
-445.631
-445.631
-445.631
-444.946
-444.946
-444.946
-448.34
-444.946
-444.946
-444.946
-444.946
-444.946
-444.946
-444.93
-444.93
-444.93
-445.696
-445.696
-446.397
-446.397
-446.397
-446.397
-446.397
-446.397
-446.356
-446.356
-446.356
-446.356
-445.59
-445.59
-445.59
-445.59
-445.59
-445.59
-445.59
-445.59
-445.59
-445.59
-447.276
-447.276
-446.615
-450.486
-450.486
-450.486
-450.486
-450.486
-444.93
-444.93
-444.93
-444.93
-444.93
-444.93
-445.016
-445.016
-445.016
-445.016
-445.016
-444.994
-445.696
-445.696
-445.696
-445.696
-445.696
-445.696
-445.648
-445.648
-445.648
-445.648
-445.648
-445.648
-445.648
-445.648
-445.648
-445.648
-445.648
-445.648
-445.648
-445.648
-445.648
-445.648
-445.648
-445.648
-445.648
-449.042
-450.042
-450.042
-450.042
-457.044
-457.044
-457.044
-456.044
-456.044
-457.044
-457.044
-457.044
-457.044
-457.044
-457.044
-457.044
-457.044
-457.044
-457.044
-456.044
-451.824
-451.824
-455.043
-446.311
-446.311
-446.311
-446.311
-446.311
-446.311
-446.311
-446.311
-446.311
-446.311
-446.311
-446.311
-446.311
-446.311
-446.311
-446.311
-446.311
-446.311
-446.311
-446.311
-446.311
-450.199
-450.199
-450.199
-450.199
-450.199
-450.199
-450.199
-451.692
-448.867
-448.867
-448.867
-448.867
-448.867
-448.867
-448.166
-448.166
-448.166
-448.166
-448.166
-448.166
-448.838
-448.166
-448.166
-448.826
-448.826
-448.826
-448.826
-448.826
-448.826
-448.826
-448.826
-448.826
-448.826
-448.166
-448.166
-448.166
-448.166
-448.166
-448.166
-448.166
-448.867
-448.867
-448.867
-448.867
-448.867
-452.738
-452.738
-452.738
-448.166
-448.166
-448.858
-448.858
-448.858
-448.858
-448.858
-448.858
-448.858
-448.858
-448.858
-448.858
-444.313
-444.313
-444.946
-444.946
-444.946
-444.946
-444.946
-444.946
-444.946
-444.946
-445.607
-445.607
-445.607
-445.607
-445.607
-445.607
-445.607
-445.607
-445.607
-445.607
-445.607
-445.607
-445.607
-445.607
-445.607
-445.607
-444.313
-444.313
-444.313
-444.313
-444.313
-444.313
-444.313
-444.313
-444.313
-444.313
-445.61
-445.61
-445.61
-445.61
-445.61
-445.61
-445.61
-444.314
-445.648
-445.648
-445.648
-445.648
-445.648
-445.648
-445.648
-445.648
-445.648
-445.648
-445.648
-445.648
-448.867
-448.867
-445.648
-445.648
-445.648
-445.648
-445.648
-445.648
-444.975
-444.975
-444.975
-444.975
-444.975
-444.975
-444.975
-444.975
-444.975
-444.975
-444.974
-444.974
-444.313
-444.313
-444.313
-444.313
-444.313
-444.313
-444.313
-444.313
-444.313
-444.313
-444.313
-444.313
-444.313
-444.313
-444.313
-444.313
-444.313
-444.313
-444.313
-449.519
-444.313
-444.313
-444.313
-444.313
-444.314
-445.607
-444.946
-444.946
-444.946
-444.946
-444.946
-444.946
-444.314
-444.313
-444.313
-444.313
-444.313
-444.313
-446.311
-446.311
-446.311
-446.311
-446.311
-446.311
-446.311
-446.311
-446.311
-449.498
-449.498
-446.972
-446.972
-446.972
-446.311
-446.311
-446.311
-446.311
-444.314
-444.314
-444.314
-444.313
-444.313
-444.313
-444.313
-444.313
-444.313
-444.313
-444.313
-444.313
-444.313
-444.313
-444.313
-444.313
-444.313
-444.313
-446.311
-446.311
-446.311
-447.013
-447.013
-447.013
-447.013
-447.013
-447.013
-447.013
-447.013
-446.311
-445.61
-445.61
-445.61
-445.61
-444.314
-444.314
-444.314
-444.314
-444.314
-444.314
-444.314
-444.314
-444.314
-444.314
-444.314
-444.314
-444.314
-444.314
-444.314
-444.314
-444.314
-444.314
-444.314
-444.314
-444.314
-444.314
-444.946
-444.946
-444.946
-444.946
-444.946
-444.946
-444.946
-444.946
-444.946
-444.946
-444.946
-444.946
-449.946
-449.946
-449.946
-449.946
-444.946
-444.946
-444.946
-444.946
-444.974
-445.648
-445.648
-445.648
-445.648
-445.648
-445.648
-445.648
-445.648
-445.648
-445.648
-445.648
-445.648
-444.313
-444.313
-444.313
-444.313
-448.164
-448.164
-448.164
-448.164
-448.164
-448.164
-449.478
-448.164
-448.164
-448.164
-448.164
-448.184
-448.164
-448.164
-448.164
-448.164
-448.164
-448.164
-448.164
-448.164
-448.184
-448.184
-448.184
-448.184
-448.184
-448.184
-448.845
-448.845
-448.845
-448.845
-448.164
-448.845
-448.845
-448.817
-448.817
-448.817
-445.59
-444.974
-444.974
-444.974
-444.974
-444.974
-444.974
-444.974
-444.974
-447.276
-447.276
-447.276
-447.276
-447.73
-450.798
-450.798
-450.798
-447.317
-447.317
-447.317
-447.771
-445.015
-445.015
-445.015
-444.974
-444.974
-444.974
-444.974
-444.974
-444.974
-444.974
-444.974
-444.974
-444.974
-444.974
-444.974
-444.974
-444.974
-444.974
-444.313
-444.313
-444.313
-444.313
-444.313
-444.313
-444.313
-444.313
-444.313
-444.313
-444.313
-444.313
-444.93
-445.016
-445.016
-445.016
-445.016
-445.016
-445.016
-445.016
-445.016
-445.016
-445.016
-445.035
-445.035
-445.035
-445.035
-445.035
-445.035
-445.035
-445.035
-445.035
-445.035
-445.035
-445.035
-445.035
-445.035
-445.717
-445.717
-445.717
-445.717
-445.717
-445.717
-445.717
-445.717
-445.717
-445.717
-445.717
-445.717
-445.717
-445.717
-445.717
-445.717
-445.717
-445.717
-445.717
-445.717
-445.717
-445.717
-445.717
-445.717
-445.717
-445.717
-445.717
-445.717
-445.717
-445.717
-445.717
-445.717
-445.717
-445.717
-445.717
-445.717
-445.717
-445.717
-445.717
-445.717
-445.717
-445.717
-445.717
-445.717
-445.717
-445.737
-445.015
-445.015
-445.015
-445.015
-445.015
-445.015
-445.015
-445.015
-445.015
-445.015
-445.015
-445.015
-445.015
-444.974
-444.974
-444.974
-444.974
-444.974
-444.974
-444.974
-444.974
-444.974
-444.974
-444.974
-444.974
-444.313
-444.313
-444.313
-444.313
-444.313
-444.313
-444.974
-444.974
-444.974
-444.974
-444.974
-444.974
-444.974
-444.974
-444.974
-444.974
-445.015
-444.313
-444.313
-444.313
-444.313
-444.313
-444.313
-444.313
-444.313
-445.696
-448.166
-448.166
-448.137
-448.137
-448.137
-448.137
-448.166
-448.166
-448.867
-449.063
-449.063
-449.063
-449.063
-450.063
-450.042
-449.042
-449.042
-449.042
-449.042
-449.042
-449.042
-449.042
-451.38
-451.38
-451.38
-451.38
-451.38
-451.38
-445.648
-445.648
-445.648
-445.648
-445.648
-445.648
-445.648
-445.648
-444.93
-444.93
-444.93
-444.93
-444.93
-444.93
-445.607
-444.93
-444.93
-445.631
-445.631
-445.631
-445.631
-445.631
-445.631
-445.631
-445.648
-445.648
-445.648
-445.648
-445.648
-445.648
-445.648
-445.648
-444.946
-444.946
-444.946
-444.946
-444.946
-444.946
-444.946
-444.946
-444.946
-444.946
-444.946
-444.946
-444.946
-444.946
-444.946
-444.946
-445.648
-445.648
-445.648
-445.648
-445.648
-445.648
-445.607
-445.607
-445.607
-445.607
-449.519
-449.519
-444.946
-444.946
-444.946
-444.946
-444.946
-444.946
-444.946
-444.946
-444.946
-444.946
-444.946
-444.946
-444.946
-448.387
-448.387
-448.387
-448.387
-448.387
-445.631
-445.631
-445.631
-445.631
-449.483
-447.317
-445.631
-445.631
-444.93
-444.93
-444.93
-444.93
-444.93
-444.93
-444.946
-444.946
-448.34
-448.34
-448.34
-448.34
-449.34
-448.34
-448.34
-448.34
-450.465
-450.465
-448.164
-448.164
-448.164
-448.164
-448.164
-448.866
-448.866
-448.866
-448.866
-448.866
-448.866
-448.866
-448.148
-444.93
-444.93
-444.93
-444.93
-445.648
-445.648
-445.648
-445.648
-445.648
-445.648
-447.771
-447.276
-447.317
-447.317
-447.276
-447.73
-447.73
-447.07
-447.07
-446.389
-446.389
-448.137
-452.898
-448.818
-448.818
-448.818
-450.475
-450.475
-450.475
-448.818
-448.818
-448.818
-448.818
-450.475
-450.475
-450.475
-450.475
-452.196
-452.196
-453.196
-452.196
-452.196
-452.196
-450.475
-450.475
-450.475
-450.475
-450.475
-450.475
-450.475
-449.784
-449.784
-449.784
-450.072
-450.072
-450.663
-450.622
-450.622
-449.962
-449.962
-449.962
-449.962
-449.962
-449.962
-451.51
-451.51
-451.51
-451.51
-451.51
-451.51
-452.51
-449.34
-451.502
-451.502
-451.502
-451.502
-451.502
-451.502
-451.502
-451.502
-451.502
-451.502
-451.502
-451.502
-451.502
-451.502
-451.502
-451.502
-451.502
-451.502
-451.521
-451.521
-451.521
-451.521
-449.361
-448.361
-448.361
-448.361
-449.022
-449.022
-449.022
-449.022
-449.022
-449.022
-449.022
-449.022
-449.022
-448.361
-449.361
-448.361
-448.361
-448.361
-448.361
-449.022
-449.022
-449.022
-449.001
-449.001
-445.607
-445.607
-445.607
-445.607
-445.607
-445.607
-445.607
-445.607
-445.607
-445.607
-445.607
-445.607
-445.607
-445.607
-445.607
-445.607
-445.607
-446.356
-446.397
-446.397
-446.397
-446.397
-446.397
-446.397
-446.397
-446.397
-446.397
-446.397
-445.696
-445.696
-445.696
-444.313
-444.313
-444.313
-444.313
-444.313
-444.313
-447.07
-447.07
-447.07
-447.07
-447.07
-447.07
-447.07
-447.07
-447.07
-447.07
-446.615
-446.615
-446.615
-446.615
-447.07
-446.389
-446.389
-446.389
-444.313
-444.313
-444.313
-444.313
-445.015
-445.015
-445.015
-445.015
-445.015
-445.015
-445.015
-445.631
-445.631
-445.631
-445.631
-445.631
-445.631
-445.631
-445.631
-445.631
-445.631
-445.631
-445.631
-445.631
-445.631
-445.631
-445.631
-445.631
-445.696
-445.696
-445.631
-445.631
-445.631
-445.631
-445.015
-445.015
-445.015
-445.631
-445.631
-445.631
-451.478
-451.478
-451.478
-451.478
-451.478
-451.478
-445.607
-445.607
-445.607
-445.607
-445.607
-445.607
-445.607
-445.607
-445.607
-444.974
-444.974
-444.974
-445.696
-445.696
-453.933
-453.933
-453.933
-453.933
-453.933
-453.933
-453.933
-453.933
-453.933
-453.933
-453.933
-453.933
-453.933
-453.933
-445.696
-445.607
-445.607
-445.607
-445.655
-445.655
-444.994
-444.994
-444.994
-444.994
-444.994
-444.946
-444.946
-444.946
-444.946
-444.946
-444.946
-444.946
-444.946
-451.456
-451.456
-451.477
-451.477
-451.477
-445.61
-444.314
-444.314
-444.314
-444.314
-444.314
-444.314
-444.314
-444.314
-444.314
-444.314
-444.314
-444.314
-444.313
-444.313
-444.313
-444.313
-444.314
-444.314
-444.314
-444.314
-444.314
-444.314
-444.314
-444.314
-444.314
-444.314
-445.61
-445.61
-445.61
-445.61
-445.61
-445.61
-445.61
-445.61
-445.61
-445.61
-445.61
-445.61
-445.61
-446.311
-446.311
-446.311
-446.311
-446.311
-446.311
-446.311
-446.311
-446.311
-446.311
-446.311
-446.311
-446.311
-446.311
-446.311
-446.311
-446.311
-446.311
-446.311
-446.311
-446.311
-446.311
-445.016
-445.016
-445.016
-445.016
-445.016
-445.016
-445.016
-445.015
-445.015
-445.015
-445.015
-445.015
-445.015
-445.015
-445.015
-445.016
-445.016
-444.314
-444.314
-444.314
-444.314
-444.314
-444.314
-444.313
-444.313
-444.313
-444.313
-444.313
-444.313
-444.313
-444.313
-444.313
-444.313
-445.648
-445.648
-445.648
-444.974
-444.974
-444.974
-444.974
-444.974
-444.974
-444.974
-444.974
-444.974
-444.974
-444.974
-444.974
-444.974
-444.974
-444.974
-444.974
-444.974
-444.974
-444.974
-444.974
-444.974
-444.974
-444.974
-444.974
-444.974
-444.974
-444.974
-445.648
-445.648
-445.648
-445.648
-445.648
-445.648
-445.648
-448.166
-448.166
-448.166
-448.166
-448.166
-448.166
-448.166
-448.166
-448.166
-448.166
-448.166
-451.385
-451.385
-451.385
-448.164
-448.164
-445.015
-445.607
-445.607
-445.607
-445.607
-445.607
-445.607
-445.607
-445.607
-445.607
-445.607
-445.607
-445.607
-445.607
-445.607
-444.946
-444.946
-444.946
-444.946
-444.946
-444.946
-444.946
-444.946
-445.016
-445.016
-445.016
-445.016
-445.016
-445.016
-448.867
-448.166
-448.166
-448.166
-448.166
-448.166
-448.166
-444.946
-449.49
-449.49
-449.49
-449.49
-449.49
-449.49
-449.49
-449.49
-449.49
-449.49
-449.49
-444.946
-444.946
-444.946
-444.946
-444.946
-444.946
-444.946
-444.946
-444.946
-444.946
-444.946
-444.946
-444.946
-445.015
-445.015
-444.313
-444.313
-444.974
-444.974
-444.974
-449.517
-449.517
-449.517
-449.517
-449.517
-449.517
-449.517
-449.517
-449.517
-449.517
-449.49
-449.49
-449.49
-449.517
-449.517
-449.517
-449.517
-449.517
-449.517
-449.517
-449.517
-449.517
-449.517
-444.974
-444.946
-444.946
-444.946
-444.946
-444.946
-444.946
-444.946
-444.974
-444.974
-444.974
-444.974
-444.974
-444.974
-444.974
-444.974
-444.974
-444.974
-444.974
-444.974
-444.974
-444.974
-444.975
-444.975
-444.974
-444.974
-444.974
-444.974
-444.974
-444.974
-444.974
-444.974
-444.974
-444.974
-444.974
-444.974
-444.974
-445.015
-448.452
-444.946
-444.946
-444.946
-444.946
-444.946
-444.946
-444.946
-444.946
-444.946
-444.946
-444.946
-444.946
-444.946
-444.946
-444.946
-444.946
-444.946
-444.946
-444.946
-444.946
-444.946
-444.946
-445.015
-450.855
-450.855
-450.855
-450.855
-450.855
-450.855
-450.855
-445.015
-445.015
-444.313
-444.313
-444.313
-444.974
-444.974
-444.974
-450.775
-450.775
-450.775
-450.775
-450.775
-450.775
-450.775
-450.775
-450.775
-450.775
-448.845
-448.845
-448.845
-448.845
-448.845
-448.845
-448.846
-448.887
-448.887
-448.185
-449.478
-449.478
-449.478
-449.478
-449.478
-449.478
-448.817
-448.817
-448.817
-448.817
-448.817
-448.817
-448.817
-448.817
-448.817
-449.519
-449.519
-445.648
-445.648
-445.648
-445.648
-445.648
-445.648
-445.648
-445.648
-445.648
-445.648
-445.648
-445.648
-445.648
-445.648
-445.648
-445.648
-445.648
-445.648
-445.648
-445.648
-445.648
-445.648
-445.648
-445.648
-445.648
-445.648
-445.648
-445.648
-445.648
-445.648
-445.648
-445.648
-445.648
-445.648
-445.648
-445.607
-445.607
-445.607
-445.607
-445.607
-445.607
-445.607
-445.607
-445.607
-445.607
-445.607
-445.607
-445.607
-445.607
-445.607
-445.607
-445.607
-449.478
-449.478
-447.751
-447.751
-447.751
-448.432
-448.432
-448.432
-448.432
-448.432
-448.432
-447.751
-447.751
-447.751
-447.751
-447.751
-447.751
-447.751
-447.751
-447.751
-447.751
-447.07
-447.07
-447.07
-447.771
-447.771
-448.474
-448.474
-448.474
-448.474
-448.474
-448.474
-448.474
-448.474
-448.867
-448.826
-448.826
-447.73
-444.974
-444.974
-444.974
-444.974
-444.974
-444.974
-444.974
-444.974
-444.974
-444.974
-444.313
-444.313
-444.313
-444.313
-444.313
-444.313
-444.313
-444.313
-444.313
-444.974
-444.974
-445.015
-445.015
-445.015
-445.015
-445.015
-445.015
-445.015
-445.015
-445.015
-445.015
-445.015
-445.015
-445.015
-445.015
-445.015
-445.015
-447.771
-447.771
-447.771
-448.801
-448.801
-448.801
-448.801
-448.801
-448.801
-445.631
-447.317
-447.317
-452.634
-452.634
-452.634
-452.634
-452.634
-452.634
-452.634
-452.634
-452.634
-452.634
-452.634
-452.634
-452.634
-452.634
-452.634
-450.116
-450.116
-450.116
-450.116
-450.116
-445.648
-445.648
-449.042
-445.648
-445.648
-445.648
-445.648
-445.648
-445.648
-445.648
-445.648
-445.648
-445.648
-445.648
-445.648
-445.648
-445.648
-445.648
-445.648
-445.648
-445.648
-445.648
-445.648
-445.648
-445.648
-445.648
-445.648
-445.648
-445.648
-445.648
-445.648
-445.648
-445.648
-445.648
-445.648
-445.648
-445.648
-445.648
-445.648
-445.648
-445.648
-445.648
-445.648
-445.648
-445.648
-445.648
-445.607
-445.607
-445.607
-445.607
-445.607
-445.607
-445.607
-445.607
-445.607
-445.607
-445.607
-445.607
-445.607
-445.607
-445.607
-445.607
-445.607
-445.607
-445.607
-445.607
-445.607
-445.607
-445.607
-445.607
-445.607
-445.607
-445.607
-445.607
-445.607
-445.607
-445.607
-445.607
-449.001
-449.001
-449.001
-449.001
-449.001
-449.042
-449.042
-449.042
-448.34
-448.34
-448.361
-448.361
-448.361
-448.361
-448.361
-448.361
-448.361
-450.699
-448.361
-448.361
-448.361
-448.361
-448.361
-448.361
-451.531
-451.531
-451.531
-448.361
-449.063
-448.867
-448.867
-448.867
-448.867
-448.867
-449.063
-449.042
-449.042
-449.042
-449.042
-449.042
-449.042
-449.042
-449.042
-452.211
-452.211
-451.51
-452.51
-450.962
-449.962
-449.962
-453.833
-449.784
-449.784
-449.784
-449.784
-449.784
-452.122
-452.122
-456.171
-456.171
-456.171
-456.171
-456.171
-456.171
-456.171
-452.3
-452.3
-452.3
-452.3
-453.001
-453.001
-453.001
-453.001
-452.813
-452.813
-452.813
-452.813
-452.96
-452.96
-448.797
-448.797
-449.478
-452.218
-452.218
-449.826
-449.826
-449.826
-446.389
-447.07
-447.07
-447.07
-447.07
-447.07
-447.07
-447.07
-447.07
-447.07
-447.07
-447.07
-447.771
-447.771
-447.771
-447.771
-447.771
-447.771
-447.771
-447.771
-445.648
-445.648
-445.648
-445.648
-445.648
-445.648
-445.648
-445.648
-445.648
-445.648
-445.648
-445.648
-445.648
-444.93
-444.93
-444.93
-444.93
-444.93
-447.318
-447.318
-444.93
-444.93
-444.93
-444.93
-445.648
-445.648
-449.042
-449.042
-449.042
-449.042
-449.042
-449.042
-449.042
-449.042
-450.042
-450.042
-450.042
-450.042
-450.042
-449.34
-451.521
-450.427
-455.315
-454.315
-454.315
-454.315
-455.315
-455.315
-454.315
-454.315
-458.811
-459.811
-459.811
-455.728
-455.748
-454.748
-454.748
-454.748
-454.748
-454.748
-454.748
-455.748
-455.748
-454.748
-454.748
-454.748
-455.429
-455.429
-454.728
-454.728
-454.976
-454.976
-454.976
-454.976
-454.976
-454.976
-454.976
-455.976
-455.976
-455.976
-455.976
-454.976
-452.239
-452.239
-453.239
-454.239
-454.239
-454.239
-453.239
-455.996
-455.996
-455.996
-455.996
-452.853
-452.853
-452.853
-452.853
-452.853
-456.704
-456.704
-456.704
-456.704
-456.704
-457.098
-456.724
-456.724
-456.724
-452.853
-452.853
-452.193
-452.193
-452.193
-452.193
-451.1
-451.1
-451.513
-452.214
-452.214
-452.214
-452.214
-452.214
-452.214
-451.1
-451.1
-451.1
-451.1
-450.409
-450.409
-450.409
-450.409
-451.11
-451.11
-451.11
-450.409
-450.409
-451.523
-451.523
-451.523
-451.523
-451.523
-451.523
-451.523
-452.176
-452.176
-451.176
-451.176
-451.176
-451.176
-452.176
-452.176
-451.523
-451.523
-451.523
-451.523
-451.523
-451.523
-451.523
-451.523
-451.523
-455.394
-455.394
-451.523
-451.523
-451.523
-452.214
-452.214
-452.214
-451.541
-451.541
-451.541
-451.541
-451.541
-451.5
-451.5
-451.482
-451.482
-451.482
-451.482
-452.618
-452.618
-450.822
-450.822
-450.822
-451.069
-451.069
-451.069
-451.069
-451.069
-451.069
-451.069
-451.069
-451.069
-451.069
-451.069
-451.069
-451.069
-451.069
-451.069
-451.069
-451.069
-451.069
-451.069
-454.919
-454.919
-454.919
-454.919
-454.919
-454.919
-454.919
-454.919
-454.919
-455.472
-455.472
-455.472
-454.881
-452.124
-452.124
-452.124
-451.031
-450.031
-450.031
-450.031
-451.031
-450.031
-450.031
-450.031
-450.031
-451.124
-451.124
-451.124
-447.73
-444.974
-444.974
-444.974
-444.974
-444.974
-444.974
-444.974
-444.974
-444.974
-444.974
-444.974
-447.276
-445.59
-445.59
-445.59
-445.59
-445.59
-445.59
-445.59
-445.59
-445.59
-445.59
-445.59
-445.59
-447.276
-447.276
-447.276
-447.276
-447.276
-447.276
-452.522
-452.522
-452.522
-452.522
-452.522
-452.522
-452.522
-452.996
-452.996
-452.996
-451.861
-451.861
-451.861
-451.861
-451.861
-451.861
-451.861
-451.861
-451.861
-451.861
-451.861
-451.861
-451.861
-457.466
-451.861
-451.861
-451.861
-451.861
-451.861
-451.861
-451.861
-451.861
-451.861
-451.861
-451.861
-451.861
-452.996
-452.996
-452.996
-452.996
-452.996
-452.996
-453.037
-453.037
-453.037
-451.861
-451.861
-451.861
-451.861
-451.861
-451.861
-451.861
-444.93
-444.93
-444.93
-446.615
-450.713
-450.713
-449.047
-449.047
-449.047
-445.607
-445.607
-445.607
-445.607
-445.59
-445.59
-445.59
-445.59
-445.607
-445.607
-445.607
-445.631
-445.631
-445.631
-445.631
-445.631
-445.631
-449.483
-449.483
-449.483
-449.483
-449.483
-449.483
-445.631
-445.631
-445.631
-445.631
-445.631
-444.946
-448.34
-448.34
-448.361
-448.361
-448.361
-448.361
-448.361
-448.361
-448.361
-448.361
-449.361
-449.361
-448.361
-448.361
-448.361
-448.361
-448.361
-448.361
-448.361
-448.361
-448.361
-448.361
-448.361
-448.361
-448.361
-448.361
-448.361
-448.361
-448.361
-448.361
-448.361
-448.361
-448.361
-448.361
-448.361
-448.361
-448.361
-448.166
-447.07
-447.317
-447.317
-445.015
-445.015
-445.015
-445.015
-445.015
-445.015
-445.015
-445.015
-446.397
-445.631
-445.631
-445.631
-445.631
-445.631
-445.631
-445.631
-445.631
-445.631
-445.631
-445.631
-445.631
-445.631
-445.607
-445.607
-445.607
-445.607
-445.696
-445.696
-445.696
-445.696
-445.696
-445.696
-445.696
-445.696
-445.696
-445.696
-445.696
-445.696
-444.974
-444.974
-444.974
-444.974
-444.974
-447.73
-448.825
-448.825
-445.607
-444.93
-445.607
-445.607
-445.607
-445.607
-445.607
-445.607
-445.631
-445.631
-445.631
-445.631
-445.631
-445.631
-445.631
-445.631
-445.631
-445.631
-445.631
-445.631
-445.631
-445.631
-448.019
-448.019
-452.261
-453.261
-452.261
-452.261
-454.562
-454.562
-454.562
-454.562
-454.562
-445.717
-445.717
-445.717
-445.717
-448.019
-448.019
-448.019
-448.019
-448.019
-448.019
-448.019
-448.019
-448.019
-447.792
-447.792
-447.792
-447.792
-444.946
-444.946
-445.631
-445.59
-445.59
-445.59
-445.59
-445.59
-445.59
-445.59
-445.59
-445.59
-445.59
-445.59
-445.59
-445.59
-445.59
-445.59
-445.59
-445.59
-445.59
-445.59
-445.59
-445.59
-445.59
-445.59
-445.59
-445.59
-445.59
-445.59
-445.59
-445.59
-445.59
-448.387
-448.387
-448.387
-448.387
-448.387
-448.387
-448.387
-448.387
-448.387
-448.387
-448.387
-448.387
-447.75
-447.75
-447.75
-447.75
-447.75
-447.75
-447.75
-447.75
-449.047
-449.047
-449.047
-449.047
-449.047
-449.047
-449.047
-446.311
-446.311
-445.61
-446.311
-446.311
-446.311
-446.311
-446.311
-446.311
-446.311
-446.311
-446.311
-447.013
-447.013
-447.013
-447.013
-447.013
-447.013
-448.887
-448.887
-448.887
-448.887
-448.887
-448.887
-445.015
-445.015
-445.015
-445.015
-445.015
-445.015
-445.015
-445.015
-445.015
-451.556
-454.313
-454.313
-454.313
-454.313
-454.313
-454.313
-454.313
-454.313
-447.771
-447.771
-447.771
-447.771
-447.771
-447.771
-447.771
-447.771
-447.771
-447.771
-447.771
-447.771
-447.771
-447.771
-447.091
-447.091
-447.05
-446.389
-446.389
-446.389
-447.464
-447.464
-447.464
-446.803
-449.784
-450.199
-450.199
-450.199
-450.199
-450.199
-450.199
-450.199
-450.199
-450.199
-450.199
-450.199
-450.199
-450.199
-450.199
-450.199
-450.199
-450.199
-450.199
-449.784
-449.784
-449.784
-450.784
-450.784
-450.784
-450.784
-450.784
-450.784
-456.615
-455.615
-455.615
-458.034
-458.034
-458.034
-458.034
-458.034
-458.034
-458.034
-458.034
-458.034
-458.034
-458.034
-458.034
-458.034
-458.034
-458.034
-458.034
-458.034
-458.034
-459.034
-459.034
-454.49
-455.49
-454.49
-453.49
-453.49
-453.49
-453.49
-453.49
-453.49
-448.34
-448.34
-448.34
-444.946
-444.946
-444.946
-445.631
-445.631
-445.631
-445.631
-445.696
-445.696
-445.696
-445.696
-445.696
-445.631
-445.631
-445.631
-445.631
-445.631
-445.631
-445.631
-445.631
-445.631
-445.631
-445.631
-445.607
-445.607
-445.607
-449.478
-449.505
-449.505
-449.478
-449.478
-449.478
-449.478
-449.478
-449.458
-449.458
-449.458
-448.144
-448.144
-448.144
-448.144
-448.144
-448.144
-448.144
-448.144
-448.144
-448.825
-448.144
-448.144
-448.144
-448.144
-448.144
-448.144
-448.144
-448.144
-447.771
-447.771
-447.771
-447.771
-447.771
-447.771
-447.771
-447.771
-447.771
-447.771
-447.771
-448.796
-448.858
-448.858
-448.858
-448.838
-448.838
-448.838
-448.166
-448.166
-448.166
-448.166
-448.166
-448.166
-448.166
-448.838
-448.137
-448.137
-448.137
-448.137
-448.137
-448.137
-447.731
-448.185
-447.505
-450.241
-450.241
-450.241
-450.241
-451.356
-451.356
-451.356
-451.356
-451.356
-448.867
-447.772
-447.772
-447.772
-447.772
-447.772
-447.772
-447.772
-447.772
-447.091
-447.091
-445.015
-445.015
-445.015
-445.015
-445.648
-445.607
-445.607
-445.607
-445.607
-445.607
-445.607
-445.607
-445.607
-445.607
-445.607
-445.607
-445.607
-445.607
-445.607
-445.607
-445.655
-445.655
-445.655
-445.655
-444.994
-444.994
-444.994
-444.994
-444.994
-444.994
-444.994
-444.994
-444.994
-444.994
-445.655
-448.287
-448.287
-448.287
-448.287
-448.287
-448.287
-448.287
-448.287
-448.287
-448.287
-448.287
-448.287
-448.287
-448.287
-448.845
-448.845
-448.886
-445.035
-445.035
-445.035
-445.035
-445.035
-445.035
-445.035
-445.035
-445.035
-445.035
-445.035
-445.035
-445.035
-445.035
-445.035
-444.994
-444.994
-444.994
-444.994
-444.994
-444.994
-444.994
-444.994
-444.994
-444.994
-444.994
-444.994
-444.994
-444.994
-444.994
-444.994
-444.994
-444.994
-445.696
-445.696
-445.696
-445.696
-445.696
-445.696
-446.397
-446.397
-446.397
-448.473
-448.473
-448.473
-448.886
-448.886
-448.886
-448.886
-448.886
-448.886
-448.886
-448.886
-448.886
-452.105
-452.105
-448.886
-448.886
-448.865
-448.865
-448.865
-448.865
-448.865
-448.865
-448.906
-448.906
-448.906
-448.906
-448.886
-448.886
-448.886
-448.886
-448.886
-447.505
-447.505
-447.505
-448.185
-448.185
-448.185
-448.886
-448.886
-451.335
-451.123
-451.123
-451.123
-451.123
-451.123
-451.123
-451.123
-448.096
-448.776
-448.367
-448.367
-448.367
-448.367
-448.367
-448.367
-448.367
-448.776
-448.776
-448.776
-448.776
-448.776
-448.776
-448.776
-445.607
-445.607
-445.607
-445.607
-445.607
-445.607
-445.655
-445.607
-445.607
-445.607
-445.59
-445.59
-445.59
-445.59
-445.59
-445.59
-445.676
-445.676
-445.676
-445.676
-445.676
-445.016
-445.035
-445.035
-447.792
-447.792
-447.792
-445.035
-445.035
-445.035
-445.016
-445.016
-445.016
-445.016
-445.016
-445.016
-445.016
-445.016
-445.016
-445.016
-445.016
-445.016
-445.016
-445.035
-445.035
-445.035
-445.035
-445.035
-445.035
-445.035
-445.035
-445.035
-445.035
-445.035
-445.035
-445.035
-445.035
-445.035
-444.313
-444.313
-444.313
-444.313
-444.313
-445.015
-445.015
-444.313
-444.946
-444.313
-444.313
-444.313
-444.313
-447.75
-447.75
-447.75
-447.75
-445.607
-445.607
-444.313
-445.648
-445.648
-445.648
-445.648
-445.648
-445.648
-445.648
-445.648
-445.648
-445.648
-445.648
-445.648
-445.648
-445.648
-445.648
-445.648
-445.648
-445.648
-444.946
-444.946
-444.946
-444.946
-444.946
-444.946
-444.946
-444.946
-444.946
-444.946
-444.946
-444.946
-444.946
-444.946
-444.946
-444.946
-444.946
-444.946
-444.946
-444.946
-444.946
-444.946
-444.946
-444.946
-444.946
-444.946
-444.946
-444.946
-444.946
-444.946
-444.946
-444.946
-444.946
-444.946
-444.946
-444.946
-444.946
-444.946
-444.946
-444.946
-444.946
-444.946
-444.946
-444.946
-444.946
-444.946
-444.946
-444.946
-444.946
-444.946
-444.946
-444.946
-444.946
-444.946
-444.946
-444.946
-444.946
-444.946
-444.946
-448.826
-448.826
-448.826
-448.826
-448.826
-448.826
-448.826
-448.826
-448.826
-448.826
-449.703
-449.703
-449.703
-449.703
-444.314
-444.314
-444.313
-444.313
-444.313
-444.313
-444.313
-444.313
-444.313
-445.015
-445.015
-445.015
-444.946
-444.946
-444.946
-444.946
-444.946
-444.946
-444.946
-444.946
-444.946
-444.946
-444.946
-444.946
-444.946
-444.946
-444.946
-444.946
-444.946
-444.946
-444.946
-444.313
-444.313
-444.313
-444.313
-444.313
-444.313
-444.313
-444.313
-444.313
-444.313
-444.313
-444.313
-444.313
-444.314
-444.314
-444.314
-444.314
-444.313
-444.974
-446.27
-446.27
-446.27
-446.27
-446.27
-448.826
-448.826
-448.826
-448.867
-448.867
-448.867
-448.867
-448.826
-453.355
-453.355
-453.355
-453.355
-453.355
-453.355
-453.355
-453.355
-447.627
-444.974
-444.974
-444.974
-444.974
-444.974
-444.974
-444.974
-444.974
-444.974
-444.974
-444.974
-444.974
-444.974
-444.974
-444.974
-444.974
-444.974
-444.974
-444.974
-444.974
-444.313
-444.313
-444.313
-444.313
-444.313
-444.313
-444.313
-444.313
-444.313
-444.974
-444.974
-444.974
-444.974
-444.974
-444.974
-444.974
-444.974
-444.974
-444.974
-444.974
-444.974
-444.974
-444.974
-444.974
-444.974
-444.974
-444.974
-444.974
-444.974
-444.974
-444.974
-444.974
-444.974
-444.974
-444.974
-444.974
-444.974
-446.27
-445.61
-445.61
-445.61
-445.61
-445.61
-445.61
-445.61
-445.61
-445.61
-445.61
-445.61
-445.61
-445.61
-445.61
-445.61
-445.61
-445.61
-445.61
-445.61
-445.61
-445.61
-445.61
-445.61
-445.61
-445.61
-445.61
-445.61
-445.61
-445.61
-445.61
-445.61
-446.27
-446.27
-446.311
-446.311
-447.013
-447.013
-447.013
-447.013
-446.311
-446.311
-446.311
-446.311
-446.27
-449.518
-449.518
-449.518
-449.518
-449.518
-449.518
-449.518
-449.518
-449.518
-449.518
-449.518
-449.518
-449.518
-449.518
-450.15
-449.518
-449.518
-444.975
-444.975
-444.975
-444.975
-444.975
-444.975
-444.975
-444.975
-444.975
-444.975
-444.975
-444.975
-444.974
-444.974
-444.974
-444.974
-444.974
-444.974
-444.974
-444.974
-444.974
-444.974
-448.164
-448.164
-448.164
-448.164
-449.46
-449.46
-449.46
-448.166
-448.166
-448.166
-448.166
-448.166
-448.166
-448.166
-448.166
-448.166
-448.166
-448.166
-448.166
-448.166
-444.946
-444.946
-444.946
-444.946
-444.946
-444.946
-444.946
-444.946
-444.946
-444.946
-444.946
-444.946
-444.946
-444.946
-444.946
-444.946
-444.946
-444.946
-444.946
-444.946
-444.946
-444.946
-444.946
-449.442
-449.442
-449.442
-449.442
-449.442
-449.442
-449.442
-449.442
-449.442
-449.442
-449.442
-449.442
-447.771
-447.771
-447.771
-447.771
-444.994
-444.994
-449.498
-449.498
-444.946
-444.946
-444.946
-445.015
-445.015
-445.015
-445.015
-445.015
-445.015
-446.311
-445.61
-444.314
-445.016
-445.016
-445.015
-445.015
-445.015
-444.313
-444.313
-444.313
-444.313
-444.313
-444.314
-444.314
-444.314
-444.314
-444.314
-444.314
-444.314
-444.314
-444.314
-444.314
-444.314
-444.314
-444.314
-444.314
-444.314
-444.314
-444.314
-444.314
-445.61
-445.61
-445.61
-445.61
-445.61
-445.61
-445.61
-445.61
-445.61
-445.61
-445.61
-445.61
-445.61
-445.61
-445.61
-445.61
-445.61
-445.61
-445.61
-445.61
-452.218
-452.218
-448.817
-448.817
-448.817
-448.817
-448.817
-448.817
-448.817
-448.817
-448.817
-448.817
-448.817
-448.817
-448.817
-448.817
-448.817
-448.817
-448.817
-448.817
-448.817
-448.817
-445.607
-445.607
-445.607
-445.607
-445.607
-445.607
-445.607
-445.607
-445.607
-445.607
-445.607
-445.607
-445.607
-445.607
-445.607
-445.607
-445.607
-445.607
-445.607
-445.607
-445.607
-445.607
-445.607
-445.607
-445.607
-445.607
-445.015
-445.015
-445.015
-445.015
-445.015
-445.015
-445.015
-445.015
-445.015
-445.015
-445.015
-445.015
-445.015
-445.015
-445.015
-445.015
-444.946
-444.946
-444.946
-444.946
-444.946
-444.946
-444.946
-444.946
-444.946
-444.946
-444.946
-444.946
-444.946
-444.946
-444.946
-444.946
-444.946
-444.946
-444.946
-444.946
-444.946
-444.946
-444.946
-444.946
-444.946
-444.946
-444.946
-444.946
-444.946
-444.946
-445.016
-445.016
-445.016
-445.016
-445.016
-445.016
-445.016
-445.016
-445.016
-444.314
-444.314
-444.314
-444.314
-444.314
-445.016
-445.016
-445.015
-444.946
-444.946
-444.946
-444.946
-444.946
-444.975
-444.946
-444.946
-444.946
-444.946
-444.946
-444.946
-444.946
-444.946
-444.946
-449.519
-449.519
-449.519
-449.519
-449.519
-449.519
-449.519
-449.519
-449.519
-454.062
-454.062
-449.517
-449.517
-449.517
-449.517
-449.517
-444.974
-444.974
-444.974
-444.974
-444.974
-444.974
-447.73
-447.73
-444.974
-444.974
-444.975
-444.975
-444.975
-444.975
-444.975
-444.314
-444.314
-444.314
-444.314
-444.314
-444.314
-444.314
-444.314
-444.314
-444.313
-444.313
-444.313
-444.313
-444.313
-444.313
-444.313
-444.313
-444.313
-444.313
-444.313
-444.313
-444.313
-444.946
-444.946
-444.946
-444.946
-444.946
-444.946
-444.946
-444.946
-444.946
-444.946
-444.946
-444.946
-444.946
-444.946
-444.946
-444.946
-444.946
-444.946
-444.946
-444.946
-445.015
-445.015
-445.015
-444.974
-444.974
-444.975
-444.975
-444.975
-444.975
-444.975
-444.975
-444.975
-444.975
-444.975
-444.975
-444.975
-444.975
-444.975
-444.975
-444.975
-444.975
-444.975
-444.975
-444.975
-444.975
-444.975
-444.975
-444.975
-447.771
-447.771
-447.771
-447.771
-447.771
-447.771
-447.771
-447.771
-447.771
-447.771
-447.771
-447.771
-447.771
-445.607
-444.946
-444.946
-444.946
-444.946
-444.946
-444.946
-444.946
-444.946
-444.946
-444.946
-444.946
-444.946
-444.946
-444.946
-444.946
-445.648
-445.648
-445.648
-445.648
-445.648
-445.607
-445.607
-445.607
-445.607
-445.607
-445.607
-445.607
-445.607
-448.826
-448.826
-448.826
-448.826
-448.826
-448.826
-448.826
-448.826
-448.826
-448.826
-448.826
-448.826
-448.826
-448.826
-448.826
-448.166
-448.166
-448.166
-448.166
-444.313
-444.313
-444.314
-445.607
-445.607
-445.607
-445.607
-445.607
-445.607
-445.607
-445.607
-445.607
-445.607
-445.607
-445.607
-445.607
-445.607
-445.607
-445.607
-445.607
-445.607
-445.607
-445.607
-445.607
-444.975
-444.975
-444.975
-444.975
-444.975
-444.975
-444.975
-444.975
-444.975
-444.975
-445.016
-448.473
-448.473
-448.473
-448.473
-448.473
-448.452
-448.328
-448.328
-448.328
-448.328
-448.328
-448.328
-448.328
-448.328
-449.519
-449.519
-449.519
-444.313
-444.313
-444.313
-444.313
-444.313
-444.313
-444.313
-444.313
-444.313
-444.313
-444.313
-444.313
-444.313
-444.313
-444.313
-444.313
-444.313
-444.313
-444.313
-444.974
-444.974
-444.974
-444.974
-444.974
-444.974
-444.974
-444.974
-444.974
-444.974
-444.974
-444.974
-444.974
-445.015
-445.015
-445.015
-445.015
-445.015
-444.313
-444.313
-444.313
-444.313
-445.648
-445.648
-445.648
-445.648
-445.648
-444.313
-444.313
-444.313
-445.61
-445.61
-445.61
-450.105
-450.105
-450.105
-450.105
-448.81
-448.81
-448.81
-448.81
-448.81
-448.81
-448.81
-448.81
-448.81
-448.81
-448.81
-450.807
-450.807
-448.81
-448.81
-445.016
-445.016
-445.016
-445.016
-445.016
-445.016
-445.016
-445.016
-445.016
-445.016
-445.016
-445.016
-445.016
-445.016
-445.016
-445.016
-445.016
-445.016
-445.648
-445.648
-445.648
-445.648
-445.648
-445.648
-444.313
-444.313
-444.314
-444.314
-444.314
-444.314
-444.314
-444.314
-444.314
-444.314
-444.314
-444.314
-444.314
-444.314
-444.314
-444.314
-444.313
-444.313
-444.313
-444.313
-444.313
-444.313
-444.313
-444.313
-444.313
-444.313
-444.313
-444.313
-444.313
-444.313
-444.313
-444.313
-444.974
