-462.349
-462.328
-462.328
-462.328
-450.578
-451.28
-451.335
-451.595
-448.137
-448.137
-448.137
-448.137
-448.137
-448.137
-448.137
-448.137
-448.137
-448.137
-448.137
-448.137
-448.137
-448.137
-448.137
-448.137
-448.137
-448.137
-448.137
-448.137
-448.137
-448.137
-448.137
-448.137
-445.639
-445.639
-445.639
-445.639
-445.619
-445.619
-445.619
-445.619
-445.619
-445.619
-445.619
-445.619
-445.619
-445.619
-445.619
-445.619
-445.561
-445.561
-443.561
-443.561
-443.561
-443.561
-443.561
-443.561
-443.561
-443.561
-443.561
-443.561
-443.561
-443.561
-443.561
-443.561
-443.561
-445.561
-445.561
-445.561
-445.561
-443.561
-443.561
-443.561
-443.561
-443.561
-443.561
-443.561
-443.561
-443.561
-443.581
-443.581
-443.581
-443.263
-443.581
-443.581
-443.581
-443.581
-443.581
-443.581
-445.581
-445.581
-445.581
-443.581
-443.581
-443.561
-443.561
-443.561
-443.561
-443.561
-443.561
-443.561
-443.561
-443.561
-443.561
-447.411
-447.411
-458.411
-458.411
-455.271
-455.271
-455.271
-455.271
-455.271
-455.271
-455.271
-455.271
-455.271
-455.271
-455.271
-455.271
-455.271
-455.271
-455.271
-455.25
-445.627
-445.627
-445.627
-445.627
-445.627
-445.627
-445.639
-445.639
-445.639
-445.639
-445.619
-445.619
-445.639
-445.639
-445.639
-445.639
-445.639
-445.639
-445.639
-445.581
-445.581
-443.581
-443.581
-443.581
-443.263
-443.263
-443.263
-443.263
-443.242
-443.242
-443.242
-443.561
-443.561
-443.561
-443.561
-443.581
-443.581
-443.263
-443.263
-443.581
-443.561
-443.561
-443.561
-443.561
-443.581
-443.581
-443.581
-443.581
-443.581
-443.581
-443.581
-443.581
-443.581
-443.581
-443.581
-443.581
-443.581
-443.581
-443.581
-446.078
-445.76
-445.76
-445.76
-445.76
-445.76
-445.76
-445.76
-445.76
-445.76
-445.76
-443.242
-443.242
-443.242
-443.242
-443.608
-443.608
-443.608
-440.448
-440.448
-440.448
-440.448
-440.448
-443.242
-443.242
-443.242
-443.242
-443.242
-443.242
-443.242
-443.242
-443.242
-440.448
-440.448
-440.448
-440.448
-440.448
-440.448
-440.448
-452.024
-452.024
-452.024
-452.024
-452.024
-452.024
-452.024
-452.024
-452.024
-452.024
-452.024
-452.024
-452.024
-452.024
-452.024
-452.024
-452.045
-452.045
-452.024
-452.024
-452.024
-452.024
-452.024
-444.283
-444.283
-444.283
-440.448
-440.448
-440.448
-440.448
-440.448
-440.448
-440.448
-445.448
-445.448
-445.448
-445.448
-445.448
-445.448
-440.448
-440.448
-440.448
-440.448
-440.448
-440.448
-440.448
-440.448
-440.448
-451.448
-451.448
-440.448
-440.448
-440.448
-440.448
-451.448
-451.448
-445.561
-445.581
-443.581
-443.581
-443.581
-443.581
-443.263
-443.263
-443.263
-443.263
-443.242
-443.263
-440.469
-440.469
-440.469
-440.469
-440.469
-440.469
-440.469
-440.469
-440.469
-440.469
-440.469
-440.469
-440.469
-440.469
-440.469
-440.469
-440.469
-440.469
-443.629
-443.629
-443.629
-443.629
-443.629
-440.469
-443.649
-443.649
-443.649
-443.649
-443.649
-443.649
-443.649
-443.649
-443.649
-445.64
-449.476
-449.476
-449.458
-449.458
-449.476
-449.476
-449.458
-449.458
-449.437
-449.437
-449.458
-449.458
-449.458
-445.621
-445.621
-445.621
-445.621
-445.601
-445.601
-445.601
-445.601
-445.601
-445.601
-445.601
-445.601
-445.601
-445.601
-445.601
-449.492
-449.492
-449.492
-449.492
-449.492
-449.492
-449.492
-445.621
-445.621
-445.601
-445.601
-445.621
-445.621
-445.621
-445.621
-445.621
-446.33
-446.33
-446.309
-446.309
-446.309
-446.309
-446.309
-446.33
-446.33
-446.33
-446.309
-446.33
-446.33
-446.33
-445.64
-445.64
-445.64
-445.64
-445.64
-445.64
-449.476
-449.476
-449.476
-446.256
-446.256
-446.256
-446.256
-446.236
-446.236
-446.236
-446.236
-446.236
-446.236
-446.236
-446.236
-446.236
-446.236
-446.236
-449.455
-449.455
-449.455
-449.455
-449.437
-449.458
-449.458
-452.961
-451.434
-453.434
-453.434
-453.413
-453.413
-453.413
-453.413
-453.413
-453.413
-453.413
-453.413
-453.413
-453.413
-453.413
-453.248
-446.915
-449.615
-449.615
-449.615
-449.615
-449.615
-448.945
-448.945
-448.945
-448.945
-448.945
-448.945
-448.945
-448.945
-448.945
-448.945
-448.945
-448.945
-448.945
-448.945
-448.945
-448.945
-448.32
-448.32
-448.32
-448.32
-448.341
-448.341
-448.32
-448.32
-448.32
-448.32
-448.32
-448.32
-448.32
-448.32
-448.32
-448.32
-448.32
-448.32
-448.341
-448.341
-448.341
-448.341
-448.341
-448.341
-448.341
-448.341
-448.341
-448.341
-448.341
-448.341
-448.341
-448.341
-448.32
-448.32
-448.32
-448.32
-448.32
-448.32
-448.32
-448.32
-448.32
-445.823
-445.823
-445.823
-445.802
-445.802
-445.802
-445.802
-445.823
-445.823
-445.823
-445.823
-445.823
-445.823
-445.823
-445.823
-445.823
-445.823
-445.823
-445.823
-445.823
-445.823
-445.823
-445.823
-449.694
-449.694
-449.694
-450.824
-450.143
-450.143
-450.824
-446.307
-446.307
-445.627
-445.648
-445.648
-445.916
-445.916
-445.916
-445.916
-445.916
-445.916
-445.916
-445.916
-445.627
-452.229
-452.229
-452.229
-450.229
-450.229
-450.229
-450.229
-450.229
-450.229
-450.229
-444.283
-444.283
-455.283
-457.23
-456.23
-456.23
-456.23
-456.23
-456.23
-456.23
-457.23
-457.23
-457.23
-456.23
-456.23
-456.23
-457.23
-457.23
-457.23
-456.23
-456.213
-454.362
-454.362
-457.531
-457.531
-453.66
-453.66
-454.66
-453.66
-450.441
-450.441
-450.441
-450.441
-450.441
-450.441
-450.441
-450.441
-450.441
-450.441
-450.441
-450.441
-450.441
-450.441
-450.441
-450.441
-450.441
-451.101
-451.101
-451.101
-451.101
-451.101
-451.101
-451.101
-451.101
-451.081
-451.081
-451.081
-451.081
-451.081
-451.081
-451.081
-451.081
-451.081
-453.619
-453.619
-453.619
-453.619
-453.619
-453.619
-453.639
-453.639
-453.639
-453.639
-453.639
-451.122
-451.093
-451.093
-451.093
-452.093
-452.093
-452.093
-451.093
-451.122
-451.122
-457.637
-457.637
-456.984
-456.984
-456.984
-456.984
-457.658
-456.984
-457.984
-456.984
-459.484
-459.484
-459.484
-451.484
-451.484
-451.484
-451.484
-451.484
-448.643
-448.643
-448.643
-451.484
-451.484
-451.484
-451.484
-451.484
-451.484
-450.756
-450.756
-450.756
-450.756
-448.966
-445.823
-445.823
-445.823
-445.823
-445.823
-445.823
-445.823
-445.823
-445.823
-445.823
-445.823
-445.823
-445.823
-445.823
-445.823
-445.844
-445.844
-445.844
-445.844
-445.844
-445.844
-445.844
-445.844
-445.844
-445.823
-445.823
-445.823
-445.844
-445.844
-445.844
-445.844
-445.844
-445.844
-445.844
-445.844
-445.844
-445.844
-445.844
-445.844
-445.844
-445.844
-445.844
-445.844
-445.844
-445.844
-445.844
-445.844
-445.844
-445.844
-445.844
-445.844
-445.844
-445.844
-445.844
-445.844
-445.823
-446.328
-446.328
-446.328
-450.199
-450.199
-450.199
-450.881
-450.881
-450.881
-450.881
-450.881
-450.199
-450.199
-450.199
-450.199
-450.199
-450.807
-445.916
-445.627
-445.627
-446.307
-446.307
-446.307
-450.83
-450.83
-450.83
-450.83
-446.328
-446.328
-446.307
-446.307
-446.307
-446.307
-446.307
-446.936
-445.916
-445.916
-446.936
-446.936
-446.936
-448.966
-448.966
-448.966
-448.966
-449.694
-449.694
-449.694
-449.694
-449.694
-449.694
-449.694
-449.694
-449.715
-457.146
-457.146
-457.146
-457.146
-457.146
-457.146
-457.146
-457.146
-457.146
-449.715
-449.715
-449.715
-449.715
-449.715
-449.715
-449.715
-449.715
-449.715
-449.715
-449.715
-449.715
-452.185
-449.694
-449.694
-449.694
-449.694
-449.694
-449.694
-449.715
-449.715
-449.715
-449.715
-449.715
-445.823
-445.823
-445.823
-445.823
-445.823
-445.823
-445.844
-445.844
-445.844
-445.844
-445.823
-445.823
-445.802
-445.802
-445.802
-445.802
-445.802
-449.694
-445.802
-445.802
-445.802
-445.802
-445.802
-445.802
-445.802
-445.802
-445.802
-445.802
-445.802
-445.802
-448.966
-448.966
-448.966
-446.936
-446.936
-446.936
-446.936
-446.936
-446.936
-446.936
-446.936
-446.936
-446.936
-445.916
-446.936
-446.936
-446.936
-446.936
-446.936
-446.936
-446.936
-446.936
-446.936
-446.936
-446.936
-446.936
-446.936
-445.916
-445.916
-445.916
-445.916
-445.916
-445.916
-445.916
-445.916
-450.807
-452.435
-454.627
-450.558
-447.566
-445.566
-445.566
-448.084
-448.084
-448.084
-450.084
-450.084
-448.084
-450.084
-447.587
-447.587
-447.587
-447.587
-447.587
-447.587
-445.587
-445.587
-446.277
-446.277
-446.277
-446.256
-446.256
-446.256
-446.947
-446.947
-446.947
-446.947
-446.947
-449.465
-449.465
-449.465
-449.465
-449.465
-449.465
-449.465
-449.465
-446.947
-446.947
-445.566
-447.566
-445.566
-445.566
-445.566
-445.566
-445.566
-445.566
-445.566
-445.566
-445.566
-445.566
-445.566
-445.566
-445.566
-445.566
-445.566
-445.566
-445.566
-445.566
-445.566
-445.566
-445.566
-446.947
-446.947
-446.947
-446.947
-446.947
-446.947
-446.947
-445.566
-445.566
-445.566
-445.566
-445.566
-445.566
-446.947
-446.947
-446.947
-446.947
-446.947
-446.947
-446.947
-446.947
-446.947
-446.947
-445.566
-447.566
-448.104
-448.104
-448.104
-448.104
-448.104
-448.104
-448.104
-448.104
-448.104
-448.104
-448.104
-448.104
-448.104
-448.125
-448.125
-448.125
-448.125
-448.125
-447.587
-447.587
-445.587
-445.587
-445.587
-445.587
-445.621
-445.621
-445.621
-445.621
-445.621
-445.621
-445.621
-445.621
-445.621
-445.621
-445.621
-445.621
-445.64
-445.619
-445.619
-449.086
-446.907
-446.907
-446.907
-446.907
-445.601
-445.621
-445.621
-446.946
-446.946
-446.946
-446.946
-446.946
-447.946
-446.946
-455.967
-454.642
-454.642
-454.642
-454.642
-454.642
-454.642
-455.967
-449.228
-449.228
-449.228
-449.228
-449.228
-449.228
-449.228
-449.228
-449.228
-449.228
-446.968
-446.968
-446.968
-446.968
-446.968
-446.968
-446.968
-446.968
-446.968
-446.968
-446.968
-446.968
-446.968
-446.968
-446.968
-446.968
-446.968
-446.968
-446.968
-446.968
-446.968
-446.968
-446.968
-446.968
-446.968
-446.968
-449.465
-449.465
-449.465
-449.465
-449.465
-449.465
-449.465
-449.465
-449.465
-449.465
-449.465
-448.084
-445.566
-445.566
-445.566
-446.236
-446.236
-446.236
-446.236
-446.236
-448.236
-448.236
-448.236
-448.236
-448.236
-448.236
-446.236
-446.236
-446.236
-446.236
-446.236
-446.236
-449.455
-449.455
-449.455
-445.619
-446.236
-445.566
-445.566
-445.587
-445.587
-445.587
-445.587
-445.587
-445.587
-445.587
-445.587
-445.587
-445.587
-445.587
-445.587
-445.587
-445.587
-445.587
-446.968
-446.968
-446.968
-446.968
-449.741
-449.741
-449.741
-449.741
-449.741
-449.741
-449.741
-446.968
-446.968
-446.968
-446.968
-446.968
-446.968
-446.968
-446.947
-450.818
-450.818
-450.818
-450.839
-450.839
-450.839
-450.839
-450.839
-450.839
-450.839
-450.839
-450.839
-450.839
-450.839
-450.839
-454.689
-454.689
-454.668
-453.977
-453.977
-453.308
-453.308
-454.668
-450.818
-446.947
-446.968
-446.968
-446.968
-446.968
-446.968
-446.968
-446.968
-446.968
-446.968
-446.968
-446.968
-446.968
-446.968
-446.968
-446.968
-446.968
-446.968
-446.947
-446.947
-446.947
-446.947
-446.947
-446.947
-446.968
-446.968
-446.968
-446.947
-446.947
-446.947
-446.947
-446.947
-446.947
-446.947
-446.947
-446.256
-446.256
-446.256
-446.256
-446.256
-446.256
-446.256
-446.291
-446.291
-446.291
-446.291
-446.291
-446.291
-446.291
-445.601
-445.601
-445.601
-445.601
-445.621
-445.621
-445.64
-445.64
-445.64
-445.64
-445.64
-445.64
-445.619
-445.619
-445.64
-445.64
-449.106
-449.106
-445.621
-445.621
-445.621
-445.621
-445.621
-445.621
-445.621
-445.621
-445.621
-449.125
-449.125
-449.741
-452.079
-448.594
-452.079
-452.079
-452.079
-452.079
-452.079
-449.741
-446.256
-445.587
-445.587
-445.587
-445.587
-445.587
-445.587
-445.621
-445.621
-445.621
-445.621
-445.621
-445.587
-445.587
-445.587
-445.587
-445.587
-445.587
-445.587
-445.587
-445.587
-445.587
-445.587
-445.587
-446.256
-446.256
-446.256
-446.762
-446.762
-446.762
-446.762
-443.649
-443.649
-443.649
-443.649
-443.649
-443.649
-443.649
-443.628
-443.628
-443.628
-443.628
-443.628
-443.628
-443.628
-443.628
-443.628
-443.628
-443.628
-443.628
-443.628
-443.628
-443.628
-443.628
-443.628
-443.628
-443.628
-443.649
-443.628
-443.628
-443.628
-443.628
-443.628
-443.628
-443.628
-443.628
-445.619
-445.619
-445.619
-445.619
-451.42
-451.42
-451.42
-451.42
-451.42
-451.42
-451.42
-445.619
-445.619
-445.619
-445.619
-443.628
-443.628
-443.628
-443.628
-443.628
-443.628
-443.628
-443.628
-440.448
-440.448
-440.469
-440.469
-440.469
-440.469
-440.469
-440.448
-444.283
-444.304
-444.304
-444.304
-447.484
-444.304
-444.283
-444.283
-444.283
-444.283
-444.304
-444.304
-444.304
-449.304
-449.304
-449.91
-449.889
-446.709
-446.73
-442.73
-442.73
-438.242
-438.242
-438.242
-438.242
-438.242
-438.242
-438.242
-438.221
-438.221
-438.221
-438.242
-438.242
-438.242
-438.242
-438.914
-438.242
-438.242
-438.242
-438.242
-438.242
-438.242
-438.242
-438.242
-438.242
-438.242
-438.242
-438.242
-438.242
-438.242
-438.242
-438.242
-438.242
-438.221
-438.221
-438.221
-438.221
-438.221
-438.221
-438.221
-438.221
-438.221
-438.221
-438.203
-438.203
-438.221
-438.221
-438.221
-442.092
-442.092
-442.092
-445.927
-442.056
-442.056
-442.056
-442.056
-442.056
-442.077
-442.077
-442.077
-442.059
-438.224
-438.224
-438.224
-438.224
-438.224
-438.224
-438.203
-438.203
-438.203
-438.203
-438.203
-438.203
-438.203
-438.203
-438.203
-438.203
-438.203
-438.203
-438.203
-438.203
-438.203
-438.203
-438.203
-438.203
-438.203
-438.203
-438.203
-438.203
-438.221
-438.242
-438.242
-438.224
-438.224
-438.224
-438.224
-438.224
-438.224
-438.224
-438.203
-438.203
-438.203
-438.203
-438.203
-442.634
-442.634
-442.634
-442.634
-442.634
-442.634
-442.655
-442.655
-438.224
-438.224
-438.224
-438.224
-438.224
-438.224
-438.224
-438.224
-438.224
-438.224
-438.224
-438.224
-438.224
-438.203
-438.203
-438.203
-438.224
-438.224
-440.98
-440.998
-440.998
-440.998
-440.978
-440.978
-440.978
-440.978
-440.978
-438.221
-438.221
-438.221
-438.221
-438.221
-438.221
-438.221
-438.242
-438.242
-438.221
-438.221
-438.221
-438.221
-438.221
-438.242
-438.242
-438.242
-438.242
-438.242
-438.242
-438.242
-438.224
-438.203
-438.203
-438.203
-438.224
-438.224
-438.224
-438.224
-438.224
-438.224
-438.224
-438.224
-438.224
-438.203
-442.689
-438.203
-438.203
-438.203
-438.203
-438.203
-438.203
-438.203
-438.203
-438.203
-438.224
-438.224
-438.224
-438.203
-438.221
-438.893
-438.893
-438.203
-438.203
-438.203
-438.203
-438.203
-438.203
-438.203
-438.203
-438.203
-438.203
-438.203
-438.203
-438.203
-438.203
-438.203
-438.203
-438.203
-438.203
-438.203
-438.893
-438.893
-438.893
-438.893
-438.893
-438.893
-438.893
-438.893
-438.221
-438.221
-438.221
-438.221
-438.221
-438.203
-438.203
-438.203
-438.203
-438.203
-438.203
-438.203
-438.203
-438.203
-438.203
-438.203
-438.203
-438.203
-438.203
-438.203
-438.203
-438.203
-438.203
-438.203
-438.203
-438.203
-438.203
-438.203
-438.203
-438.203
-438.203
-438.221
-438.221
-438.221
-438.221
-438.242
-438.242
-438.242
-438.242
-445.949
-445.949
-445.949
-445.949
-445.949
-445.928
-445.928
-448.446
-448.446
-448.446
-448.446
-445.928
-438.221
-438.221
-438.221
-438.221
-438.203
-438.203
-438.203
-438.203
-438.203
-438.203
-442.072
-442.072
-442.072
-442.072
-442.093
-442.093
-442.093
-442.093
-442.093
-442.093
-442.093
-442.093
-442.093
-442.093
-442.093
-442.093
-442.093
-442.093
-442.093
-446.093
-449.964
-449.964
-449.964
-445.964
-442.113
-438.242
-438.242
-438.242
-441.422
-441.422
-441.422
-441.422
-441.422
-441.422
-442.056
-442.056
-442.035
-438.221
-438.221
-438.221
-438.221
-438.221
-438.221
-438.221
-438.221
-438.242
-438.221
-438.221
-438.221
-438.221
-438.242
-438.221
-438.221
-438.221
-438.203
-438.224
-438.242
-438.242
-438.242
-438.224
-438.224
-438.224
-438.224
-438.224
-438.224
-438.224
-438.224
-438.224
-438.224
-438.224
-438.203
-438.203
-438.203
-438.203
-438.203
-438.203
-438.221
-438.242
-438.242
-438.242
-438.242
-438.242
-438.242
-438.242
-438.242
-438.242
-438.242
-438.242
-438.242
-438.242
-438.221
-438.221
-438.221
-438.221
-438.221
-438.221
-438.221
-438.221
-438.221
-438.221
-438.221
-438.221
-438.221
-438.221
-438.242
-438.242
-438.242
-438.242
-438.242
-438.242
-438.242
-438.242
-438.242
-438.221
-438.221
-438.221
-442.056
-442.056
-442.056
-445.907
-442.056
-442.077
-442.077
-438.242
-438.224
-438.224
-438.224
-438.224
-438.224
-438.224
-444.659
-444.659
-444.659
-444.659
-444.659
-444.659
-444.659
-444.638
-444.638
-444.638
-442.074
-442.074
-442.074
-442.074
-442.074
-445.91
-442.039
-442.039
-438.203
-438.203
-438.203
-438.203
-438.221
-438.221
-438.221
-438.221
-438.203
-438.203
-438.203
-438.203
-438.203
-438.203
-442.039
-442.039
-442.039
-442.039
-442.039
-442.039
-442.039
-442.039
-442.039
-442.039
-438.203
-438.203
-438.203
-438.203
-438.203
-438.203
-438.203
-438.203
-438.203
-438.203
-442.054
-442.054
-442.054
-442.054
-442.054
-442.054
-442.054
-442.054
-442.075
-438.224
-438.224
-438.224
-438.224
-438.224
-438.224
-438.224
-438.224
-438.224
-438.203
-438.203
-438.203
-438.203
-438.203
-438.203
-438.893
-438.893
-438.914
-438.914
-438.914
-438.914
-438.914
-438.914
-438.914
-438.914
-438.242
-438.242
-438.224
-438.224
-438.224
-438.224
-438.242
-438.242
-438.242
-438.242
-438.242
-438.242
-438.242
-442.007
-442.007
-441.986
-441.986
-438.221
-438.221
-438.221
-438.221
-438.221
-438.221
-438.221
-438.221
-438.221
-438.221
-438.221
-438.221
-438.221
-442.056
-442.056
-442.056
-442.056
-442.056
-442.056
-442.056
-442.056
-442.056
-444.374
-444.374
-444.356
-444.356
-444.356
-444.356
-444.356
-440.959
-440.959
-440.959
-438.203
-438.203
-438.203
-438.203
-438.203
-438.203
-438.203
-438.203
-438.203
-438.203
-438.203
-438.203
-438.203
-438.203
-438.203
-438.203
-438.224
-438.224
-438.224
-438.224
-438.224
-438.224
-438.203
-438.203
-438.203
-438.203
-438.203
-438.221
-438.242
-438.242
-438.242
-438.224
-438.224
-438.224
-438.224
-438.224
-438.224
-438.224
-438.224
-438.224
-438.224
-438.224
-438.224
-438.224
-438.224
-438.224
-438.224
-438.224
-438.242
-438.242
-438.242
-438.242
-438.242
-438.242
-438.242
-438.242
-438.242
-438.242
-438.242
-438.242
-438.242
-438.914
-438.914
-438.914
-438.893
-438.893
-438.221
-438.221
-438.221
-438.221
-438.221
-438.221
-438.221
-438.203
-438.221
-438.221
-438.221
-438.221
-438.221
-438.221
-438.221
-438.221
-438.221
-438.221
-438.221
-438.221
-438.221
-438.221
-442.057
-442.057
-442.057
-442.078
-442.078
-442.078
-442.078
-442.078
-442.077
-446.545
-446.524
-446.524
-446.524
-442.689
-442.689
-442.689
-442.689
-438.221
-438.221
-438.203
-438.203
-438.203
-438.203
-438.203
-438.893
-438.893
-438.893
-438.914
-438.914
-438.893
-438.893
-438.893
-438.203
-438.203
-438.224
-438.224
-438.224
-438.224
-438.224
-438.224
-438.224
-442.783
-442.783
-442.783
-442.783
-438.242
-443.345
-443.345
-442.655
-442.655
-442.655
-442.655
-442.73
-442.73
-442.73
-442.73
-442.73
-442.73
-442.709
-442.709
-442.709
-442.709
-442.709
-442.709
-442.709
-442.709
-442.709
-442.709
-442.709
-442.709
-443.303
-443.303
-443.303
-443.303
-443.303
-443.303
-443.303
-442.634
-442.634
-442.634
-442.634
-442.634
-442.634
-442.634
-438.203
-438.203
-438.203
-442.054
-438.203
-438.203
-438.203
-438.203
-442.017
-442.017
-442.017
-442.017
-442.017
-442.017
-438.203
-438.203
-438.203
-438.203
-438.203
-438.203
-438.203
-438.221
-438.221
-438.221
-438.221
-438.221
-438.242
-438.242
-438.242
-438.242
-438.242
-438.242
-438.242
-438.221
-438.221
-438.221
-438.221
-438.221
-438.221
-438.221
-438.221
-438.221
-438.221
-438.221
-438.221
-438.893
-438.893
-438.893
-438.893
-438.893
-438.893
-438.893
-438.893
-438.893
-438.893
-438.893
-438.914
-438.224
-438.224
-438.914
-438.914
-438.914
-438.242
-438.242
-438.242
-440.739
-440.739
-440.739
-440.739
-440.739
-440.739
-440.739
-440.739
-438.242
-438.242
-438.242
-438.242
-438.224
-438.224
-438.224
-438.224
-438.224
-438.224
-438.224
-438.224
-438.224
-438.242
-438.242
-438.242
-438.242
-438.242
-438.242
-438.242
-438.242
-442.077
-442.077
-442.077
-442.077
-442.077
-438.242
-438.242
-438.242
-438.242
-438.242
-438.242
-438.224
-438.224
-438.224
-438.203
-438.203
-440.959
-440.959
-440.959
-440.959
-440.98
-440.98
-440.98
-440.98
-440.98
-440.98
-440.98
-440.98
-440.98
-440.98
-440.98
-440.98
-440.98
-438.224
-438.224
-438.224
-438.224
-438.242
-438.242
-438.242
-438.242
-438.242
-438.242
-438.224
-438.224
-438.224
-438.224
-438.224
-438.224
-438.224
-438.224
-438.224
-438.224
-438.224
-442.038
-442.038
-442.038
-442.038
-438.224
-438.224
-438.224
-438.224
-438.224
-438.224
-438.224
-438.224
-438.224
-440.721
-438.203
-438.203
-438.203
-438.203
-438.203
-438.203
-438.203
-438.203
-438.203
-438.224
-438.224
-438.224
-438.224
-438.224
-438.224
-438.224
-438.224
-438.224
-438.224
-438.224
-438.224
-438.224
-438.224
-438.224
-438.224
-438.224
-438.224
-438.224
-438.224
-438.224
-438.224
-438.224
-438.224
-438.224
-438.224
-438.224
-438.224
-438.224
-442.728
-445.011
-445.011
-441.338
-441.338
-441.338
-438.224
-438.224
-438.224
-438.224
-438.224
-438.203
-438.203
-438.203
-438.203
-438.203
-438.203
-438.203
-438.203
-438.203
-438.221
-442.689
-442.689
-442.689
-442.092
-442.092
-449.798
-445.927
-445.927
-438.221
-438.221
-438.221
-438.221
-438.221
-438.221
-438.221
-438.221
-438.221
-438.221
-438.221
-438.221
-438.221
-438.221
-438.221
-438.221
-438.221
-438.221
-438.221
-438.221
-438.221
-438.203
-438.203
-438.203
-438.203
-438.203
-438.203
-438.203
-438.203
-438.203
-438.203
-438.203
-438.203
-438.203
-438.224
-438.224
-442.059
-442.077
-442.056
-442.056
-442.056
-442.056
-442.056
-438.221
-438.221
-438.203
-438.203
-438.203
-438.224
-438.224
-438.224
-438.224
-438.224
-438.224
-438.224
-438.224
-438.224
-438.224
-438.224
-438.224
-438.224
-442.059
-442.077
-442.056
-442.077
-442.077
-442.077
-442.077
-442.077
-442.007
-442.007
-442.007
-442.007
-441.986
-441.986
-441.986
-441.986
-441.986
-442.688
-442.688
-442.688
-442.688
-442.688
-442.688
-438.221
-438.221
-438.221
-438.221
-438.221
-438.221
-438.221
-438.242
-438.242
-438.242
-438.242
-438.221
-438.221
-438.221
-438.221
-438.242
-438.242
-438.242
-438.242
-438.242
-438.242
-438.242
-438.242
-438.242
-438.224
-438.224
-438.224
-438.224
-438.224
-438.224
-438.224
-438.224
-438.224
-438.224
-438.224
-438.224
-438.224
-438.242
-442.056
-438.242
-438.242
-438.242
-438.242
-442.709
-442.709
-442.709
-442.078
-442.078
-442.078
-442.113
-442.113
-438.242
-438.242
-438.242
-438.242
-438.242
-438.242
-438.242
-438.242
-438.242
-438.242
-438.242
-440.739
-440.739
-438.242
-438.221
-438.221
-438.221
-438.221
-438.221
-438.221
-438.221
-438.221
-438.221
-438.221
-438.221
-438.221
-438.221
-438.221
-438.203
-438.203
-438.203
-438.203
-438.221
-438.221
-438.221
-438.221
-438.221
-438.221
-438.221
-438.221
-438.242
-438.242
-438.242
-438.242
-438.242
-438.242
-442.113
-442.113
-442.113
-442.113
-442.113
-442.113
-442.113
-442.113
-442.113
-442.113
-442.113
-442.113
-442.113
-442.113
-442.113
-442.113
-442.113
-442.113
-442.113
-442.113
-445.984
-445.984
-445.984
-445.984
-442.113
-442.113
-442.113
-438.221
-442.072
-442.072
-442.072
-442.072
-442.054
-442.054
-442.054
-442.054
-442.054
-442.054
-442.054
-442.054
-442.072
-442.093
-442.093
-442.093
-442.093
-442.093
-438.242
-438.242
-438.242
-442.113
-442.113
-442.113
-442.113
-442.113
-442.113
-442.113
-442.113
-442.113
-442.095
-442.095
-442.095
-442.095
-442.095
-442.095
-442.095
-442.095
-442.074
-442.074
-438.203
-438.203
-438.203
-442.634
-442.634
-442.634
-438.203
-438.203
-438.203
-438.203
-438.203
-438.203
-438.203
-438.224
-438.224
-438.224
-438.224
-438.224
-438.242
-438.242
-438.242
-438.242
-438.914
-442.728
-442.728
-442.728
-442.728
-438.914
-438.914
-438.914
-438.914
-438.242
-438.242
-438.242
-438.242
-438.242
-438.242
-438.242
-438.242
-438.242
-438.242
-438.242
-438.242
-438.242
-438.242
-438.242
-438.242
-438.242
-438.242
-438.242
-438.242
-438.242
-438.224
-438.224
-438.224
-438.224
-442.059
-442.059
-438.224
-438.224
-438.224
-438.224
-438.224
-438.224
-438.224
-438.224
-438.224
-438.224
-438.224
-438.224
-438.224
-438.224
-438.224
-438.224
-438.224
-438.224
-438.224
-442.095
-442.095
-442.095
-442.095
-442.095
-442.095
-442.095
-442.095
-442.095
-442.095
-438.224
-438.224
-438.224
-438.224
-438.242
-438.242
-438.242
-438.242
-438.242
-438.242
-438.914
-438.914
-438.893
-438.893
-438.893
-438.893
-438.893
-438.893
-438.893
-442.707
-442.707
-438.893
-438.893
-438.893
-442.73
-442.73
-442.73
-442.73
-442.039
-442.039
-442.039
-442.039
-442.039
-442.039
-442.039
-438.203
-438.203
-438.203
-438.203
-438.203
-438.203
-438.224
-438.224
-438.224
-438.224
-438.224
-438.224
-438.224
-442.038
-442.038
-442.038
-442.038
-438.224
-438.224
-438.224
-438.224
-438.224
-438.224
-438.224
-438.224
-438.224
-438.224
-438.224
-438.224
-438.224
-438.224
-438.224
-438.224
-438.224
-438.224
-438.224
-438.224
-438.224
-438.224
-438.224
-438.224
-441.338
-441.338
-441.338
-441.338
-442.06
-442.06
-442.06
-442.06
-442.06
-438.224
-438.224
-438.224
-438.224
-440.721
-440.721
-440.721
-440.721
-440.721
-446.467
-446.467
-443.949
-443.949
-443.949
-443.949
-443.949
-443.949
-443.949
-443.949
-438.203
-438.203
-438.203
-438.203
-438.203
-438.224
-438.224
-438.224
-438.224
-442.71
-442.71
-442.71
-442.71
-442.71
-442.71
-442.71
-442.71
-442.71
-438.224
-438.242
-442.113
-442.113
-442.113
-442.113
-438.242
-438.242
-438.242
-438.242
-438.242
-438.242
-438.221
-438.221
-438.221
-438.221
-438.221
-438.221
-438.221
-438.242
-438.242
-438.242
-438.242
-438.242
-438.242
-438.221
-438.203
-438.221
-438.221
-438.221
-438.221
-438.221
-438.221
-438.221
-441.986
-441.317
-441.317
-441.317
-441.317
-441.317
-441.317
-441.317
-441.317
-441.317
-441.317
-441.317
-438.203
-438.203
-438.203
-438.221
-438.221
-438.221
-438.221
-438.221
-438.221
-438.242
-438.242
-438.242
-438.242
-438.242
-438.242
-438.242
-438.242
-438.242
-438.242
-438.242
-438.242
-438.221
-438.221
-438.203
-438.203
-438.203
-438.203
-438.203
-438.203
-438.203
-438.203
-438.203
-438.203
-438.203
-438.221
-438.221
-438.221
-438.221
-438.221
-438.221
-438.203
-438.203
-438.203
-438.203
-438.203
-438.203
-438.203
-438.203
-438.203
-438.203
-438.203
-438.203
-438.203
-438.221
-438.203
-438.203
-438.203
-438.203
-438.203
-438.203
-438.203
-438.203
-438.203
-438.203
-438.203
-438.203
-438.203
-438.203
-438.203
-438.203
-442.017
-442.017
-438.203
-438.203
-438.203
-438.221
-438.221
-438.221
-438.221
-438.221
-438.221
-438.221
-438.221
-438.221
-438.221
-438.221
-438.221
-438.221
-438.221
-438.221
-438.221
-438.242
-438.242
-438.221
-438.221
-438.221
-438.203
-438.203
-438.203
-438.221
-438.221
-438.221
-438.221
-438.221
-438.221
-438.221
-438.221
-438.221
-438.242
-438.242
-438.242
-438.242
-438.242
-438.242
-438.242
-438.242
-438.242
-438.242
-438.242
-438.242
-438.914
-438.914
-438.914
-438.914
-438.914
-438.914
-438.914
-438.914
-438.914
-438.914
-438.914
-438.914
-438.914
-438.914
-438.914
-438.914
-438.914
-438.242
-438.242
-438.242
-438.242
-438.221
-438.221
-438.203
-438.203
-438.203
-438.203
-438.203
-438.203
-438.203
-438.203
-438.203
-438.203
-442.039
-442.06
-438.224
-438.224
-438.224
-438.224
-438.203
-438.203
-438.203
-438.203
-438.203
-438.203
-438.203
-442.017
-438.203
-438.203
-438.203
-438.203
-438.203
-438.203
-438.203
-438.203
-438.224
-438.224
-442.06
-442.06
-442.06
-442.06
-442.06
-442.078
-442.078
-442.06
-442.06
-442.06
-442.06
-442.06
-446.565
-445.874
-446.565
-446.565
-442.728
-442.728
-442.728
-442.038
-442.017
-442.017
-442.017
-442.017
-442.017
-442.017
-442.017
-438.203
-438.203
-438.203
-442.039
-442.039
-442.039
-442.039
-442.039
-442.039
-442.039
-445.853
-445.853
-445.853
-445.853
-445.853
-445.853
-445.853
-445.853
-445.853
-445.853
-445.853
-445.853
-442.017
-442.017
-442.017
-442.017
-441.401
-441.401
-441.401
-441.401
-441.401
-441.401
-441.401
-441.401
-441.422
-441.422
-441.422
-438.242
-438.242
-438.242
-438.242
-438.242
-438.242
-438.242
-438.242
-438.242
-438.242
-438.242
-438.242
-438.242
-438.242
-438.221
-438.242
-442.113
-442.113
-442.113
-442.113
-442.113
-442.092
-442.092
-442.092
-438.221
-438.221
-438.221
-438.221
-438.221
-438.221
-438.221
-438.221
-438.221
-438.221
-438.221
-438.221
-438.221
-438.221
-438.221
-438.221
-438.221
-438.221
-438.221
-438.221
-438.221
-438.221
-442.072
-442.054
-442.074
-442.074
-442.074
-442.074
-442.074
-442.074
-442.054
-442.054
-442.054
-442.074
-442.095
-442.095
-442.095
-442.074
-442.074
-442.074
-442.074
-442.074
-442.074
-442.074
-442.095
-438.224
-438.242
-442.113
-442.095
-442.095
-438.224
-438.224
-438.224
-438.224
-438.203
-438.203
-438.203
-438.203
-438.203
-438.203
-438.203
-438.203
-438.203
-438.203
-438.203
-438.224
-438.224
-438.224
-438.224
-438.224
-438.224
-438.203
-438.203
-438.203
-438.203
-438.203
-438.203
-438.203
-438.221
-438.221
-438.221
-438.221
-438.221
-438.221
-438.221
-438.221
-438.221
-438.893
-438.893
-438.893
-438.893
-438.893
-438.893
-438.893
-438.893
-438.893
-438.893
-438.893
-438.893
-438.893
-438.893
-438.893
-446.578
-446.599
-448.882
-448.882
-448.882
-445.868
-444.621
-444.6
-438.221
-438.221
-438.221
-438.221
-438.221
-438.221
-438.221
-442.092
-444.848
-444.848
-444.848
-444.848
-442.092
-442.092
-442.092
-442.092
-442.092
-442.092
-442.092
-442.074
-442.074
-442.074
-442.054
-442.072
-442.072
-442.072
-438.221
-438.221
-438.221
-438.221
-440.739
-440.739
-440.739
-440.739
-440.739
-440.739
-440.739
-440.739
-440.739
-440.739
-440.739
-440.739
-438.221
-438.221
-438.221
-438.221
-438.221
-438.221
-438.221
-438.221
-438.203
-438.203
-438.203
-438.203
-438.203
-438.203
-438.203
-438.203
-438.203
-438.224
-438.224
-438.224
-438.224
-438.224
-438.224
-438.224
-438.242
-438.242
-438.242
-438.242
-440.998
-438.242
-438.242
-438.242
-438.242
-438.242
-438.242
-438.242
-438.242
-438.221
-438.221
-438.221
-438.221
-438.221
-438.221
-438.203
-438.203
-438.203
-438.221
-438.893
-438.893
-438.221
-438.221
-438.221
-438.221
-442.057
-442.057
-442.057
-442.057
-442.057
-442.057
-442.057
-442.057
-442.057
-442.057
-442.057
-445.237
-445.258
-445.258
-445.258
-441.422
-441.422
-441.422
-441.422
-441.422
-441.422
-441.422
-438.242
-438.221
-438.221
-438.221
-438.221
-438.221
-438.221
-438.221
-438.221
-438.221
-438.221
-438.221
-438.221
-438.221
-438.221
-438.221
-438.221
-438.221
-438.221
-438.221
-438.221
-438.221
-438.221
-438.221
-438.221
-438.221
-438.221
-438.221
-438.221
-441.986
-441.986
-441.986
-441.986
-441.986
-441.986
-441.986
-441.986
-438.221
-438.221
-438.221
-438.221
-438.221
-438.221
-438.221
-438.221
-438.221
-438.221
-438.221
-438.221
-438.221
-438.221
-438.221
-438.221
-438.221
-438.203
-438.203
-438.203
-438.203
-438.203
-438.203
-438.203
-442.017
-442.017
-442.017
-442.017
-442.017
-438.203
-438.203
-438.203
-438.203
-438.203
-438.203
-438.203
-438.203
-438.203
-438.203
-438.203
-438.221
-438.221
-438.221
-438.221
-438.221
-438.221
-438.221
-438.221
-438.221
-438.221
-438.203
-438.203
-438.203
-438.203
-438.224
-438.224
-438.224
-438.224
-438.224
-438.224
-438.224
-438.242
-438.242
-438.242
-438.242
-438.242
-438.242
-438.242
-438.242
-438.242
-438.242
-438.242
-438.242
-438.242
-438.242
-438.242
-438.242
-438.242
-438.242
-438.242
-438.242
-438.242
-438.242
-438.242
-438.242
-438.242
-438.242
-438.242
-438.242
-438.224
-438.224
-438.224
-442.093
-442.093
-438.242
-438.242
-438.242
-438.242
-438.242
-438.221
-438.221
-438.221
-438.221
-438.221
-438.221
-438.221
-438.221
-438.221
-438.221
-442.688
-442.688
-442.688
-442.688
-442.634
-442.634
-442.634
-442.634
-442.634
-442.634
-442.634
-442.634
-442.634
-442.655
-442.655
-442.039
-442.039
-442.039
-442.039
-442.039
-442.039
-442.039
-442.039
-442.039
-442.039
-447.25
-447.25
-447.25
-447.25
-447.229
-447.229
-449.747
-449.747
-449.747
-449.747
-449.747
-449.747
-449.747
-449.747
-449.747
-449.747
-456.893
-456.893
-456.893
-456.893
-456.893
-454.375
-457.19
-457.211
-459.708
-452.297
-452.297
-452.297
-452.297
-452.297
-449.779
-449.779
-449.779
-449.779
-449.779
-449.779
-449.779
-449.779
-442.017
-442.017
-442.017
-442.038
-442.038
-442.038
-442.038
-442.038
-445.889
-445.889
-445.889
-442.038
-442.038
-442.038
-442.038
-444.32
-444.32
-444.32
-444.32
-444.32
-444.32
-444.32
-444.32
-444.32
-442.038
-442.038
-438.224
-438.224
-438.224
-438.224
-438.224
-438.224
-438.224
-438.242
-438.242
-438.224
-438.224
-438.224
-438.242
-438.242
-442.113
-442.113
-442.113
-442.113
-442.113
-442.113
-438.242
-438.242
-438.221
-438.221
-438.221
-438.221
-438.221
-438.221
-438.221
-438.221
-438.221
-438.221
-438.221
-438.221
-438.221
-438.221
-438.221
-438.203
-438.203
-438.203
-438.203
-438.203
-438.203
-438.203
-438.203
-438.203
-438.224
-438.203
-438.203
-438.203
-438.203
-438.203
-438.203
-438.224
-438.224
-438.224
-438.242
-438.242
-438.242
-438.242
-438.242
-438.242
-438.242
-438.242
-438.242
-438.242
-438.242
-438.242
-438.242
-438.242
-438.242
-438.242
-438.242
-438.242
-438.242
-438.242
-438.242
-438.242
-438.242
-438.224
-438.224
-438.224
-438.224
-438.224
-438.224
-438.224
-442.075
-442.075
-438.224
-438.224
-438.224
-438.224
-438.224
-447.139
-450.139
-450.139
-450.139
-447.139
-447.139
-447.139
-438.224
-438.224
-438.224
-438.242
-438.242
-438.242
-438.242
-441.422
-441.422
-441.422
-441.422
-444.179
-444.179
-444.179
-444.179
-444.179
-444.179
-444.179
-444.158
-444.158
-444.158
-444.158
-444.158
-444.158
-444.158
-444.158
-444.158
-441.401
-441.401
-441.401
-441.401
-441.401
-438.221
-438.221
-438.221
-438.221
-438.221
-438.221
-438.221
-438.221
-438.221
-438.221
-438.221
-438.221
-438.221
-438.221
-438.221
-438.221
-438.221
-438.221
-438.242
-438.242
-438.242
-438.242
-438.242
-438.242
-438.242
-438.242
-438.242
-438.242
-438.221
-438.203
-438.203
-438.203
-438.203
-438.203
-438.203
-438.203
-438.203
-438.203
-438.203
-438.203
-438.203
-438.203
-438.203
-438.203
-438.224
-438.224
-438.242
-438.242
-438.242
-438.242
-438.221
-438.221
-438.221
-438.221
-438.221
-438.221
-438.221
-438.221
-438.221
-438.242
-438.242
-438.242
-438.242
-438.242
-438.242
-438.242
-438.242
-438.242
-438.242
-438.221
-438.221
-438.221
-438.221
-438.221
-442.072
-438.221
-438.203
-438.203
-438.203
-438.203
-438.203
-438.203
-438.203
-438.203
-438.203
-438.203
-438.203
-438.203
-438.203
-438.203
-438.203
-438.224
-438.224
-438.914
-438.914
-438.914
-438.914
-438.224
-438.224
-438.224
-438.224
-438.224
-438.224
-438.224
-438.224
-438.224
-438.224
-438.224
-438.224
-438.224
-438.224
-438.224
-438.224
-438.224
-438.203
-438.203
-438.203
-438.203
-438.203
-438.221
-438.221
-438.221
-438.221
-438.221
-438.221
-438.221
-438.221
-438.221
-438.221
-438.221
-438.221
-438.221
-438.221
-438.221
-438.203
-438.203
-438.203
-438.221
-438.221
-438.221
-438.221
-438.221
-438.221
-438.221
-438.221
-438.221
-438.221
-438.221
-438.221
-438.221
-438.221
-438.221
-438.221
-438.221
-438.221
-442.072
-442.072
-438.221
-438.221
-438.221
-438.203
-438.203
-438.203
-438.203
-438.203
-438.203
-438.203
-438.203
-438.221
-438.221
-438.221
-438.221
-438.221
-438.221
-438.221
-442.709
-442.709
-442.709
-442.709
-442.709
-445.047
-445.047
-444.972
-444.972
-444.972
-445.047
-445.047
-445.047
-444.972
-444.972
-444.972
-444.972
-444.972
-444.972
-444.972
-444.972
-444.992
-444.992
-445.662
-445.662
-445.662
-445.662
-444.992
-444.992
-444.992
-444.992
-444.992
-442.655
-442.655
-442.655
-442.655
-442.655
-442.655
-446.469
-446.469
-448.807
-448.807
-448.191
-451.191
-451.191
-451.191
-451.191
-448.679
-444.081
-444.081
-444.081
-444.081
-441.744
-441.744
-441.744
-441.744
-441.744
-441.744
-442.312
-439.498
-438.761
-438.761
-438.761
-438.761
-438.761
-438.761
-438.761
-438.761
-438.761
-444.477
-444.477
-444.477
-444.477
-444.477
-438.782
-438.782
-438.782
-438.782
-438.782
-438.782
-438.782
-438.782
-438.761
-438.782
-438.782
-438.782
-438.782
-438.782
-438.782
-438.782
-438.782
-438.782
-438.782
-439.519
-439.519
-442.674
-442.674
-442.674
-442.674
-442.674
-442.674
-442.653
-445.656
-445.656
-445.656
-445.656
-445.656
-445.656
-445.677
-442.674
-442.653
-442.653
-442.653
-442.653
-442.653
-442.653
-442.653
-442.653
-442.653
-442.653
-442.653
-442.653
-442.653
-442.653
-442.653
-442.653
-442.653
-442.653
-442.653
-442.653
-442.653
-442.653
-442.653
-445.635
-445.635
-445.635
-445.635
-445.635
-445.635
-445.635
-445.635
-445.635
-445.614
-445.614
-441.744
-441.744
-441.744
-441.744
-441.744
-441.744
-441.744
-441.744
-441.744
-441.764
-441.764
-441.764
-441.764
-441.764
-441.764
-442.333
-442.333
-442.333
-442.333
-442.333
-439.519
-439.519
-439.519
-439.519
-439.519
-439.519
-439.519
-438.782
-439.519
-439.519
-439.519
-439.519
-439.519
-439.498
-439.498
-439.498
-439.498
-439.498
-439.498
-439.498
-439.498
-439.519
-439.519
-439.519
-439.519
-439.519
-439.519
-439.519
-439.519
-439.519
-439.519
-439.519
-439.519
-438.782
-438.782
-441.98
-441.98
-441.98
-441.98
-441.98
-441.98
-441.98
-441.98
-438.761
-438.761
-438.761
-438.761
-438.761
-438.761
-438.761
-438.761
-438.761
-438.761
-438.761
-438.761
-438.761
-438.761
-438.761
-438.761
-438.761
-438.761
-438.761
-443.369
-449.106
-449.106
-449.106
-449.106
-449.106
-444.498
-444.498
-444.498
-444.498
-444.498
-444.498
-445.235
-445.235
-445.235
-445.235
-445.235
-445.235
-444.498
-444.498
-444.498
-444.498
-444.498
-444.498
-444.498
-444.498
-444.498
-438.782
-438.782
-438.782
-438.761
-438.761
-442.632
-442.632
-442.632
-438.761
-442.632
-442.632
-443.349
-446.164
-446.164
-446.164
-442.312
-442.312
-442.312
-441.744
-441.744
-441.744
-441.764
-441.764
-441.764
-441.764
-441.764
-441.764
-441.764
-441.764
-441.764
-438.782
-438.782
-438.761
-438.761
-438.761
-441.744
-441.744
-442.312
-439.498
-439.498
-439.519
-438.782
-438.782
-438.782
-439.519
-439.519
-439.519
-439.519
-443.39
-438.782
-438.782
-438.782
-438.782
-438.782
-438.782
-438.782
-438.782
-438.761
-438.761
-438.761
-438.761
-438.761
-438.761
-438.761
-438.761
-438.761
-441.744
-441.744
-441.744
-441.744
-441.744
-441.744
-442.312
-442.312
-441.744
-441.744
-441.744
-441.744
-441.744
-441.744
-441.744
-444.866
-444.866
-441.744
-441.744
-441.744
-441.744
-441.744
-441.744
-441.744
-441.744
-441.744
-441.744
-441.744
-441.744
-441.744
-441.744
-441.744
-441.744
-441.744
-442.312
-442.333
-442.333
-442.333
-442.333
-442.333
-441.764
-441.744
-441.744
-445.594
-445.594
-445.594
-445.594
-445.614
-445.614
-445.614
-441.764
-441.744
-441.744
-441.744
-441.744
-442.312
-441.744
-441.744
-441.744
-441.744
-441.744
-442.312
-442.312
-442.312
-442.312
-442.312
-442.312
-442.312
-442.312
-442.312
-442.312
-442.312
-442.312
-442.312
-442.312
-442.312
-442.312
-442.312
-442.312
-442.312
-442.312
-442.312
-442.312
-442.312
-442.312
-442.312
-439.498
-439.498
-439.498
-438.761
-438.761
-438.761
-438.761
-438.782
-441.764
-441.764
-441.764
-441.764
-442.333
-442.333
-442.333
-442.333
-442.333
-442.333
-442.333
-439.519
-439.519
-439.519
-439.519
-439.519
-439.519
-442.333
-442.333
-442.333
-442.333
-442.333
-442.333
-439.519
-439.519
-439.519
-439.519
-439.519
-439.519
-439.519
-439.519
-448.71
-448.71
-448.71
-448.71
-447.973
-447.973
-448.71
-448.71
-448.71
-448.71
-452.546
-451.647
-445.655
-442.655
-442.655
-442.655
-442.655
-438.224
-438.224
-438.224
-438.224
-438.224
-438.224
-438.224
-438.224
-438.224
-438.224
-438.224
-438.224
-438.224
-438.224
-438.224
-438.224
-438.224
-438.224
-438.224
-438.224
-438.224
-438.224
-438.224
-438.224
-438.203
-438.203
-438.203
-438.203
-438.203
-438.203
-438.203
-438.221
-438.221
-438.221
-438.221
-438.221
-438.221
-438.221
-438.221
-438.221
-440.739
-438.242
-438.242
-438.914
-438.914
-438.914
-438.914
-438.893
-438.893
-438.893
-438.893
-438.893
-438.893
-438.893
-438.893
-438.893
-438.221
-438.221
-438.221
-438.221
-438.221
-438.221
-438.221
-438.221
-438.242
-438.242
-438.242
-438.242
-438.242
-438.242
-438.242
-438.242
-438.242
-438.242
-438.242
-438.242
-438.242
-438.242
-438.242
-438.242
-438.242
-438.242
-438.242
-438.242
-438.242
-438.242
-438.242
-438.242
-438.224
-438.224
-438.224
-438.224
-438.224
-438.224
-438.224
-438.224
-438.224
-438.224
-438.224
-438.224
-438.242
-438.242
-438.242
-441.422
-453.422
-453.422
-453.422
-441.422
-441.422
-441.422
-441.422
-441.422
-441.422
-441.422
-441.422
-438.242
-438.242
-438.242
-438.242
-438.242
-438.242
-438.242
-438.242
-438.242
-438.242
-438.242
-438.242
-438.242
-438.242
-438.242
-442.242
-442.242
-442.242
-442.242
-442.242
-442.221
-442.221
-442.221
-445.986
-445.986
-445.986
-442.221
-438.221
-438.221
-438.221
-438.221
-438.221
-438.221
-438.221
-438.221
-438.221
-438.221
-438.221
-438.221
-438.221
-438.221
-438.242
-438.242
-438.242
-438.242
-438.242
-438.242
-438.242
-438.914
-438.224
-438.224
-438.224
-438.224
-438.224
-438.224
-438.224
-438.224
-438.224
-438.224
-438.224
-438.224
-438.224
-442.075
-442.075
-442.075
-442.075
-438.224
-438.224
-438.242
-438.224
-438.224
-438.224
-438.224
-442.095
-442.095
-438.224
-438.224
-438.224
-438.224
-438.224
-438.224
-438.224
-438.224
-438.224
-438.224
-438.224
-438.224
-438.224
-438.224
-438.224
-438.224
-438.224
-438.224
-438.224
-438.224
-440.98
-440.98
-440.98
-440.98
-440.98
-440.98
-444.794
-444.794
-440.98
-438.224
-438.224
-438.224
-438.224
-438.224
-438.224
-438.224
-438.224
-438.224
-438.224
-438.224
-438.224
-438.242
-438.242
-438.242
-438.242
-438.224
-438.242
-438.242
-438.242
-438.242
-438.221
-438.221
-438.221
-438.221
-438.221
-438.242
-438.242
-438.242
-438.242
-438.242
-438.221
-438.221
-438.221
-438.221
-438.221
-438.242
-438.242
-438.242
-438.242
-438.242
-438.242
-438.242
-438.242
-438.242
-438.242
-438.242
-438.242
-438.242
-438.242
-438.242
-438.242
-438.242
-438.242
-438.242
-443.345
-443.345
-443.345
-443.345
-443.345
-443.324
-442.092
-442.092
-442.092
-442.092
-442.092
-442.092
-442.092
-442.092
-438.221
-438.221
-438.221
-438.203
-438.203
-438.203
-438.203
-438.203
-438.203
-438.203
-438.203
-438.203
-438.203
-438.203
-438.203
-438.203
-438.203
-438.203
-438.203
-438.203
-438.224
-438.224
-438.224
-438.224
-438.224
-438.224
-438.224
-438.224
-438.224
-438.224
-438.224
-438.224
-438.224
-438.242
-438.242
-438.242
-438.242
-442.093
-442.072
-442.072
-442.072
-442.054
-442.054
-442.075
-438.224
-438.224
-438.224
-438.224
-438.224
-438.224
-438.224
-438.224
-438.224
-438.224
-438.224
-438.224
-438.224
-438.224
-438.242
-438.242
-438.242
-438.242
-438.242
-438.242
-438.242
-438.242
-438.242
-438.242
-438.242
-438.242
-438.242
-438.242
-438.242
-438.242
-438.242
-438.242
-438.242
-438.242
-438.242
-438.242
-438.242
-438.221
-438.221
-438.242
-438.242
-438.242
-438.242
-438.242
-438.242
-438.242
-438.242
-438.242
-438.242
-438.242
-438.242
-438.242
-438.242
-438.242
-438.242
-438.242
-438.242
-438.242
-438.242
-438.242
-438.242
-438.242
-438.242
-442.078
-442.078
-442.078
-442.078
-438.242
-440.998
-440.998
-440.998
-440.998
-440.998
-440.998
-440.998
-440.998
-440.998
-440.998
-444.998
-444.998
-444.998
-444.998
-444.998
-444.998
-444.998
-440.998
-440.998
-444.179
-444.179
-444.812
-444.812
-444.794
-440.98
-440.98
-440.98
-440.98
-440.98
-440.998
-440.998
-438.242
-438.242
-438.242
-438.242
-438.242
-438.242
-438.242
-438.242
-438.914
-438.914
-438.242
-438.242
-438.242
-438.914
-438.914
-438.914
-438.914
-438.914
-438.914
-438.893
-438.893
-438.893
-438.893
-438.893
-438.893
-438.893
-438.893
-438.914
-438.914
-438.914
-438.914
-438.242
-438.242
-438.242
-438.242
-438.242
-438.242
-438.242
-438.242
-438.242
-438.242
-438.242
-438.224
-438.224
-438.224
-438.224
-438.224
-438.224
-438.224
-438.224
-438.224
-438.224
-438.224
-438.224
-438.224
-438.224
-438.224
-438.224
-438.224
-438.224
-438.224
-438.224
-438.224
-438.224
-438.224
-438.224
-438.224
-438.224
-438.224
-438.224
-438.224
-438.242
-438.242
-438.242
-438.242
-438.242
-438.242
-438.242
-438.242
-441.422
-441.422
-441.401
-441.401
-441.401
-441.401
-441.401
-442.707
-442.707
-442.707
-442.707
-442.707
-438.203
-438.203
-440.721
-440.721
-440.721
-440.721
-440.721
-438.203
-438.203
-438.203
-438.203
-438.203
-438.203
-438.203
-438.203
-438.203
-438.203
-438.203
-438.203
-438.203
-438.203
-438.203
-438.203
-438.203
-438.221
-438.221
-438.221
-438.203
-438.203
-438.221
-438.221
-438.221
-438.221
-438.221
-438.221
-438.221
-438.221
-438.221
-438.221
-440.978
-440.978
-440.978
-438.221
-438.221
-438.221
-438.242
-438.242
-438.242
-438.221
-438.221
-438.221
-438.221
-438.221
-438.221
-438.221
-438.221
-438.221
-438.221
-438.221
-438.221
-438.221
-438.221
-438.221
-438.221
-438.221
-438.221
-438.221
-438.221
-438.221
-438.221
-438.221
-438.221
-438.221
-438.221
-438.221
-438.221
-438.242
-438.242
-438.242
-438.242
-438.242
-438.242
-438.242
-438.242
-438.242
-438.242
-438.242
-438.242
-438.242
-438.242
-438.242
-438.224
-438.224
-438.224
-438.224
-438.224
-438.224
-438.224
-438.224
-438.224
-438.224
-442.71
-442.095
-442.728
-442.728
-442.728
-438.224
-438.224
-438.224
-438.224
-438.224
-438.224
-438.224
-438.224
-438.224
-438.203
-438.203
-438.203
-438.203
-438.203
-438.203
-438.203
-438.203
-438.221
-438.221
-438.221
-438.221
-438.242
-438.242
-438.242
-438.242
-438.242
-438.224
-438.242
-438.242
-438.242
-438.242
-438.242
-438.242
-438.242
-438.242
-438.242
-438.242
-438.242
-438.242
-438.242
-441.422
-441.422
-442.038
-442.038
-442.038
-438.224
-438.224
-442.095
-442.095
-442.113
-442.113
-442.113
-442.113
-442.113
-442.113
-442.113
-442.113
-442.092
-442.092
-442.092
-442.092
-442.092
-442.092
-442.092
-442.092
-442.092
-442.056
-442.056
-442.056
-442.038
-442.038
-442.038
-442.038
-442.038
-442.038
-442.038
-442.059
-442.059
-442.059
-442.059
-442.059
-442.059
-442.06
-442.06
-442.078
-442.078
-447.88
-450.217
-450.217
-450.217
-447.88
-442.078
-442.078
-442.078
-442.06
-438.224
-438.242
-438.242
-438.242
-438.242
-438.242
-438.242
-438.242
-438.242
-438.242
-438.242
-438.242
-438.242
-438.242
-438.242
-438.242
-438.242
-438.221
-438.221
-438.221
-438.221
-438.221
-440.978
-440.978
-440.959
-440.959
-440.959
-438.203
-438.203
-438.203
-438.203
-438.224
-438.224
-438.224
-438.224
-438.224
-438.224
-438.224
-438.914
-438.242
-438.242
-438.242
-442.078
-442.078
-442.078
-442.078
-442.078
-442.078
-442.078
-442.078
-442.078
-442.06
-442.06
-442.06
-442.06
-442.06
-442.06
-442.078
-442.078
-442.078
-442.078
-442.078
-442.057
-442.039
-442.039
-438.203
-438.203
-442.039
-442.039
-442.73
-438.893
-438.893
-442.745
-442.745
-442.745
-442.072
-438.221
-438.221
-438.203
-438.203
-438.203
-438.203
-438.203
-438.203
-438.203
-438.203
-438.203
-438.203
-438.203
-438.203
-438.203
-438.203
-438.203
-438.203
-438.203
-438.203
-438.203
-438.203
-438.203
-438.224
-438.224
-438.224
-438.224
-438.224
-438.203
-438.203
-438.203
-438.224
-438.224
-438.224
-438.224
-440.98
-440.98
-440.98
-441.671
-441.671
-441.671
-441.671
-440.998
-440.98
-440.98
-440.98
-438.224
-438.224
-438.224
-438.224
-438.224
-438.224
-438.224
-438.224
-438.224
-438.224
-442.095
-442.095
-442.095
-442.095
-438.224
-438.224
-438.224
-438.224
-438.224
-438.224
-438.224
-438.224
-438.224
-438.224
-438.224
-438.224
-442.655
-442.655
-442.655
-442.655
-442.655
-442.655
-442.655
-442.06
-442.078
-442.078
-445.949
-442.113
-438.242
-442.113
-442.113
-442.113
-442.113
-442.092
-442.092
-442.764
-442.785
-442.785
-442.785
-442.785
-442.785
-442.785
-442.785
-442.785
-442.785
-442.785
-442.785
-442.785
-442.785
-442.785
-442.785
-442.785
-442.785
-442.785
-442.785
-442.785
-442.785
-438.914
-438.914
-438.914
-438.914
-438.914
-438.914
-438.914
-438.224
-438.224
-440.98
-440.98
-440.98
-440.98
-438.224
-442.095
-442.095
-442.095
-442.095
-442.095
-442.095
-442.095
-442.095
-442.095
-442.095
-442.074
-442.074
-442.074
-442.092
-442.092
-438.221
-438.221
-438.221
-438.221
