-459.13
-459.13
-454.485
-454.485
-454.485
-456.038
-456.038
-456.038
-456.038
-454.464
-454.464
-454.464
-454.485
-454.485
-454.485
-454.485
-448.45
-448.45
-444.273
-444.273
-444.273
-444.273
-444.273
-444.273
-444.273
-444.273
-444.273
-444.273
-444.273
-444.273
-445.292
-444.273
-444.461
-444.461
-444.461
-444.461
-444.461
-444.461
-444.461
-444.461
-444.461
-444.439
-444.439
-444.439
-444.439
-444.439
-444.439
-444.439
-444.461
-444.461
-444.461
-446.166
-446.166
-446.166
-444.461
-444.461
-444.461
-444.461
-444.461
-444.461
-444.461
-442.159
-442.159
-442.159
-442.139
-442.139
-442.139
-442.139
-442.139
-442.139
-442.139
-442.139
-442.139
-446.01
-446.01
-446.01
-446.01
-446.01
-442.116
-442.116
-442.116
-442.116
-442.116
-442.116
-442.116
-442.139
-444.441
-444.441
-444.441
-444.441
-442.139
-442.139
-442.139
-442.139
-442.139
-442.139
-450.437
-450.437
-450.437
-452.275
-452.275
-452.275
-452.275
-452.275
-452.275
-452.275
-452.275
-452.275
-452.275
-452.275
-452.275
-452.275
-452.275
-452.275
-442.116
-442.116
-442.116
-442.116
-442.116
-442.116
-442.116
-442.116
-442.116
-442.137
-442.137
-444.439
-444.439
-442.137
-442.137
-442.137
-442.137
-442.137
-442.137
-442.159
-442.159
-442.159
-444.07
-444.07
-444.07
-444.07
-445.907
-444.07
-444.07
-444.07
-444.07
-442.179
-442.179
-442.179
-442.179
-442.179
-442.179
-442.179
-442.179
-442.179
-442.179
-442.179
-442.158
-442.158
-442.158
-442.139
-442.139
-442.139
-442.139
-442.139
-442.139
-442.139
-442.139
-442.139
-442.139
-442.139
-442.139
-442.139
-442.139
-442.139
-442.139
-442.139
-442.139
-442.139
-442.179
-442.179
-442.179
-444.936
-444.936
-444.936
-444.936
-444.628
-444.628
-444.628
-444.628
-444.628
-444.628
-444.628
-442.762
-442.762
-443.463
-443.463
-443.463
-443.463
-443.463
-443.463
-443.463
-443.029
-443.029
-443.029
-443.029
-443.029
-446.9
-446.9
-446.9
-446.9
-446.9
-443.029
-443.029
-446.9
-450.771
-446.9
-443.029
-443.029
-443.029
-443.029
-443.008
-443.008
-443.008
-443.008
-443.008
-443.008
-443.029
-443.029
-443.029
-443.029
-443.029
-443.029
-443.029
-443.029
-443.029
-443.029
-443.029
-443.029
-443.029
-446.426
-446.426
-446.426
-446.959
-446.959
-446.959
-443.442
-443.442
-443.442
-443.442
-443.442
-442.741
-442.741
-442.741
-442.741
-442.762
-442.762
-442.762
-442.741
-443.688
-443.688
-443.688
-443.688
-443.688
-443.688
-443.688
-443.688
-443.688
-443.688
-443.688
-443.688
-443.688
-442.741
-442.741
-442.741
-442.741
-442.741
-442.741
-442.741
-442.741
-442.741
-442.741
-442.741
-442.741
-442.741
-442.741
-446.099
-446.099
-446.099
-446.099
-446.119
-446.119
-446.387
-446.385
-446.385
-446.385
-446.385
-446.385
-446.385
-443.028
-443.028
-442.615
-442.615
-442.615
-442.615
-442.615
-443.689
-443.689
-443.689
-444.124
-444.124
-444.124
-444.124
-444.124
-444.124
-444.124
-444.124
-444.124
-444.124
-444.124
-447.293
-447.293
-447.293
-444.124
-444.124
-444.124
-444.124
-444.124
-444.124
-444.124
-444.124
-444.124
-444.124
-444.124
-444.124
-444.124
-444.103
-444.103
-444.103
-444.103
-444.103
-444.103
-444.103
-444.103
-444.103
-447.972
-447.972
-447.972
-447.972
-447.972
-447.972
-447.972
-447.972
-447.972
-447.972
-444.804
-444.804
-444.804
-444.804
-444.804
-444.804
-443.709
-443.709
-444.825
-444.783
-444.783
-444.783
-444.783
-444.783
-444.783
-444.783
-444.783
-444.783
-444.783
-444.783
-443.709
-443.709
-443.709
-443.709
-443.709
-443.709
-443.709
-443.709
-443.709
-443.709
-443.709
-443.709
-443.709
-443.709
-442.615
-442.615
-445.972
-445.972
-445.972
-447.46
-447.46
-444.103
-444.103
-444.103
-444.804
-444.804
-447.958
-447.958
-447.958
-447.958
-447.958
-446.938
-443.442
-443.442
-443.442
-443.442
-443.442
-443.442
-442.741
-442.741
-442.741
-442.741
-442.741
-442.741
-442.741
-442.741
-442.741
-442.741
-442.762
-442.762
-442.762
-442.762
-443.463
-443.709
-443.029
-443.029
-443.029
-442.762
-442.762
-442.762
-442.762
-442.741
-442.741
-447.313
-443.008
-443.008
-443.008
-443.008
-443.008
-443.029
-443.709
-443.689
-443.689
-442.594
-442.594
-442.594
-442.594
-442.594
-442.594
-442.594
-442.594
-442.594
-442.594
-442.594
-442.594
-443.007
-443.028
-443.028
-443.028
-443.028
-443.028
-442.615
-442.615
-442.615
-445.989
-445.989
-445.989
-445.989
-445.989
-445.989
-445.989
-450.315
-446.444
-446.444
-446.444
-446.444
-446.858
-446.858
-446.858
-443.709
-443.463
-443.463
-443.463
-443.463
-443.463
-442.762
-442.762
-442.762
-442.762
-442.762
-442.762
-442.762
-442.762
-442.762
-442.762
-442.741
-442.762
-442.762
-442.762
-442.762
-442.741
-442.741
-443.442
-446.641
-446.641
-446.641
-446.641
-443.463
-443.463
-443.029
-442.762
-442.762
-443.028
-443.028
-443.028
-443.028
-443.028
-443.028
-443.028
-443.028
-443.007
-446.878
-446.465
-446.465
-446.465
-446.465
-446.465
-446.465
-446.465
-446.465
-446.878
-446.878
-446.878
-446.878
-446.465
-446.878
-446.878
-446.879
-446.879
-443.008
-443.029
-443.029
-443.029
-443.029
-443.029
-443.029
-443.029
-443.029
-443.029
-443.029
-443.029
-443.029
-443.029
-443.029
-443.029
-446.879
-446.879
-446.879
-446.858
-446.858
-446.857
-446.857
-446.857
-446.857
-446.878
-446.878
-446.857
-446.857
-446.857
-446.857
-447.292
-447.292
-447.292
-443.442
-443.442
-443.442
-443.442
-443.442
-443.442
-443.442
-442.741
-442.741
-442.741
-442.741
-442.741
-442.741
-442.741
-443.688
-443.709
-443.709
-443.709
-443.709
-443.709
-443.709
-443.709
-443.709
-443.709
-443.709
-443.709
-443.028
-443.028
-443.007
-443.007
-443.007
-443.007
-443.007
-443.007
-443.007
-445.763
-445.763
-449.586
-449.586
-450.308
-450.308
-450.328
-450.328
-450.328
-455.328
-455.328
-454.627
-454.627
-455.307
-450.307
-450.251
-450.251
-450.251
-450.251
-450.251
-450.251
-448.718
-448.718
-448.718
-450.251
-450.251
-450.251
-450.251
-446.938
-446.938
-446.938
-446.938
-446.938
-446.938
-446.938
-446.938
-446.938
-446.938
-446.938
-446.938
-446.938
-443.463
-443.029
-443.029
-446.879
-448.925
-447.974
-447.974
-447.974
-447.107
-447.107
-447.107
-447.107
-447.107
-447.107
-448.058
-448.058
-448.058
-448.058
-448.058
-449.591
-448.037
-448.037
-448.058
-448.058
-448.058
-449.57
-449.57
-449.57
-449.57
-449.626
-449.57
-449.606
-447.538
-447.538
-447.538
-447.558
-447.558
-447.558
-443.689
-442.594
-442.594
-442.615
-442.615
-442.615
-442.615
-442.615
-442.615
-443.689
-443.689
-443.689
-443.689
-443.689
-443.689
-443.689
-443.689
-443.689
-443.689
-443.689
-447.559
-447.559
-447.559
-446.486
-446.465
-446.878
-446.878
-442.741
-442.741
-442.741
-442.741
-442.741
-442.741
-442.741
-442.741
-442.741
-442.741
-442.741
-442.741
-442.741
-442.741
-442.741
-445.939
-445.939
-442.741
-442.741
-442.741
-442.762
-442.762
-442.762
-442.762
-442.762
-442.762
-442.762
-442.762
-442.762
-442.762
-442.762
-442.762
-442.762
-442.762
-442.762
-442.762
-442.762
-442.762
-442.762
-442.762
-442.762
-442.762
-442.762
-442.762
-442.762
-442.762
-443.029
-443.029
-443.029
-443.029
-443.029
-443.029
-443.029
-443.709
-443.709
-443.709
-443.709
-443.709
-443.709
-447.543
-446.01
-446.01
-446.01
-443.689
-443.689
-443.689
-443.689
-443.689
-443.689
-443.689
-444.124
-444.124
-444.124
-444.124
-444.124
-444.124
-444.124
-444.124
-444.124
-444.124
-444.124
-444.124
-444.124
-444.124
-444.124
-442.615
-442.594
-442.594
-442.594
-442.594
-442.594
-442.594
-442.594
-442.594
-442.594
-443.007
-443.007
-443.007
-443.007
-443.007
-443.007
-447.284
-447.284
-454.669
-454.669
-450.273
-447.104
-447.104
-447.104
-447.104
-447.104
-447.104
-447.104
-447.104
-451.79
-451.79
-451.79
-451.79
-451.79
-451.79
-451.79
-451.79
-451.79
-447.104
-447.104
-447.104
-442.615
-442.615
-442.615
-442.615
-442.615
-442.615
-442.615
-442.615
-445.784
-443.028
-443.028
-443.028
-443.028
-443.028
-443.028
-443.028
-443.028
-443.028
-442.615
-442.615
-442.615
-442.615
-442.615
-443.028
-443.028
-443.028
-443.028
-443.028
-443.028
-443.028
-443.028
-442.615
-442.615
-442.615
-442.615
-446.486
-446.486
-446.486
-446.486
-446.486
-446.486
-446.486
-446.486
-446.486
-446.486
-446.486
-446.486
-446.486
-446.486
-447.58
-447.58
-446.465
-446.465
-446.465
-446.465
-446.465
-446.465
-446.465
-446.465
-447.974
-447.974
-446.486
-446.486
-446.486
-446.486
-442.615
-442.615
-442.615
-443.709
-443.709
-443.709
-443.709
-443.709
-443.709
-443.709
-443.709
-443.709
-443.709
-443.709
-443.709
-443.709
-443.709
-443.709
-443.709
-442.594
-443.689
-443.689
-443.689
-443.689
-443.689
-443.689
-443.689
-443.689
-443.689
-443.689
-443.709
-443.709
-443.709
-448.709
-448.709
-448.709
-449.783
-449.783
-444.783
-444.783
-444.783
-444.783
-444.783
-444.783
-443.689
-443.689
-444.783
-444.783
-444.783
-444.783
-444.783
-444.783
-444.783
-444.783
-444.783
-444.783
-444.783
-444.783
-444.783
-449.327
-449.327
-449.327
-449.327
-450.948
-450.948
-450.948
-449.327
-449.327
-449.327
-449.327
-449.327
-449.327
-448.232
-443.689
-443.689
-443.689
-443.689
-443.689
-443.689
-443.689
-443.689
-443.689
-443.689
-443.689
-442.594
-442.594
-442.594
-442.594
-443.007
-443.688
-442.741
-442.741
-442.741
-442.741
-442.741
-442.741
-442.741
-442.741
-442.741
-442.741
-442.741
-443.688
-443.709
-443.709
-443.709
-443.709
-443.709
-443.709
-443.688
-443.688
-443.688
-443.688
-443.709
-443.709
-443.463
-443.463
-443.463
-443.463
-443.463
-442.762
-442.762
-442.762
-442.762
-442.762
-442.762
-442.762
-442.762
-442.762
-446.612
-446.612
-446.612
-446.612
-446.612
-446.612
-446.612
-442.762
-442.762
-442.762
-442.762
-442.762
-442.762
-442.762
-442.762
-442.762
-444.628
-444.628
-444.628
-444.628
-448.704
-448.704
-448.704
-449.365
-449.365
-449.365
-449.365
-447.92
-447.92
-447.92
-444.461
-442.159
-442.159
-442.159
-442.159
-442.159
-442.159
-442.159
-442.159
-442.159
-442.159
-442.159
-442.159
-442.159
-442.159
-442.159
-442.159
-442.159
-442.159
-443.41
-443.41
-443.41
-443.41
-443.41
-443.41
-443.41
-443.41
-443.41
-443.41
-443.41
-443.41
-443.41
-443.41
-443.41
-443.41
-443.41
-443.41
-443.41
-443.41
-443.41
-443.41
-443.41
-443.41
-443.41
-443.41
-443.41
-443.41
-443.41
-443.41
-443.41
-443.41
-443.41
-443.41
-443.41
-443.41
-443.41
-443.41
-443.41
-443.41
-443.41
-443.41
-448.41
-447.159
-447.159
-442.159
-442.159
-442.159
-442.159
-442.159
-447.631
-447.631
-447.631
-447.61
-447.61
-447.61
-442.139
-442.116
-442.116
-442.116
-442.116
-442.116
-442.116
-442.116
-442.116
-442.116
-442.116
-442.158
-442.158
-442.158
-444.915
-444.936
-444.936
-444.936
-444.936
-444.936
-444.936
-443.709
-443.709
-443.709
-443.709
-443.709
-443.709
-443.709
-442.762
-442.762
-446.633
-446.633
-446.633
-446.633
-442.762
-442.762
-446.237
-446.237
-446.405
-446.405
-446.405
-444.804
-444.804
-444.103
-444.103
-444.103
-444.103
-444.103
-442.615
-442.615
-442.615
-442.615
-442.615
-442.615
-442.615
-442.615
-442.615
-442.615
-442.615
-443.028
-443.028
-443.007
-443.007
-443.007
-443.028
-443.028
-443.028
-443.028
-443.028
-443.028
-443.028
-443.028
-442.615
-442.615
-442.615
-442.615
-442.615
-442.615
-442.615
-442.615
-442.615
-442.615
-442.615
-442.615
-442.615
-442.615
-442.615
-442.615
-442.615
-442.615
-442.615
-442.615
-442.615
-442.615
-442.615
-442.615
-442.615
-442.615
-442.615
-443.028
-443.028
-443.028
-443.028
-443.028
-443.028
-443.028
-443.028
-443.028
-443.709
-442.762
-442.762
-442.762
-442.762
-442.762
-442.762
-442.762
-442.762
-442.762
-442.762
-443.709
-443.709
-443.709
-443.688
-443.688
-443.688
-443.688
-443.688
-442.741
-442.741
-442.741
-442.741
-442.741
-443.688
-443.688
-443.688
-443.688
-443.688
-443.008
-443.007
-443.007
-443.007
-443.007
-443.007
-443.007
-445.763
-445.763
-445.763
-445.763
-445.763
-445.763
-445.763
-445.763
-445.763
-445.763
-445.763
-442.594
-442.594
-442.594
-442.594
-442.594
-442.594
-442.594
-442.594
-442.594
-442.594
-442.594
-443.007
-443.007
-443.007
-443.007
-443.007
-443.007
-446.612
-446.612
-446.633
-446.633
-446.633
-446.633
-446.633
-446.633
-450.504
-450.504
-450.504
-446.633
-442.762
-442.762
-442.762
-442.762
-442.762
-442.762
-442.762
-442.762
-442.762
-442.762
-442.762
-442.762
-442.762
-443.029
-443.029
-446.405
-446.405
-446.405
-446.405
-446.405
-446.405
-446.405
-446.405
-444.783
-444.783
-444.783
-444.783
-444.783
-444.783
-443.689
-444.783
-444.783
-443.709
-443.709
-443.709
-443.709
-443.709
-443.709
-443.709
-443.709
-443.709
-443.709
-443.709
-443.709
-446.486
-446.486
-446.486
-446.486
-449.663
-446.465
-446.465
-447.558
-447.558
-447.558
-443.689
-443.689
-443.689
-443.689
-442.615
-442.615
-443.028
-443.028
-443.028
-443.028
-443.028
-443.028
-443.028
-443.028
-443.028
-443.028
-443.028
-443.028
-443.028
-443.028
-443.028
-443.028
-443.028
-443.028
-443.007
-443.007
-443.007
-443.007
-443.007
-445.763
-446.858
-443.689
-443.689
-443.689
-443.689
-443.689
-443.689
-443.689
-443.689
-443.689
-443.689
-443.689
-443.689
-443.689
-443.689
-443.689
-443.689
-443.689
-443.689
-444.783
-444.783
-444.783
-443.689
-443.689
-444.783
-446.405
-446.405
-446.206
-446.9
-446.9
-446.9
-446.9
-443.008
-443.008
-443.008
-443.008
-443.008
-443.008
-443.029
-443.029
-442.762
-442.762
-442.741
-442.741
-442.741
-442.741
-442.741
-443.008
-443.008
-443.008
-443.008
-443.008
-443.008
-443.008
-443.008
-443.008
-443.008
-443.008
-443.008
-448.232
-448.232
-448.232
-448.232
-448.232
-448.232
-448.232
-448.232
-448.232
-442.741
-442.741
-443.008
-443.008
-443.007
-443.007
-447.284
-447.284
-450.947
-447.284
-447.284
-447.284
-447.284
-447.305
-447.305
-447.305
-447.305
-443.029
-443.029
-443.029
-442.762
-442.762
-442.762
-442.762
-442.762
-442.762
-443.029
-443.029
-443.029
-443.029
-443.029
-443.029
-443.029
-443.029
-443.029
-443.029
-443.029
-447.106
-447.106
-447.106
-447.106
-447.106
-446.9
-446.9
-447.579
-448.616
-448.616
-447.085
-447.085
-447.085
-447.085
-447.085
-448.637
-447.085
-442.741
-442.741
-442.741
-443.007
-443.007
-446.444
-443.028
-443.028
-443.028
-443.007
-443.007
-443.008
-443.008
-443.008
-443.008
-443.008
-443.008
-443.008
-443.008
-443.008
-443.008
-443.008
-443.008
-443.008
-443.008
-443.008
-443.008
-446.9
-446.9
-446.9
-446.9
-446.9
-446.9
-446.9
-446.9
-446.9
-446.9
-446.9
-443.029
-443.029
-443.029
-443.029
-443.029
-443.029
-446.405
-446.405
-446.405
-446.405
-446.405
-446.405
-446.405
-446.405
-446.405
-446.405
-443.029
-443.028
-443.028
-443.028
-443.028
-443.028
-443.028
-443.028
-443.028
-443.028
-443.028
-443.028
-443.028
-443.028
-443.028
-443.028
-443.028
-443.007
-443.007
-443.007
-443.007
-443.007
-443.007
-443.007
-443.007
-443.007
-443.007
-443.007
-443.028
-443.028
-443.028
-443.028
-443.028
-443.028
-443.028
-443.028
-443.028
-443.028
-443.028
-443.028
-443.028
-447.107
-447.107
-447.107
-447.107
-447.107
-447.107
-447.107
-443.029
-443.029
-443.029
-443.029
-443.709
-443.709
-443.709
-444.804
-444.804
-444.804
-444.804
-444.804
-444.804
-444.804
-444.103
-444.103
-444.103
-444.103
-444.804
-444.103
-444.103
-444.103
-444.103
-444.103
-444.103
-444.103
-444.103
-447.953
-447.953
-447.953
-447.953
-451.824
-448.654
-448.654
-448.654
-448.654
-448.654
-448.654
-448.654
-448.654
-448.654
-448.654
-448.654
-448.654
-448.654
-448.654
-454.993
-454.993
-452.989
-452.989
-452.989
-445.972
-445.972
-445.972
-445.972
-445.972
-445.951
-442.118
-442.118
-442.118
-442.118
-442.118
-442.118
-442.118
-442.118
-442.118
-442.118
-442.118
-442.118
-442.118
-442.118
-442.118
-442.118
-442.118
-442.118
-442.118
-442.118
-442.118
-442.118
-442.118
-442.118
-442.118
-442.118
-442.118
-445.288
-442.118
-442.118
-442.118
-442.139
-447.919
-447.919
-447.919
-442.137
-442.137
-442.139
-442.139
-442.137
-442.137
-442.137
-442.137
-442.116
-442.116
-442.116
-442.116
-445.927
-445.927
-445.927
-445.288
-445.288
-445.288
-442.116
-442.116
-442.116
-442.116
-442.116
-442.116
-442.137
-445.288
-445.288
-454.325
-454.325
-454.325
-445.288
-445.288
-445.288
-445.288
-445.288
-449.573
-449.573
-449.573
-449.573
-449.573
-449.573
-449.573
-449.573
-450.708
-450.708
-450.708
-450.708
-450.708
-445.968
-445.968
-445.968
-445.968
-445.968
-445.968
-445.968
-445.968
-445.968
-445.968
-445.968
-445.968
-445.968
-445.968
-445.968
-445.987
-445.987
-445.968
-445.968
-445.968
-444.894
-444.894
-444.894
-444.894
-444.894
-444.894
-444.894
-445.225
-445.225
-445.225
-445.225
-442.116
-442.116
-442.116
-442.116
-442.116
-442.116
-442.116
-442.116
-442.116
-442.116
-442.116
-442.116
-445.951
-445.951
-445.951
-445.951
-445.951
-445.951
-445.951
-445.951
-445.951
-442.116
-442.116
-442.118
-442.118
-442.118
-442.118
-442.118
-442.118
-442.118
-442.118
-442.118
-442.118
-442.116
-442.118
-442.118
-442.118
-442.118
-442.118
-442.118
-442.118
-442.118
-442.118
-442.118
-442.118
-442.118
-442.118
-442.118
-442.118
-442.118
-442.118
-442.118
-442.118
-442.118
-442.118
-442.118
-442.118
-442.118
-442.118
-442.118
-442.118
-442.118
-442.118
-442.118
-442.118
-442.139
-442.139
-442.139
-442.139
-442.139
-442.139
-446.008
-446.008
-442.137
-442.137
-442.137
-442.137
-442.137
-442.139
-442.137
-442.137
-442.137
-442.137
-452.275
-452.275
-452.275
-452.275
-452.274
-452.274
-452.274
-452.274
-452.274
-452.275
-452.275
-452.274
-452.275
-452.275
-452.275
-452.275
-452.275
-452.275
-452.275
-452.275
-444.439
-442.137
-442.137
-442.159
-442.159
-442.159
-445.972
-445.972
-445.972
-444.953
-444.953
-444.953
-444.953
-444.953
-444.953
-444.953
-444.953
-444.953
-444.953
-444.953
-444.439
-444.439
-444.439
-444.439
-444.439
-444.873
-444.873
-444.873
-444.873
-444.873
-444.873
-443.007
-443.007
-443.007
-443.007
-443.007
-443.028
-446.899
-446.899
-446.899
-446.899
-446.899
-446.899
-446.899
-446.899
-446.899
-446.899
-446.899
-446.899
-446.899
-446.899
-446.899
-449.655
-449.655
-449.655
-449.655
-449.655
-446.899
-446.899
-446.899
-446.878
-446.899
-446.899
-446.878
-446.878
-446.878
-446.878
-446.878
-446.878
-446.878
-450.235
-450.235
-450.235
-450.235
-449.822
-449.822
-449.822
-449.822
-449.822
-445.952
-445.952
-445.952
-449.822
-449.822
-449.822
-445.952
-450.44
-450.44
-450.44
-450.44
-450.44
-447.083
-447.083
-447.083
-447.083
-447.083
-447.083
-447.083
-447.083
-447.083
-447.083
-447.083
-447.083
-450.954
-450.954
-450.954
-450.954
-450.954
-450.954
-450.954
-450.954
-450.954
-455.64
-455.64
-455.64
-455.64
-454.677
-454.677
-454.677
-454.786
-454.786
-454.786
-454.786
-454.677
-450.807
-450.273
-450.273
-450.273
-450.273
-450.273
-450.273
-450.273
-443.008
-443.029
-443.029
-443.709
-443.709
-443.463
-443.463
-443.463
-443.463
-451.163
-451.163
-451.163
-451.163
-443.463
-443.463
-443.442
-443.442
-443.442
-443.442
-443.442
-443.442
-443.442
-443.442
-443.442
-443.442
-443.442
-443.442
-443.442
-443.442
-443.442
-443.442
-443.442
-446.8
-446.8
-446.8
-446.821
-446.821
-446.821
-446.821
-446.821
-446.821
-446.821
-446.821
-446.119
-446.119
-446.119
-446.119
-446.119
-446.119
-446.119
-446.119
-446.119
-446.119
-446.119
-442.762
-442.762
-442.762
-442.762
-443.029
-443.029
-443.029
-443.029
-443.029
-443.709
-443.709
-443.709
-446.486
-446.486
-446.486
-446.486
-442.615
-442.615
-443.028
-443.028
-443.028
-443.028
-442.762
-442.762
-442.762
-442.762
-442.762
-442.762
-442.762
-442.762
-442.762
-442.741
-443.007
-443.007
-443.007
-443.007
-443.007
-443.007
-443.442
-443.442
-443.442
-443.442
-443.442
-443.442
-443.442
-443.442
-443.442
-443.007
-443.007
-443.007
-443.007
-443.007
-443.007
-443.007
-443.007
-443.007
-443.007
-443.007
-443.007
-443.007
-443.007
-443.007
-443.007
-443.007
-446.878
-446.878
-446.878
-444.873
-444.873
-444.873
-444.873
-443.007
-443.007
-443.007
-443.007
-446.424
-443.028
-443.028
-443.028
-443.028
-443.028
-443.028
-443.028
-443.028
-443.007
-443.007
-442.741
-442.741
-442.741
-442.741
-442.741
-442.741
-442.741
-442.741
-442.741
-442.741
-443.008
-443.008
-443.008
-443.008
-443.008
-443.008
-443.008
-443.008
-443.008
-443.008
-443.008
-443.008
-443.008
-443.008
-443.029
-443.029
-443.029
-443.029
-443.029
-443.463
-443.463
-446.959
-446.258
-442.762
-442.762
-443.028
-443.028
-443.028
-443.028
-443.028
-443.028
-443.028
-443.709
-443.709
-443.709
-443.709
-443.709
-443.709
-443.709
-442.762
-442.762
-442.762
-442.762
-442.762
-442.762
-442.762
-442.762
-442.762
-442.762
-442.762
-442.762
-442.762
-442.762
-442.762
-442.762
-442.762
-442.762
-443.028
-443.028
-443.028
-443.028
-442.615
-442.615
-442.594
-443.007
-446.878
-446.878
-446.878
-446.878
-446.878
-446.878
-446.878
-446.878
-446.878
-446.878
-446.899
-446.899
-446.899
-446.899
-442.615
-447.615
-447.615
-442.615
-442.615
-446.9
-446.9
-446.9
-446.9
-446.9
-446.9
-446.9
-446.9
-446.486
-446.486
-447.559
-447.559
-447.559
-450.274
-450.274
-446.237
-446.237
-446.237
-446.403
-446.403
-443.689
-443.689
-443.689
-443.689
-443.689
-443.689
-443.689
-444.783
-444.783
-446.405
-446.405
-446.405
-446.405
-446.405
-446.405
-446.405
-443.008
-443.008
-443.008
-443.008
-443.008
-443.029
-443.029
-443.029
-443.028
-443.028
-443.028
-443.028
-443.028
-443.028
-448.028
-448.028
-448.028
-443.028
-443.028
-442.762
-442.741
-442.741
-442.741
-442.741
-442.741
-442.741
-442.741
-442.741
-442.741
-442.741
-442.741
-442.741
-442.741
-442.741
-442.741
-442.741
-442.741
-442.741
-442.741
-442.741
-442.741
-442.741
-442.741
-442.741
-442.741
-442.741
-446.612
-446.633
-446.633
-446.633
-446.633
-446.633
-446.633
-446.612
-446.612
-446.612
-446.612
-446.633
-446.633
-447.334
-446.899
-446.899
-446.899
-446.899
-446.899
-446.899
-443.028
-446.424
-446.424
-443.709
-442.594
-442.594
-442.594
-442.594
-443.709
-442.594
-442.594
-443.007
-443.007
-445.763
-445.763
-445.763
-445.763
-444.873
-444.873
-444.873
-444.873
-444.873
-444.873
-442.116
-442.116
-442.116
-442.158
-442.116
-442.116
-442.116
-442.116
-442.116
-442.158
-442.158
-442.158
-445.357
-442.116
-442.116
-442.116
-442.116
-442.116
-444.873
-444.873
-444.873
-444.873
-444.873
-444.873
-444.873
-444.873
-444.873
-444.873
-444.873
-444.873
-444.873
-444.873
-444.873
-444.873
-444.873
-444.873
-444.873
-444.873
-444.873
-444.873
-444.873
-444.873
-444.873
-444.873
-444.873
-444.873
-444.873
-444.873
-444.873
-444.873
-442.116
-442.116
-442.116
-442.118
-442.118
-442.118
-442.118
-442.118
-442.118
-442.118
-442.118
-442.118
-444.894
-444.894
-444.894
-444.894
-444.894
-444.894
-444.894
-444.894
-451.408
-451.408
-448.632
-448.632
-448.632
-448.632
-448.632
-448.632
-448.632
-448.632
-451.823
-451.823
-451.823
-451.823
-451.823
-451.823
-451.823
-445.309
-445.309
-445.309
-445.309
-445.309
-445.309
-445.309
-445.309
-445.309
-445.309
-445.309
-445.309
-445.309
-445.309
-442.118
-442.118
-442.118
-442.118
-442.118
-442.118
-442.118
-442.118
-442.118
-442.118
-442.118
-442.118
-442.118
-442.118
-442.118
-442.118
-442.118
-442.118
-442.118
-442.118
-442.139
-442.139
-442.139
-442.139
-442.139
-442.139
-442.139
-442.139
-442.139
-442.139
-442.139
-442.139
-442.139
-442.139
-442.139
-442.139
-442.139
-442.139
-442.139
-442.139
-442.139
-442.139
-442.139
-442.139
-442.139
-442.139
-442.137
-442.137
-442.137
-442.137
-442.137
-442.137
-442.137
-442.137
-442.137
-442.137
-442.137
-442.137
-442.137
-442.137
-442.137
-442.137
-442.137
-442.137
-442.137
-442.137
-442.137
-442.137
-442.137
-446.682
-446.682
-442.139
-442.139
-442.139
-442.139
-442.139
-442.137
-442.137
-442.137
-442.137
-442.137
-444.894
-444.894
-444.894
-444.873
-444.873
-444.873
-444.873
-444.873
-444.873
-444.873
-444.873
-444.873
-444.873
-444.873
-444.873
-442.116
-442.116
-445.315
-445.315
-445.315
-445.315
-445.315
-445.315
-445.315
-445.315
-442.137
-442.137
-442.137
-442.137
-452.654
-452.654
-452.654
-452.654
-452.654
-452.654
-452.654
-452.654
-452.654
-452.654
-452.654
-452.654
-452.654
-452.654
-452.654
-452.654
-452.654
-452.654
-452.654
-452.654
-452.654
-452.654
-452.654
-452.654
-452.654
-452.654
-452.654
-452.654
-452.654
-452.654
-452.654
-452.654
-452.654
-452.654
-452.654
-452.654
-446.008
-446.008
-446.008
-446.008
-446.008
-442.139
-442.139
-442.139
-442.139
-442.137
-442.137
-442.137
-442.137
-442.137
-445.288
-445.288
-445.288
-445.288
-445.288
-445.288
-445.288
-445.288
-445.288
-445.288
-445.288
-445.288
-442.137
-442.137
-442.137
-442.137
-442.137
-449.364
-449.364
-454.953
-454.953
-449.364
-449.364
-449.364
-449.364
-449.364
-449.364
-449.364
-449.364
-449.364
-449.364
-449.364
-442.118
-442.118
-442.118
-442.118
-442.118
-442.118
-442.118
-442.116
-442.116
-442.116
-442.116
-442.118
-442.118
-442.118
-442.116
-442.116
-442.116
-448.072
-442.137
-442.137
-442.137
-442.137
-442.137
-442.137
-442.116
-442.116
-442.116
-442.116
-442.116
-442.116
-442.116
-442.118
-442.118
-442.118
-442.118
-442.139
-442.118
-442.118
-442.118
-442.118
-442.118
-442.118
-442.118
-442.118
-442.118
-442.118
-442.118
-442.118
-442.118
-442.118
-442.118
-442.118
-442.116
-442.116
-442.116
-442.116
-442.116
-442.116
-442.118
-442.139
-442.139
-442.139
-442.139
-442.139
-442.139
-442.139
-442.139
-442.139
-442.139
-442.139
-442.139
-442.139
-442.139
-442.118
-442.118
-442.118
-442.118
-442.116
-442.116
-442.116
-442.116
-442.116
-442.116
-442.116
-442.116
-442.116
-442.116
-442.116
-442.116
-442.116
-442.116
-442.116
-442.116
-442.116
-444.873
-444.873
-444.873
-444.873
-444.873
-444.873
-444.873
-444.873
-444.873
-444.873
-444.873
-444.873
-442.116
-442.116
-442.116
-442.137
-442.137
-442.137
-445.99
-445.99
-445.99
-445.99
-445.99
-445.99
-445.99
-445.99
-445.99
-445.99
-445.99
-445.99
-445.99
-445.99
-445.99
-445.99
-445.99
-445.99
-445.99
-445.99
-445.99
-445.99
-445.99
-445.99
-445.99
-445.99
-445.99
-442.139
-445.246
-445.246
-442.118
-442.118
-442.118
-442.118
-445.969
-445.969
-445.969
-445.969
-442.118
-442.118
-442.118
-442.118
-442.118
-442.118
-442.118
-442.118
-442.118
-442.118
-442.118
-442.118
-442.118
-442.118
-442.118
-442.118
-442.118
-442.118
-442.118
-442.118
-442.118
-442.118
-442.118
-442.118
-442.118
-442.118
-442.118
-442.116
-442.116
-442.137
-442.137
-442.137
-442.137
-442.137
-442.137
-442.137
-442.137
-442.137
-442.137
-442.137
-442.139
-442.139
-442.139
-442.139
-442.139
-442.139
-442.139
-442.139
-442.139
-445.99
-445.99
-445.99
-445.99
-445.99
-447.301
-447.301
-447.301
-445.948
-445.948
-445.948
-445.948
-445.948
-445.948
-445.948
-445.948
-445.948
-445.948
-445.948
-445.948
-445.948
-445.948
-445.948
-445.948
-445.948
-445.948
-445.948
-445.948
-445.948
-445.948
-442.116
-442.118
-442.118
-442.118
-442.118
-442.118
-442.139
-442.139
-442.139
-442.139
-442.139
-442.139
-442.139
-442.139
-442.139
-445.309
-445.309
-445.309
-445.309
-445.309
-445.309
-445.309
-445.309
-445.309
-445.309
-445.309
-445.309
-445.309
-445.309
-445.309
-445.309
-445.309
-442.137
-442.137
-444.873
-444.873
-444.873
-444.873
-444.873
-444.873
-444.873
-444.873
-444.873
-444.873
-444.873
-444.873
-444.873
-444.873
-444.873
-444.873
-442.116
-442.116
-442.116
-442.116
-442.116
-442.116
-442.137
-442.137
-442.137
-442.137
-442.137
-442.137
-442.137
-442.137
-442.137
-442.137
-442.137
-442.137
-442.137
-442.137
-442.137
-446.681
-446.66
-446.66
-446.66
-446.681
-449.437
-449.437
-449.437
-449.437
-449.437
-449.437
-449.852
-449.852
-449.852
-449.852
-449.852
-449.852
-446.66
-446.66
-442.116
-442.116
-447.083
-447.083
-447.083
-447.083
-447.083
-447.083
-442.116
-442.116
-442.116
-442.116
-442.116
-442.116
-442.116
-442.116
-442.116
-442.116
-442.116
-442.116
-442.116
-442.116
-442.137
-442.137
-442.137
-442.137
-445.926
-445.926
-445.926
-445.926
-442.116
-442.116
-442.116
-442.137
-442.137
-442.139
-442.139
-442.139
-442.139
-442.139
-442.139
-442.139
-442.139
-442.139
-449.151
-449.151
-449.151
-449.151
-449.151
-449.15
-449.15
-449.15
-442.137
-442.137
-442.137
-442.137
-442.137
-442.137
-442.139
-442.139
-442.118
-442.118
-442.118
-442.118
-442.139
-442.139
-442.139
-442.139
-442.139
-442.139
-442.139
-442.139
-450.976
-450.976
-442.139
-442.139
-442.139
-442.139
-442.139
-442.139
-442.139
-445.907
-445.907
-445.907
-445.907
-445.907
-445.907
-445.907
-445.907
-445.907
-445.907
-445.907
-445.907
-445.907
-445.907
-447.26
-447.26
-447.26
-447.26
-445.907
-445.907
-442.139
-442.139
-442.137
-442.137
-442.137
-442.139
-442.139
-442.139
-442.139
-442.139
-442.139
-442.118
-442.118
-442.118
-442.118
-442.118
-445.969
-445.969
-445.969
-445.969
-442.139
-447.105
-447.084
-447.084
-448.084
-448.084
-448.084
-448.084
-447.084
-447.084
-447.084
-447.084
-447.084
-447.105
-442.139
-449.749
-449.749
-449.749
-449.749
-453.866
-453.866
-453.866
-449.749
-449.749
-442.139
-442.139
-442.139
-442.139
-442.139
-442.139
-442.139
-442.139
-442.139
-442.139
-442.139
-442.139
-442.139
-442.139
-442.139
-442.139
-442.139
-445.316
-445.316
-445.316
-445.316
-445.316
-445.316
-445.316
-445.316
-445.316
-445.316
-445.316
-445.316
-445.316
-445.316
-445.316
-445.316
-442.118
-442.118
-442.118
-442.118
-442.118
-442.118
-442.118
-442.118
-442.118
-442.118
-442.118
-442.116
-442.116
-442.116
-442.116
-442.116
-442.116
-442.116
-442.116
-445.309
-445.309
-449.594
-449.594
-449.594
-445.309
-445.309
-445.309
-445.309
-445.309
-442.118
-442.118
-442.118
-446.01
-446.01
-442.139
-442.118
-442.118
-442.116
-446.66
-449.437
-444.894
-444.894
-442.137
-442.137
-442.137
-442.137
-442.116
-442.116
-442.116
-442.116
-442.116
-442.116
-442.116
-442.116
-442.116
-442.116
-442.116
-442.116
-442.116
-442.116
-444.873
-444.873
-444.873
-444.873
-444.873
-445.763
-445.763
-450.336
-450.336
-450.336
-450.336
-445.763
-445.763
-445.763
-445.763
-445.763
-445.763
-445.763
-445.763
-445.763
-445.763
-445.763
-445.763
-445.763
-443.007
-442.741
-442.741
-442.741
-442.741
-442.762
-442.762
-442.762
-442.762
-442.762
-442.762
-442.762
-442.762
-442.762
-442.762
-442.762
-446.633
-446.633
-446.633
-446.633
-446.633
-446.633
-446.633
-446.633
-446.9
-446.9
-446.9
-446.9
-446.9
-446.9
-446.9
-446.9
-446.9
-446.9
-446.879
-443.008
-443.008
-443.008
-443.008
-443.008
-443.008
-443.689
-443.689
-443.689
-443.709
-443.709
-443.709
-443.029
-443.029
-443.029
-443.029
-443.029
-443.008
-443.008
-443.008
-443.029
-443.029
-443.463
-443.463
-443.463
-443.463
-443.463
-442.762
-442.762
-442.762
-442.762
-442.762
-442.762
-442.762
-442.762
-443.028
-443.028
-443.028
-443.028
-443.028
-443.028
-443.028
-442.615
-442.615
-442.615
-442.615
-442.615
-442.615
-442.615
-442.615
-442.615
-442.615
-442.615
-443.028
-446.878
-446.878
-446.878
-446.878
-446.878
-446.878
-446.878
-443.028
-443.007
-443.007
-443.007
-443.007
-443.007
-443.007
-443.007
-443.007
-443.007
-443.007
-443.007
-443.007
-443.007
-443.007
-443.007
-443.007
-443.007
-443.007
-443.007
-443.007
-443.007
-443.007
-443.007
-443.007
-443.007
-443.007
-443.007
-443.028
-443.007
-443.007
-443.008
-443.008
-443.008
-442.741
-442.741
-442.741
-442.741
-442.741
-442.741
-442.741
-442.741
-442.741
-442.741
-443.442
-443.442
-443.442
-443.442
-443.442
-443.442
-443.463
-443.463
-443.463
-443.463
-443.028
-443.028
-443.028
-443.028
-443.028
-443.028
-443.028
-443.028
-443.028
-443.028
-443.028
-443.028
-443.028
-443.028
-443.028
-443.028
-443.028
-443.028
-442.762
-442.762
-443.463
-443.463
-443.463
-443.463
-443.463
-442.762
-442.762
-442.762
-442.762
-442.762
-442.762
-442.762
-442.762
-442.762
-442.762
-442.762
-442.762
-442.762
-442.762
-443.029
-443.029
-443.029
-443.029
-446.465
-446.465
-444.932
-444.441
-444.441
-444.441
-444.441
-444.441
-444.441
-444.441
-448.271
-448.271
-448.745
-448.507
-445.308
-445.308
-446.859
-446.859
-446.859
-446.859
-445.308
-445.308
-445.308
-447.879
-445.308
-445.961
-445.961
-445.961
-445.961
-445.961
-445.961
-445.961
-445.961
-445.99
-445.99
-445.99
-449.209
-449.209
-450.998
-453.494
-451.471
-449.228
-449.228
-449.228
-449.228
-449.228
-449.228
-449.228
-445.989
-445.989
-445.989
-445.989
-445.989
-445.989
-442.137
-442.137
-442.137
-442.137
-442.137
-442.137
-442.137
-442.137
-442.137
-442.137
-442.137
-442.137
-442.137
-442.137
-442.137
-442.137
-442.137
-442.137
-442.137
-442.137
-442.137
-442.137
-442.137
-442.137
-442.137
-442.137
-442.137
-442.137
-442.137
-442.137
-442.137
-442.137
-442.137
-442.137
-442.137
-442.116
-442.116
-442.116
-442.116
-442.116
-442.137
-442.116
-442.116
-442.116
-442.116
-442.116
-442.116
-442.116
-442.116
-442.116
-442.116
-442.116
-442.116
-442.116
-442.118
-442.118
-442.118
-442.118
-442.118
-442.118
-442.118
-442.116
-442.116
-442.116
-442.116
-442.116
-442.116
-442.116
-442.116
-442.116
-442.116
-442.116
-442.116
-442.116
-442.116
-442.116
-442.116
-444.873
-444.873
-444.873
-444.873
-444.873
-444.873
-444.873
-442.116
-445.225
-445.225
-445.225
-445.225
-445.225
-445.225
-445.225
-445.225
-445.225
-445.225
-445.225
-445.225
-442.137
-442.137
-442.137
-442.137
-442.137
-442.137
-442.137
-442.139
-442.139
-445.927
-445.927
-445.927
-445.927
-445.309
-445.309
-445.309
-445.309
-445.309
-445.309
-445.309
-445.309
-445.309
-442.116
-442.116
-442.116
-442.116
-442.116
-442.116
-442.116
-442.116
-444.873
-444.873
-444.873
-442.116
-442.116
-442.116
-446.661
-446.661
-442.118
-442.118
-442.118
-442.118
-442.118
-442.118
-442.118
-442.118
-442.118
-442.118
-442.118
-442.118
-442.118
-442.118
-442.118
-442.116
-442.116
-442.116
-442.116
-442.116
-442.116
-442.116
-442.116
-442.116
-442.116
-442.116
-442.137
-442.137
-442.137
-442.137
-442.137
-442.137
-442.137
-442.137
-442.137
-442.137
-442.137
-442.137
-442.137
-442.137
-442.137
-442.137
-442.137
-442.137
-442.137
-442.137
-442.137
-442.137
-442.137
-442.137
-442.137
-442.116
-442.116
-442.118
-442.118
-442.118
-442.116
-442.116
-442.116
-442.116
-442.116
-442.116
-442.116
-449.342
-449.342
-449.342
-449.342
-449.342
-445.948
-442.137
-442.137
-442.137
-442.137
-444.873
-444.873
-444.873
-442.116
-442.116
-442.116
-442.116
-445.927
-445.927
-445.927
-445.927
-445.927
-445.927
-444.09
-444.09
-444.09
-444.09
-444.09
-442.139
-442.139
-442.139
-442.139
-442.139
-442.116
-442.116
-442.116
-442.116
-442.139
-442.139
-442.139
-443.389
-443.389
-442.159
-442.139
-442.139
-442.139
-442.139
-442.139
-442.139
-442.139
-442.139
-442.139
-442.139
-442.139
-442.139
-442.139
-442.139
-442.139
-447.61
-442.139
-442.139
-442.139
-442.139
-442.139
-442.139
-442.139
-442.139
-442.139
-444.441
-444.441
-444.441
-444.418
-442.116
-442.137
-442.137
-442.137
-445.292
-445.292
-445.271
-442.116
-442.116
-442.116
-442.116
-442.137
-442.137
-442.137
-442.137
-442.137
-442.137
-442.137
-442.137
-442.137
-444.894
-453.702
-453.681
-453.665
-453.681
-453.681
-454.117
-445.763
-445.763
-445.763
-445.763
-445.763
-445.763
-443.007
-443.007
-443.028
-442.762
-442.741
-442.741
-442.741
-446.404
-442.594
-442.594
-442.594
-442.594
-445.763
-445.763
-449.655
-449.655
-449.655
-446.486
-442.594
-443.007
-443.007
-443.007
-443.007
-443.007
-443.007
-443.007
-442.741
-443.442
-443.442
-443.442
-447.313
-447.313
-447.313
-447.313
-447.334
-447.334
-447.334
-447.334
-447.334
-447.334
-447.334
-447.334
-447.58
-447.58
-443.709
-443.709
-443.709
-443.709
-442.762
-442.762
-442.762
-442.762
-442.762
-442.762
-442.762
-442.741
-442.741
-442.741
-442.741
-442.741
-442.741
-442.741
-442.741
-442.741
-442.741
-443.008
-443.008
-443.029
-443.008
-443.008
-443.008
-443.008
-443.008
-443.008
-443.008
-443.008
-443.007
-443.007
-443.007
-443.007
-443.007
-443.007
-443.442
-443.442
-443.008
-442.741
-442.741
-442.741
-442.762
-442.762
-442.762
-442.762
-442.762
-442.762
-442.762
-442.762
-442.762
-442.762
-442.762
-442.762
-442.762
-442.741
-442.741
-442.741
-442.741
-442.741
-442.741
-442.741
-442.741
-443.688
-443.688
-443.688
-442.741
-442.741
-442.741
-442.741
-442.741
-442.741
-442.762
-446.258
-446.258
-446.258
-446.258
-442.741
-442.741
-442.741
-442.741
-442.741
-446.612
-446.612
-446.612
-446.612
-446.612
-446.612
-446.612
-446.612
-446.612
-446.612
-451.155
-451.155
-451.155
-451.155
-451.155
-451.155
-446.878
-446.878
-446.878
-446.878
-443.007
-443.007
-443.007
-443.007
-443.007
-442.594
-442.594
-442.594
-442.594
-442.594
-442.594
-442.594
-443.007
-443.007
-443.007
-443.007
-443.007
-443.442
-443.442
-443.442
-443.442
-443.008
-443.008
-443.442
-443.442
-443.442
-443.442
-443.442
-443.442
-443.442
-443.442
-443.442
-443.442
-447.313
-447.313
-447.313
-443.442
-443.442
-443.442
-443.442
-443.442
-447.313
-447.313
-447.313
-446.858
-446.858
-446.858
-446.858
-446.858
-446.858
-447.313
-447.313
-447.313
-447.313
-447.313
-447.313
-447.313
-447.313
-447.313
-447.334
-447.334
-447.334
-447.313
-447.313
-443.442
-446.938
-446.938
-446.938
-446.938
-446.938
-446.938
-446.938
-446.938
-446.938
-446.938
-446.938
-443.463
-443.463
-443.463
-443.463
-443.463
-442.762
-442.762
-443.028
-442.615
-442.615
-442.615
-442.615
-442.615
-442.615
-443.709
-443.709
-443.709
-442.594
-442.594
-442.594
-447.594
-447.594
-449.103
-449.103
-449.103
-449.103
-449.103
-449.103
-453.696
-449.103
-444.103
-444.804
-444.804
-443.689
-443.689
-443.689
-443.689
-443.689
-443.689
-443.689
-443.689
-442.594
-444.124
-442.615
-442.615
-442.615
-443.028
-443.029
-443.029
-443.029
-443.709
-444.825
-444.825
-444.825
-444.825
-444.825
-444.825
-444.825
-444.825
-444.825
-444.825
-443.709
-443.709
-443.709
-443.709
-443.709
-443.709
-443.709
-443.709
-443.709
-443.709
-443.709
-443.709
-443.709
-443.709
-443.709
-443.709
-448.745
-443.709
-443.709
-444.804
-444.804
-444.804
-444.783
-444.783
-444.783
-446.405
-446.405
-446.403
-446.403
-446.403
-446.403
-446.403
-446.403
-443.028
-443.007
-443.007
-443.007
-443.007
-444.873
-448.765
-446.899
-446.899
-446.899
-443.028
-443.028
-443.028
-443.028
-443.028
-443.028
-443.028
-443.028
-443.028
-443.007
-443.007
-443.007
-443.007
-443.007
-443.007
-443.007
-443.007
-443.007
-443.007
-443.442
-443.442
-443.442
-443.442
-443.442
-443.442
-443.442
-443.442
-443.442
-443.442
-443.442
-443.442
-443.442
-443.442
-443.442
-443.442
-443.442
-443.442
-443.463
-443.463
-443.028
-443.028
-442.615
-442.615
-447.301
-447.301
-447.301
-442.594
-442.594
-442.594
-442.594
-442.594
-442.594
-442.594
-443.709
-443.709
-442.615
-442.615
-444.103
-444.103
-444.103
-444.103
-446.405
-446.405
-446.405
-446.405
-446.405
-446.405
-446.405
-443.029
-443.029
-443.029
-443.029
-443.029
-443.029
-443.029
-443.029
-443.029
-443.029
-443.029
-443.029
-443.029
-443.008
-443.008
-443.008
-443.008
-443.008
-443.008
-443.689
-442.594
-442.594
-442.594
-442.615
-442.615
-442.594
-442.594
-442.594
-442.594
-443.709
-443.709
-443.709
-443.709
-443.709
-442.615
-447.615
-442.615
-442.615
-442.615
-442.615
-442.615
-443.709
-443.709
-442.615
-442.615
-442.615
-442.615
-442.615
-442.615
-442.615
-442.615
-442.615
-442.615
-442.615
-442.615
-443.028
-442.615
-442.615
-442.615
-442.615
-442.615
-442.615
-442.615
-442.615
-442.615
-442.615
-442.615
-446.9
-447.106
-447.106
-447.106
-447.106
-447.106
-447.106
-447.106
-447.106
-447.106
-447.106
-447.106
-447.106
-446.633
-443.029
-443.008
-443.008
-443.008
-443.008
-443.008
-443.008
-443.442
-443.442
-443.442
-443.442
-443.442
-443.442
-443.442
-443.442
-443.442
-443.442
-443.442
-443.463
-442.762
-442.762
-442.762
-442.741
-442.741
-442.741
-442.741
-442.741
-442.741
-442.741
-442.741
-442.741
-442.741
-442.741
-442.741
-442.741
-442.741
-442.741
-442.741
-442.741
-442.741
-442.741
-442.741
-442.741
-442.741
-442.741
-442.741
-446.219
-446.219
-446.219
-446.219
-446.219
-446.219
-446.219
-446.219
-446.219
-446.219
-446.219
-446.219
-446.219
-442.762
-442.762
-442.741
-442.741
-442.741
-442.741
-442.741
-442.741
-442.741
-442.741
-442.741
-442.741
-442.741
-442.762
-442.762
-442.762
-442.762
-442.762
-442.762
-443.029
-443.709
-443.709
-446.879
-446.858
-445.763
-445.763
-443.007
-443.007
-446.364
-446.364
-446.364
-446.364
-446.099
-446.099
-446.099
-446.099
-446.099
-446.099
-446.099
-446.099
-446.099
-446.099
-446.099
-446.099
-446.099
-446.099
-442.741
-442.741
-442.741
-442.741
-442.741
-442.741
-442.741
-442.741
-442.741
-442.741
-443.442
-443.442
-443.442
-443.442
-443.442
-443.442
-443.463
-443.442
-443.442
-443.442
-443.463
-443.463
-443.463
-443.442
-443.442
-443.442
-443.442
-443.442
-443.442
-443.442
-443.442
-443.463
-443.463
-443.029
-443.029
-443.029
-443.029
-443.029
-443.029
-443.029
-443.029
-443.029
-443.029
-443.029
-443.029
-443.029
-443.029
-443.029
-443.029
-443.029
-443.029
-443.029
-443.029
-443.029
-443.029
-447.106
-446.9
-442.615
-442.615
-442.615
-442.615
-446.425
-446.425
-446.425
-442.615
-442.615
-442.615
-442.615
-442.615
-442.615
-442.615
-442.615
-442.615
-442.615
-442.615
-447.615
-450.784
-452.293
-452.972
-447.972
-447.972
-447.104
-447.104
-447.104
-443.688
-443.688
-443.709
-443.709
-443.709
-443.709
-443.709
-443.709
-443.709
-443.688
-443.007
-442.741
-442.741
-442.741
-442.741
-442.741
-442.741
-442.741
-442.741
-442.741
-442.741
-442.762
-442.762
-442.762
-442.762
-442.762
-442.762
-442.762
-442.762
-442.762
-442.762
-442.762
-442.762
-442.762
-442.762
-446.425
-442.762
-442.762
-442.762
-442.762
-442.762
-442.762
-442.762
-443.028
-443.028
-443.028
-443.028
-443.463
-443.463
-443.463
-442.762
-446.219
-446.219
-446.219
-446.219
-446.219
-446.219
-446.219
-446.219
-446.219
-446.219
-446.219
-444.273
-444.273
-444.273
-444.273
-444.273
-444.273
-444.273
-446.219
-444.273
-444.273
-444.273
-444.273
-444.273
-444.461
-444.461
-444.461
-444.461
-444.461
-444.461
-444.461
-444.461
-444.461
-444.461
-444.461
-444.461
-446.879
-446.879
-446.879
-446.879
-446.879
-446.879
-446.219
-446.219
-446.219
-446.219
-446.486
-446.486
-446.486
-443.029
-443.029
-443.029
-443.029
-443.029
-443.029
-442.762
-442.762
-442.741
-442.762
-442.741
-442.741
-442.741
-443.007
-443.007
-446.426
-446.426
-446.426
-446.426
-446.426
-447.104
-447.104
-447.104
-447.104
-446.426
-446.426
-446.426
-446.426
-446.426
-446.426
-446.426
-446.426
-446.426
-446.426
-449.591
-449.591
-449.591
-448.058
-448.058
-452.759
-452.759
-452.759
-452.759
-452.759
-448.058
-448.058
-448.058
-443.028
-443.028
-448.058
-448.058
-448.058
-448.058
-448.058
-448.058
-443.463
-443.463
-443.463
-443.709
-443.709
-443.709
-443.709
-443.709
-443.709
-443.709
-443.709
-443.029
-443.008
-443.008
-443.008
-443.008
-443.007
-443.442
-443.442
-443.442
-443.442
-443.442
-446.641
-446.641
-445.939
-445.939
-445.939
-445.939
-446.641
-446.641
-443.463
-443.463
-443.463
-443.463
-443.463
-443.463
-443.463
-443.463
-443.463
-443.463
-443.463
-443.463
-447.334
-447.334
-443.463
-443.028
-442.615
-442.615
-442.594
-442.594
-442.594
-442.594
-442.594
-442.594
-442.594
-442.594
-442.594
-442.594
-442.594
-442.594
-443.709
-443.709
-443.709
-443.709
-443.709
-443.709
-447.579
-447.579
-447.579
-446.486
-446.486
-443.709
-443.689
-444.825
-444.825
-444.825
-444.825
-444.825
-444.825
-444.825
-444.825
-444.825
-444.825
-447.995
-447.995
-447.995
-447.995
-447.995
-447.995
-447.995
-447.995
-447.995
-446.426
-444.825
-448.013
-448.013
-448.013
-446.879
-446.879
-446.879
-446.879
-446.879
-447.085
-452.469
-452.469
-453.469
-453.448
-452.86
-452.86
-452.901
-452.231
-452.231
-452.231
-452.231
-452.231
-452.231
-453.231
-452.231
-448.36
-448.36
-448.34
-448.34
-448.34
-448.34
-448.34
-448.34
-448.34
-452.211
-452.211
-452.211
-452.211
-452.211
-453.469
-452.469
-452.163
-452.469
-452.49
-452.49
-452.49
-452.49
-450.274
-450.274
-450.274
-443.028
-443.007
-443.007
-443.007
-443.007
-443.007
-443.007
-443.007
-443.028
-443.028
-443.028
-443.028
-443.028
-443.028
-443.028
-443.028
-443.028
-443.028
-442.615
-442.615
-442.615
-442.615
-442.615
-443.709
-443.709
-443.029
-443.709
-443.709
-443.029
-443.029
-443.029
-443.029
-443.029
-443.029
-448.859
-448.859
-448.859
-448.592
-448.592
-448.592
-448.592
-448.592
-448.592
-452.592
-452.592
-452.592
-452.592
-452.592
-448.592
-448.592
-442.762
-442.762
-442.762
-442.762
-443.029
-443.029
-443.029
-443.029
-443.029
-443.029
-443.029
-443.029
-446.426
-443.029
-443.029
-443.029
-443.029
-443.029
-443.029
-447.571
-447.571
-447.571
-447.571
-447.571
-447.571
-447.571
-447.571
-443.709
-443.709
-443.029
-443.029
-443.029
-443.029
-443.029
-443.029
-443.029
-443.008
-443.008
-443.029
-443.029
-447.334
-447.334
-447.334
-447.334
-447.334
-447.334
-447.334
-447.334
-447.334
-447.334
-447.334
-447.313
-447.313
-443.442
-443.442
-443.442
-443.442
-443.442
-443.442
-443.442
-443.442
-443.442
-443.442
-443.442
-443.442
-443.442
-443.008
-443.008
-443.008
-443.008
-443.008
-443.008
-443.008
-443.689
-443.689
-443.689
-443.008
-443.008
-443.008
-443.008
-443.008
-443.689
-443.008
-443.008
-443.008
-443.008
-443.008
-443.008
-443.008
-443.008
-443.029
-443.463
-443.463
-443.463
-443.463
-443.463
-442.762
-442.762
-442.762
-442.762
-442.762
-442.762
-442.762
-442.762
-443.028
-443.028
-445.784
-445.784
-445.784
-445.784
-447.313
-445.784
-445.784
-442.137
-442.137
-442.137
-442.179
-442.179
-442.179
-442.179
-442.179
-442.179
-442.179
-444.936
-444.936
-444.936
-444.936
-444.936
-444.936
-444.936
-444.936
-444.936
-444.936
-444.936
-444.936
-444.936
-444.936
-444.936
-444.936
-446.641
-446.641
-446.641
-446.641
-446.641
-446.641
-446.641
-446.641
-446.641
-446.641
-446.641
-446.641
-446.641
-442.158
-442.158
-442.158
-442.158
-442.158
-442.158
-442.158
-442.158
-442.158
-442.158
-442.159
-442.159
-442.159
-442.137
-442.137
-442.137
-442.137
-442.137
-442.116
-442.116
-442.116
-442.116
-442.116
-442.116
-445.763
-445.763
-445.763
-445.763
-445.763
-443.007
-443.007
-443.007
-443.008
-443.029
-443.029
-443.029
-443.029
-443.029
-443.028
-443.028
-443.028
-443.029
-443.029
-443.029
-443.029
-443.029
-443.029
-443.029
-446.486
-443.008
-443.008
-443.008
-443.029
-443.029
-442.762
-442.762
-442.762
-442.762
-442.762
-442.762
-442.762
-442.762
-442.762
-442.762
-446.633
-446.633
-446.633
-446.633
-442.762
-442.762
-442.762
-442.762
-442.762
-442.762
-442.762
-442.762
-442.762
-442.762
-442.762
-442.762
-442.762
-442.762
-442.762
-442.762
-442.762
-442.762
-442.762
-442.762
-442.762
-442.762
-442.762
-442.762
-446.633
-446.633
-446.633
-446.612
-446.612
-446.612
-446.612
-442.741
-442.741
-442.741
-442.741
-442.741
-442.741
-442.741
-442.741
-442.741
-442.741
-442.741
-442.762
-442.762
-442.741
-442.741
-443.008
-443.008
-443.008
-443.008
-443.008
-443.008
-443.008
-446.878
-446.878
-446.465
-446.465
-446.465
-446.404
-446.404
-446.465
-446.465
-446.465
-446.465
-446.465
-446.465
-446.465
-446.465
-446.465
-446.465
-446.465
-446.465
-446.465
-446.465
-446.465
-446.465
-446.465
-443.689
-443.008
-443.008
-443.008
-443.008
-443.008
-443.008
-443.008
-443.008
-443.008
-443.008
-443.029
-443.029
-443.029
-446.405
-446.405
-446.405
-446.405
-446.405
-446.405
-446.405
-446.405
-446.405
-446.405
-446.405
-446.405
-446.405
-446.405
-446.405
-446.405
-446.405
-451.627
-451.627
-450.108
-450.108
-450.108
-450.108
-446.405
-446.405
-446.405
-446.405
-446.405
-449.84
-449.84
-446.405
-446.405
-446.405
-443.008
-443.029
-443.029
-443.029
-443.029
-443.029
-443.029
-443.029
-443.029
-443.029
-443.029
-443.029
-443.029
-443.029
-443.029
-443.029
-443.029
-443.029
-443.029
-443.029
-443.029
-443.029
-443.029
-443.029
-443.029
-443.029
-443.709
-443.709
-443.709
-443.709
-443.709
-446.907
-446.907
-446.907
-446.907
-450.057
-450.057
-450.057
-454.6
-454.6
-454.6
-454.6
-454.6
-451.402
-451.402
-451.402
-451.402
-448.252
-448.252
-448.252
-448.252
-448.232
-442.741
-442.741
-442.741
-442.741
-442.741
-442.741
-442.741
-442.741
-442.741
-442.741
-442.741
-442.762
-442.762
-442.762
-443.709
-443.709
-443.709
-443.709
-443.709
-443.709
-444.936
-444.936
-444.936
-444.936
-444.936
-444.936
-444.936
-444.936
-444.461
-444.461
-444.915
-444.915
-444.915
-444.873
-444.873
-444.873
-444.873
-444.873
-444.418
-444.418
-444.418
-444.418
-442.116
-442.116
-442.116
-442.116
-444.873
-442.116
-442.116
-442.116
-444.873
-444.873
-444.873
-444.873
-444.873
-444.873
-444.873
-444.873
-444.873
-444.873
-444.873
-444.873
-447.175
-444.894
-444.894
-444.894
-443.028
-443.028
-443.028
-443.028
-443.028
-443.028
-442.762
-442.762
-442.762
-442.762
-442.762
-442.762
-442.762
-446.119
-449.99
-449.99
-449.99
-449.99
-449.99
-449.99
-449.99
-449.99
-449.99
-449.99
-449.99
-449.99
-446.633
-446.633
-446.633
-446.633
-446.633
-446.633
-446.633
-446.633
-446.633
-446.633
-446.633
-446.633
-446.633
-446.633
-446.633
-446.612
-446.612
-446.612
-446.612
-446.612
-446.633
-446.633
-442.762
-442.762
-442.762
-442.762
-442.741
-442.741
-442.741
-442.741
-442.741
-442.741
-442.741
-442.741
-442.741
-442.741
-442.762
-442.762
-442.762
-442.762
-442.762
-442.762
-443.709
-443.688
-446.465
-446.465
-446.465
-446.465
-446.465
-446.465
-442.594
-442.594
-442.594
-442.594
-442.594
-442.594
-442.594
-442.594
-442.594
-442.594
-442.594
-442.594
-442.594
-442.594
-442.594
-446.465
-446.465
-446.878
-446.878
-446.878
-446.878
-446.878
-446.878
-446.878
-443.442
-443.442
-443.442
-443.442
-443.442
-443.008
-443.008
-443.007
-443.007
-443.007
-443.007
-443.007
-443.007
-443.007
-442.594
-442.594
-442.594
-442.594
-442.594
-444.873
-444.873
-444.873
-444.873
-444.873
-444.873
-444.894
-442.615
-442.615
-442.615
-442.615
-442.615
-442.615
-442.615
-442.615
-442.615
-442.615
-442.615
-442.615
-442.615
-442.615
-442.615
-442.615
-442.615
-442.615
-443.028
-443.029
-443.029
-443.029
-442.762
-442.762
-442.762
-442.762
-442.762
-442.762
-442.762
-442.762
-442.762
-443.028
-442.615
-442.615
-442.594
-442.594
-442.594
-442.594
-442.594
-442.594
-442.594
-442.594
-442.594
-442.594
-442.594
-442.594
-442.594
-443.689
-443.689
-443.689
-443.689
-443.008
-443.008
-443.008
-443.008
-443.008
-443.008
-443.008
-443.008
-443.008
-443.007
-443.007
-443.007
-443.007
-443.007
-443.007
-443.007
-443.007
-443.007
-443.007
-443.007
-443.007
-443.007
-443.007
-443.007
-443.007
-443.007
-443.007
-443.007
-443.007
-443.007
-443.007
-443.007
-443.007
-443.007
-443.007
-443.007
-443.007
-443.007
-443.007
-443.007
-443.007
-443.007
-443.007
-443.007
-443.007
-443.007
-443.007
-443.007
-443.028
-443.028
-443.028
-443.028
-443.028
-443.028
-443.028
-443.028
-443.028
-443.028
-443.028
-443.028
-443.028
-443.007
-443.007
-443.007
-443.007
-443.007
-446.612
-446.612
-446.612
-446.612
-446.612
-446.612
-446.612
-446.612
-443.007
-443.007
-443.007
-443.007
-443.007
-443.007
-443.007
-443.007
-443.007
-443.007
-443.007
-442.594
-442.594
-443.007
-443.007
-443.007
-443.007
-446.879
-446.879
-446.879
-446.879
-446.9
-446.9
-446.9
-442.762
-442.762
-442.741
-443.442
-443.007
-442.594
-442.594
-443.007
-443.007
-443.007
-443.007
-443.007
-443.007
-442.594
-442.594
-449.232
-449.232
-449.232
-449.232
-449.232
-449.253
-449.253
-449.253
-449.253
-449.253
-449.253
-449.253
-449.253
-449.253
-449.253
