0 0 1 1 805
1 1 2 2 805
2 2 3 3 805
3 3 4 4 805
4 4 5 5 805
5 5 6 6 805
6 6 7 7 805
7 7 8 8 805
8 8 9 9 805
9 9 10 10 805
10 10 11 11 805
11 11 12 12 805
12 12 13 13 805
13 13 14 14 805
14 14 15 15 805
15 15 16 16 805
16 16 17 17 805
17 17 18 18 804
17 17 18 17 1
18 18 19 18 37
18 18 19 19 767
18 17 19 18 1
19 18 20 19 38
19 19 20 19 383
19 19 20 20 384
20 19 21 20 421
20 20 21 21 9
20 20 21 20 375
21 21 22 22 1
21 21 22 21 8
21 20 22 21 796
22 22 23 22 1
22 21 23 22 804
23 22 24 23 805
24 23 25 24 805
25 24 26 25 805
26 25 27 26 805
27 26 28 27 805
28 27 29 28 805
29 28 30 29 805
30 29 31 30 805
31 30 32 31 805
32 31 33 32 805
33 32 34 33 805
34 33 35 34 805
35 34 36 35 805
36 35 37 36 805
37 36 38 37 805
38 37 39 38 805
39 38 40 39 805
40 39 41 40 805
41 40 42 41 805
42 41 43 42 805
43 42 44 43 805
44 43 45 43 2
44 43 45 44 803
45 43 46 44 2
45 44 46 45 803
46 45 47 46 798
46 45 47 45 5
46 44 47 45 2
47 46 48 46 27
47 46 48 47 771
47 45 48 46 2
47 45 48 45 5
48 46 49 46 27
48 46 49 47 2
48 45 49 45 5
48 47 49 48 89
48 47 49 47 682
49 46 50 46 25
49 46 50 47 2
49 45 50 45 5
49 48 50 49 65
49 48 50 48 24
49 47 50 48 5
49 47 50 47 679
50 49 51 50 41
50 49 51 49 24
50 46 51 46 24
50 46 51 47 1
50 45 51 46 1
50 45 51 45 4
50 48 51 49 5
50 48 51 48 24
50 47 51 48 4
50 47 51 47 677
51 50 52 50 29
51 50 52 51 12
51 49 52 50 6
51 49 52 49 23
51 46 52 46 8
51 46 52 47 17
51 45 52 45 4
51 48 52 49 3
51 48 52 48 25
51 47 52 48 3
51 47 52 47 675
52 50 53 50 29
52 50 53 51 6
52 46 53 46 1
52 46 53 47 7
52 49 53 50 3
52 49 53 49 23
52 45 53 46 1
52 45 53 45 3
52 51 53 52 9
52 51 53 51 3
52 48 53 49 5
52 48 53 48 23
52 47 53 47 94
52 47 53 48 598
53 50 54 50 29
53 50 54 51 3
53 51 54 52 3
53 51 54 51 6
53 47 54 48 3
53 47 54 47 98
53 48 54 49 524
53 48 54 48 97
53 52 54 52 9
53 49 54 50 6
53 49 54 49 22
53 46 54 46 1
53 46 54 47 1
53 45 54 46 3
54 52 55 52 12
54 50 55 50 30
54 50 55 51 5
54 46 55 47 4
54 49 55 50 471
54 49 55 49 75
54 51 55 52 2
54 51 55 51 7
54 47 55 48 3
54 47 55 47 96
54 48 55 48 100
55 52 56 52 14
55 50 56 50 99
55 50 56 51 402
55 49 56 49 75
55 51 56 52 6
55 51 56 51 6
55 47 56 48 100
55 48 56 49 3
55 48 56 48 100
56 52 57 52 20
56 50 57 50 96
56 50 57 51 3
56 49 57 50 3
56 49 57 49 75
56 51 57 52 313
56 51 57 51 95
56 48 57 49 200
57 52 58 52 273
57 52 58 53 60
57 50 58 50 96
57 50 58 51 3
57 49 58 50 275
57 51 58 52 2
57 51 58 51 96
58 52 59 52 275
58 50 59 51 371
58 53 59 53 59
58 53 59 54 1
58 51 59 52 6
58 51 59 51 93
59 52 60 52 277
59 52 60 53 4
59 53 60 53 59
59 51 60 52 464
59 54 60 54 1
60 52 61 53 741
60 53 61 53 63
60 54 61 54 1
61 53 62 54 804
61 54 62 54 1
62 54 63 55 805
63 55 64 56 805
64 56 65 57 805
65 57 66 58 805
66 58 67 59 805
67 59 68 60 805
68 60 69 61 805
69 61 70 62 805
70 62 71 63 805
71 63 72 64 805
72 64 73 65 805
73 65 74 66 805
74 66 75 67 805
75 67 76 68 805
76 68 77 69 805
77 69 78 70 805
78 70 79 71 805
79 71 80 72 805
80 72 81 73 805
81 73 82 74 805
82 74 83 75 805
83 75 84 76 805
84 76 85 77 805
85 77 86 78 805
86 78 87 79 805
87 79 88 80 805
88 80 89 81 805
89 81 90 82 805
90 82 91 83 805
91 83 92 84 805
92 84 93 85 805
93 85 94 86 805
94 86 95 87 805
95 87 96 88 805
96 88 97 89 805
97 89 98 90 805
98 90 99 91 805
99 91 100 92 805
100 92 101 93 805
101 93 102 94 805
102 94 103 95 805
103 95 104 96 805
104 96 105 97 805
105 97 106 98 805
106 98 107 99 805
107 99 108 100 805
108 100 109 101 805
109 101 110 102 805
110 102 111 103 805
111 103 112 104 805
112 104 113 105 805
113 105 114 106 805
114 106 115 107 805
115 107 116 108 805
116 108 117 109 805
117 109 118 110 805
118 110 119 111 805
119 111 120 112 805
120 112 121 113 805
121 113 122 114 805
122 114 123 115 805
123 115 124 116 805
124 116 125 117 805
125 117 126 118 805
126 118 127 119 805
127 119 128 120 805
128 120 129 121 805
129 121 130 122 805
130 122 131 123 805
131 123 132 124 805
132 124 133 125 805
133 125 134 126 805
134 126 135 127 805
135 127 136 128 805
136 128 137 129 805
137 129 138 130 805
138 130 139 131 805
139 131 140 132 805
140 132 141 133 805
141 133 142 134 805
142 134 143 135 805
143 135 144 136 805
144 136 145 137 805
145 137 146 138 805
146 138 147 139 805
147 139 148 140 805
148 140 149 141 805
149 141 150 142 805
150 142 151 143 805
151 143 152 144 805
152 144 153 145 805
153 145 154 146 805
154 146 155 147 805
155 147 156 148 805
156 148 157 149 805
157 149 158 150 805
158 150 159 151 805
159 151 160 152 805
160 152 161 153 805
161 153 162 154 805
162 154 163 155 805
163 155 164 156 805
164 156 165 157 805
165 157 166 158 805
166 158 167 159 805
