0 0 1 1 805
1 1 2 2 805
2 2 3 3 805
3 3 4 4 805
4 4 5 5 805
5 5 6 6 805
6 6 7 7 805
7 7 8 8 805
8 8 9 9 805
9 9 10 10 805
10 10 11 11 805
11 11 12 12 805
12 12 13 13 805
13 13 14 14 805
14 14 15 15 805
15 15 16 16 805
16 16 17 17 805
17 17 18 18 805
18 18 19 19 805
19 19 20 20 805
20 20 21 21 805
21 21 22 22 805
22 22 23 23 805
23 23 24 24 805
24 24 25 25 805
25 25 26 26 805
26 26 27 27 805
27 27 28 28 805
28 28 29 29 805
29 29 30 30 805
30 30 31 31 805
31 31 32 32 805
32 32 33 33 805
33 33 34 34 805
34 34 35 35 805
35 35 36 36 805
36 36 37 37 805
37 37 38 38 796
37 37 38 37 9
38 38 39 38 2
38 38 39 39 794
38 37 39 38 9
39 38 40 39 11
39 39 40 39 32
39 39 40 40 762
40 39 41 40 43
40 40 41 40 340
40 40 41 41 422
41 40 42 41 383
41 41 42 42 41
41 41 42 41 381
42 42 43 42 9
42 42 43 43 32
42 41 43 42 764
43 42 44 43 773
43 43 44 44 32
44 43 45 44 773
44 44 45 45 32
45 45 46 46 32
45 44 46 45 773
46 46 47 47 32
46 45 47 46 772
46 45 47 45 1
47 46 48 46 22
47 46 48 47 750
47 45 48 45 1
47 47 48 47 2
47 47 48 48 30
48 46 49 46 22
48 45 49 45 1
48 48 49 49 28
48 48 49 48 2
48 47 49 48 97
48 47 49 47 655
49 49 50 50 14
49 49 50 49 14
49 46 50 46 22
49 45 50 45 1
49 48 50 49 78
49 48 50 48 21
49 47 50 48 2
49 47 50 47 653
50 50 51 50 1
50 50 51 51 13
50 49 51 50 53
50 49 51 49 39
50 46 51 46 22
50 45 51 46 1
50 48 51 49 2
50 48 51 48 21
50 47 51 47 653
51 50 52 50 32
51 50 52 51 22
51 49 52 50 2
51 49 52 49 39
51 46 52 46 6
51 46 52 47 17
51 51 52 52 13
51 48 52 48 21
51 47 52 47 653
52 52 53 53 13
52 50 53 50 32
52 50 53 51 2
52 46 53 47 6
52 49 53 49 39
52 51 53 52 22
52 48 53 48 21
52 47 53 47 3
52 47 53 48 667
53 52 54 53 22
53 50 54 50 29
53 50 54 51 3
53 53 54 53 6
53 53 54 54 7
53 49 54 49 39
53 51 54 52 2
53 47 54 48 9
53 48 54 49 688
54 52 55 53 2
54 50 55 50 29
54 53 55 53 19
54 53 55 54 9
54 49 55 50 727
54 49 55 49 1
54 51 55 52 3
54 54 55 54 2
54 54 55 55 5
54 48 54 49 1
54 48 55 49 8
55 52 56 53 3
55 50 56 50 3
55 50 56 51 753
55 53 56 53 19
55 53 56 54 2
55 49 56 50 9
55 55 56 55 5
55 54 56 54 2
55 54 56 55 9
56 50 57 51 12
56 53 57 53 21
56 53 57 54 1
56 51 57 52 753
56 54 57 54 1
56 54 57 55 3
56 55 57 55 14
57 52 58 53 753
57 53 58 53 21
57 51 58 52 12
57 54 58 55 1
57 54 58 54 1
57 55 58 56 2
57 55 58 55 15
58 52 59 53 11
58 52 58 53 1
58 53 59 54 775
58 56 59 56 2
58 54 59 54 1
58 55 59 55 16
59 53 59 54 7
59 53 60 54 4
59 56 60 56 2
59 55 60 55 16
59 54 60 55 783
60 56 61 56 2
60 54 60 55 3
60 54 61 55 1
60 55 61 56 802
61 56 62 57 805
61 55 61 56 1
62 57 63 58 805
63 58 64 59 805
64 59 65 60 805
65 60 66 61 805
66 61 67 62 805
67 62 68 63 805
68 63 69 64 805
69 64 70 65 805
70 65 71 66 805
71 66 72 67 805
72 67 73 68 805
73 68 74 69 805
74 69 75 70 805
75 70 76 71 805
76 71 77 72 805
77 72 78 73 805
78 73 79 74 805
79 74 80 75 805
80 75 81 76 805
81 76 82 77 805
82 77 83 78 805
83 78 84 79 805
84 79 85 80 805
85 80 86 81 805
86 81 87 82 805
87 82 88 83 805
88 83 89 84 805
89 84 90 85 805
90 85 91 86 805
91 86 92 87 805
92 87 93 88 805
93 88 94 89 805
94 89 95 90 805
95 90 96 91 805
96 91 97 92 805
97 92 98 93 805
98 93 99 94 805
99 94 100 95 805
100 95 101 96 805
101 96 102 97 805
102 97 103 98 805
103 98 104 99 805
104 99 105 100 805
105 100 106 101 805
106 101 107 102 805
107 102 108 103 805
108 103 109 104 805
109 104 110 105 805
110 105 111 106 805
111 106 112 107 805
112 107 113 108 805
113 108 114 109 805
114 109 115 110 805
115 110 116 111 805
116 111 117 112 805
117 112 118 113 805
118 113 119 114 805
119 114 120 115 805
120 115 121 116 805
121 116 122 117 805
122 117 123 118 805
123 118 124 119 805
124 119 125 120 805
125 120 126 121 805
126 121 127 122 805
127 122 128 123 805
128 123 129 124 805
129 124 130 125 805
130 125 131 126 805
131 126 132 127 805
132 127 133 128 805
133 128 134 129 805
134 129 135 130 805
135 130 136 131 805
136 131 137 132 805
137 132 138 133 805
138 133 139 134 805
139 134 140 135 805
140 135 141 136 805
141 136 142 137 805
142 137 143 138 805
143 138 144 139 805
144 139 145 140 805
145 140 146 141 805
146 141 147 142 805
147 142 148 143 805
148 143 149 144 805
149 144 150 145 805
150 145 151 146 805
151 146 152 147 805
152 147 153 148 805
153 148 154 149 805
154 149 155 150 805
155 150 156 151 805
156 151 157 152 805
157 152 158 153 805
158 153 159 154 805
159 154 160 155 805
160 155 161 156 805
161 156 162 157 805
162 157 163 158 805
163 158 164 159 805
164 159 165 160 805
165 160 166 161 805
166 161 167 162 805
