0 0 1 1 805
1 1 2 2 805
2 2 3 3 805
3 3 4 4 805
4 4 5 5 805
5 5 6 6 805
6 6 7 7 805
7 7 8 8 805
8 8 9 9 805
9 9 10 10 805
10 10 11 11 805
11 11 12 12 805
12 12 13 13 805
13 13 14 14 805
14 14 15 15 805
15 15 16 16 805
16 16 17 17 805
17 17 18 18 805
18 18 19 19 805
19 19 20 20 805
20 20 21 21 805
21 21 22 22 805
22 22 23 23 805
23 23 24 24 805
24 24 25 25 805
25 25 26 26 805
26 26 27 27 805
27 27 28 28 805
28 28 29 29 805
29 29 30 30 805
30 30 31 31 805
31 31 32 32 805
32 32 33 33 805
33 33 34 34 805
34 34 35 35 805
35 35 36 36 805
36 36 37 37 805
37 37 38 38 804
37 37 38 37 1
38 38 39 38 10
38 38 39 39 794
38 37 39 37 1
39 38 40 38 10
39 39 40 39 517
39 39 40 40 277
39 37 40 37 1
40 38 41 38 10
40 39 41 39 517
40 40 41 40 13
40 40 41 41 264
40 37 41 37 1
41 38 42 39 10
41 39 42 39 517
41 40 42 40 13
41 37 42 37 1
41 41 42 42 252
41 41 42 41 12
42 42 43 42 12
42 42 43 43 240
42 39 43 39 48
42 39 43 40 479
42 40 43 40 13
42 37 43 37 1
42 41 43 41 12
43 42 44 42 12
43 39 44 39 48
43 40 44 41 492
43 37 44 38 1
43 43 44 43 16
43 43 44 44 224
43 41 44 41 12
44 38 45 39 1
44 42 45 42 12
44 39 45 39 48
44 43 45 43 16
44 44 45 45 210
44 44 45 44 14
44 41 45 42 504
45 42 46 42 2
45 42 46 43 514
45 39 46 40 49
45 45 46 46 82
45 45 46 45 128
45 43 46 43 16
45 44 46 45 2
45 44 46 44 12
46 42 47 42 2
46 40 47 41 49
46 46 47 46 3
46 46 47 47 79
46 45 47 46 4
46 45 47 45 126
46 43 47 43 7
46 43 47 44 523
46 44 47 44 12
47 42 48 42 2
47 46 48 46 3
47 46 48 47 4
47 45 48 45 126
47 43 48 43 7
47 41 48 42 49
47 44 48 45 513
47 44 48 44 22
47 47 48 47 10
47 47 48 48 69
48 42 49 42 38
48 42 49 43 13
48 46 49 46 3
48 45 49 46 41
48 45 49 45 598
48 43 49 43 7
48 44 49 44 22
48 47 49 48 1
48 47 49 47 13
48 48 49 49 5
48 48 49 48 64
49 42 50 42 38
49 49 50 50 2
49 49 50 49 3
49 46 50 46 14
49 46 50 47 30
49 45 50 46 1
49 45 50 45 597
49 43 50 43 9
49 43 50 44 11
49 44 50 45 1
49 44 50 44 21
49 47 50 47 13
49 48 50 48 65
50 50 51 50 2
50 47 51 47 27
50 47 51 48 16
50 48 51 48 65
50 42 51 42 38
50 49 51 49 3
50 46 51 46 15
50 45 51 46 4
50 45 51 45 594
50 43 51 43 8
50 43 51 44 1
50 44 51 45 9
50 44 51 44 23
51 50 52 50 2
51 47 52 47 27
51 48 52 49 3
51 48 52 48 78
51 42 52 42 38
51 49 52 49 3
51 46 52 46 14
51 46 52 47 5
51 45 52 46 11
51 45 52 45 592
51 43 52 43 8
51 44 52 45 16
51 44 52 44 8
52 50 53 50 2
52 47 53 48 14
52 47 53 47 18
52 48 53 49 24
52 48 53 48 54
52 42 53 43 38
52 49 53 50 1
52 49 53 49 5
52 46 53 46 11
52 46 53 47 14
52 45 53 46 420
52 45 53 45 188
52 43 53 43 8
52 44 53 45 3
52 44 53 44 5
53 50 54 50 3
53 47 54 47 17
53 47 54 48 15
53 48 54 49 17
53 48 54 48 51
53 46 54 46 87
53 46 54 47 344
53 49 54 50 9
53 49 54 49 20
53 45 54 46 2
53 45 54 45 189
53 43 54 44 46
53 44 54 44 5
54 50 55 50 7
54 50 55 51 5
54 49 55 50 17
54 49 55 49 20
54 46 55 46 89
54 45 55 45 189
54 44 55 45 51
54 48 55 49 8
54 48 55 48 58
54 47 55 47 76
54 47 55 48 285
55 50 56 50 21
55 50 56 51 3
55 49 56 50 8
55 49 56 49 20
55 46 56 46 89
55 45 56 46 240
55 51 56 52 1
55 51 56 51 4
55 47 56 47 76
55 48 56 49 230
55 48 56 48 113
56 52 57 53 1
56 50 57 50 29
56 49 57 50 156
56 49 57 49 94
56 46 57 47 329
56 51 57 51 7
56 48 57 49 3
56 48 57 48 110
56 47 57 47 76
57 50 58 50 134
57 50 58 51 51
57 53 58 53 1
57 49 58 50 2
57 49 58 49 95
57 51 58 51 7
57 48 58 48 110
57 47 58 48 405
58 50 59 50 136
58 53 59 53 1
58 49 59 49 95
58 51 59 52 1
58 51 59 51 57
58 48 59 49 515
59 52 60 52 1
59 50 60 50 136
59 53 60 53 1
59 49 60 50 610
59 51 60 51 57
60 52 61 52 1
60 50 61 51 746
60 53 61 53 1
60 51 61 51 57
61 52 62 52 1
61 53 62 53 1
61 51 62 52 803
62 52 63 53 804
62 53 63 53 1
63 53 64 54 805
64 54 65 55 805
65 55 66 56 805
66 56 67 57 805
67 57 68 58 805
68 58 69 59 805
69 59 70 60 805
70 60 71 61 805
71 61 72 62 805
72 62 73 63 805
73 63 74 64 805
74 64 75 65 805
75 65 76 66 805
76 66 77 67 805
77 67 78 68 805
78 68 79 69 805
79 69 80 70 805
80 70 81 71 805
81 71 82 72 805
82 72 83 73 805
83 73 84 74 805
84 74 85 75 805
85 75 86 76 805
86 76 87 77 805
87 77 88 78 805
88 78 89 79 805
89 79 90 80 805
90 80 91 81 805
91 81 92 82 805
92 82 93 83 805
93 83 94 84 805
94 84 95 85 805
95 85 96 86 805
96 86 97 87 805
97 87 98 88 805
98 88 99 89 805
99 89 100 90 805
100 90 101 91 805
101 91 102 92 805
102 92 103 93 805
103 93 104 94 805
104 94 105 95 805
105 95 106 96 805
106 96 107 97 805
107 97 108 98 805
108 98 109 99 805
109 99 110 100 805
110 100 111 101 805
111 101 112 102 805
112 102 113 103 805
113 103 114 104 805
114 104 115 105 805
115 105 116 106 805
116 106 117 107 805
117 107 118 108 805
118 108 119 109 805
119 109 120 110 805
120 110 121 111 805
121 111 122 112 805
122 112 123 113 805
123 113 124 114 805
124 114 125 115 805
125 115 126 116 805
126 116 127 117 805
127 117 128 118 805
128 118 129 119 805
129 119 130 120 805
130 120 131 121 805
131 121 132 122 805
132 122 133 123 805
133 123 134 124 805
134 124 135 125 805
135 125 136 126 805
136 126 137 127 805
137 127 138 128 805
138 128 139 129 805
139 129 140 130 805
140 130 141 131 805
141 131 142 132 805
142 132 143 133 805
143 133 144 134 805
144 134 145 135 805
145 135 146 136 805
146 136 147 137 805
147 137 148 138 805
148 138 149 139 805
149 139 150 140 805
150 140 151 141 805
151 141 152 142 805
152 142 153 143 805
153 143 154 144 805
154 144 155 145 805
155 145 156 146 805
156 146 157 147 805
157 147 158 148 805
158 148 159 149 805
159 149 160 150 805
160 150 161 151 805
161 151 162 152 805
162 152 163 153 805
163 153 164 154 805
164 154 165 155 805
165 155 166 156 805
166 159 166 160 20
166 161 166 162 20
166 165 166 166 20
166 156 166 157 20
166 156 167 157 785
166 160 166 161 20
166 167 167 168 20
166 158 166 159 20
166 163 166 164 20
166 166 166 167 20
166 162 166 163 20
166 164 166 165 20
166 157 166 158 20
167 159 167 160 785
167 161 167 162 785
167 165 167 166 785
167 160 167 161 785
167 167 167 168 785
167 158 167 159 785
167 163 167 164 785
167 166 167 167 785
167 162 167 163 785
167 164 167 165 785
167 157 167 158 785
