0 0 1 1 805
1 1 2 2 805
2 2 3 3 805
3 3 4 4 805
4 4 5 5 805
5 5 6 6 805
6 6 7 7 805
7 7 8 8 805
8 8 9 9 805
9 9 10 10 805
10 10 11 11 805
11 11 12 12 805
12 12 13 13 805
13 13 14 14 805
14 14 15 15 805
15 15 16 16 805
16 16 17 17 805
17 18 18 19 1
17 17 18 18 804
17 17 17 18 1
18 18 18 19 37
18 18 19 19 767
18 19 19 20 38
19 19 19 20 383
19 19 20 20 384
19 20 20 21 421
20 21 21 22 796
20 20 21 21 9
20 20 20 21 375
21 22 22 23 804
21 21 22 22 1
21 21 21 22 8
22 22 22 23 1
22 23 23 24 805
23 24 24 25 805
24 25 25 26 805
25 26 26 27 805
26 27 27 28 805
27 28 28 29 805
28 29 29 30 805
29 30 30 31 805
30 31 31 32 805
31 32 32 33 805
32 33 33 34 805
33 34 34 35 805
34 35 35 36 805
35 36 36 37 805
36 37 37 38 796
36 37 37 37 9
37 38 38 38 2
37 38 38 39 794
37 37 38 38 9
38 38 39 39 11
38 39 39 39 32
38 39 39 40 762
39 39 40 40 43
39 40 40 40 340
39 40 40 41 422
40 40 41 41 383
40 41 41 42 41
40 41 41 41 381
41 42 42 42 9
41 42 42 43 32
41 41 42 42 764
42 42 43 43 773
42 43 43 44 32
43 45 44 46 2
43 43 44 44 773
43 44 43 45 2
43 44 44 45 30
44 46 45 47 2
44 45 45 46 30
44 44 45 45 773
45 50 45 51 1
45 51 45 52 1
45 48 46 49 1
45 48 45 49 1
45 47 46 48 4
45 47 45 48 2
45 52 46 53 1
45 46 46 47 30
45 46 45 47 4
45 49 45 50 1
45 45 46 46 769
45 45 45 46 4
46 53 47 54 1
46 49 47 50 4
46 46 46 47 3
46 46 47 47 766
46 48 46 49 3
46 48 47 49 5
46 47 46 48 4
46 47 47 48 29
47 52 47 53 1
47 50 47 51 1
47 50 48 51 96
47 53 47 54 1
47 49 48 50 17
47 49 47 50 93
47 51 47 52 1
47 55 48 55 1
47 54 48 55 1
47 54 47 55 1
47 48 48 49 13
47 48 47 49 105
47 47 47 48 89
47 47 48 48 677
48 52 48 53 1
48 50 49 51 19
48 50 48 51 101
48 53 49 53 1
48 49 49 50 5
48 49 48 50 103
48 51 49 52 196
48 51 48 52 1
48 55 49 55 2
48 48 49 49 582
48 48 48 49 95
49 52 50 53 272
49 50 50 51 3
49 50 49 51 77
49 53 50 53 1
49 49 50 50 507
49 49 49 50 75
49 51 50 52 20
49 51 49 52 76
49 55 50 55 2
50 52 50 53 95
50 52 51 53 20
50 50 50 51 94
50 50 51 51 413
50 53 51 54 368
50 51 50 52 95
50 51 51 52 2
50 55 51 55 2
51 52 52 53 1
51 52 51 53 94
51 53 52 54 13
51 53 51 54 101
51 51 52 52 320
51 51 51 52 93
51 55 52 55 2
51 54 52 55 469
52 52 52 53 262
52 52 53 53 58
52 53 52 54 263
52 54 52 55 271
52 54 53 55 5
52 55 53 56 742
53 53 53 54 57
53 53 54 54 1
53 56 54 57 804
53 55 53 56 62
53 54 53 55 57
54 56 54 57 1
54 57 55 58 805
54 55 54 56 1
54 54 54 55 1
55 58 56 59 805
56 59 57 60 805
57 60 58 61 805
58 61 59 62 805
59 62 60 63 805
60 63 61 64 805
61 64 62 65 805
62 65 63 66 805
63 66 64 67 805
64 67 65 68 805
65 68 66 69 805
66 69 67 70 805
67 70 68 71 805
68 71 69 72 805
69 72 70 73 805
70 73 71 74 805
71 74 72 75 805
72 75 73 76 805
73 76 74 77 805
74 77 75 78 805
75 78 76 79 805
76 79 77 80 805
77 80 78 81 805
78 81 79 82 805
79 82 80 83 805
80 83 81 84 805
81 84 82 85 805
82 85 83 86 805
83 86 84 87 805
84 87 85 88 805
85 88 86 89 805
86 89 87 90 805
87 90 88 91 805
88 91 89 92 805
89 92 90 93 805
90 93 91 94 805
91 94 92 95 805
92 95 93 96 805
93 96 94 97 805
94 97 95 98 805
95 98 96 99 805
96 99 97 100 805
97 100 98 101 805
98 101 99 102 805
99 102 100 103 805
100 103 101 104 805
101 104 102 105 805
102 105 103 106 805
103 106 104 107 805
104 107 105 108 805
105 108 106 109 805
106 109 107 110 805
107 110 108 111 805
108 111 109 112 805
109 112 110 113 805
110 113 111 114 805
111 114 112 115 805
112 115 113 116 805
113 116 114 117 805
114 117 115 118 805
115 118 116 119 805
116 119 117 120 805
117 120 118 121 805
118 121 119 122 805
119 122 120 123 805
120 123 121 124 805
121 124 122 125 805
122 125 123 126 805
123 126 124 127 805
124 127 125 128 805
125 128 126 129 805
126 129 127 130 805
127 130 128 131 805
128 131 129 132 805
129 132 130 133 805
130 133 131 134 805
131 134 132 135 805
132 135 133 136 805
133 136 134 137 805
134 137 135 138 805
135 138 136 139 805
136 139 137 140 805
137 140 138 141 805
138 141 139 142 805
139 142 140 143 805
140 143 141 144 805
141 144 142 145 805
142 145 143 146 805
143 146 144 147 805
144 147 145 148 805
145 148 146 149 805
146 149 147 150 805
147 150 148 151 805
148 151 149 152 805
149 152 150 153 805
150 153 151 154 805
151 154 152 155 805
152 155 153 156 805
153 156 154 157 805
154 157 155 158 805
155 158 156 159 805
156 159 157 160 805
157 160 158 161 805
158 161 159 162 805
