0 0 1 1 805
1 1 2 2 805
2 2 3 3 805
3 3 4 4 805
4 4 5 5 805
5 5 6 6 805
6 6 7 7 805
7 7 8 8 805
8 8 9 9 805
9 9 10 10 805
10 10 11 11 805
11 11 12 12 805
12 12 13 13 805
13 13 14 14 805
14 14 15 15 805
15 15 16 16 805
16 16 17 17 805
17 17 18 18 805
18 18 19 19 805
19 19 20 20 805
20 20 21 21 805
21 21 22 22 805
22 22 23 23 805
23 23 24 24 805
24 24 25 25 805
25 25 26 26 805
26 26 27 27 805
27 27 28 28 805
28 28 29 29 805
29 29 30 30 805
30 30 31 31 805
31 31 32 32 805
32 32 33 33 805
33 33 34 34 805
34 34 35 35 805
35 35 36 36 805
36 36 37 37 805
37 37 38 38 805
38 38 39 39 805
39 39 40 40 805
40 40 41 41 805
41 41 42 42 805
42 42 43 43 805
43 43 44 44 805
44 44 45 45 805
45 45 46 46 805
46 46 47 47 805
47 47 48 48 805
48 48 49 49 805
49 49 50 50 805
50 50 51 51 805
51 51 52 52 805
52 52 53 53 805
53 53 54 54 805
54 54 55 55 805
55 55 56 56 805
56 56 57 57 805
57 57 58 58 805
58 58 59 59 805
59 59 60 60 805
60 60 61 61 805
61 61 62 62 805
62 62 63 63 805
63 63 64 64 805
64 64 65 65 805
65 65 66 66 805
66 66 67 67 805
67 67 68 68 805
68 68 69 69 805
69 69 70 70 805
70 70 71 71 805
71 71 72 72 805
72 72 73 73 805
73 73 74 74 805
74 74 75 75 805
75 75 76 76 805
76 76 77 77 805
77 77 78 78 805
78 78 79 79 805
79 79 80 80 805
80 80 81 81 805
81 81 82 82 805
82 82 83 83 805
83 83 84 84 805
84 84 85 85 805
85 85 86 86 805
86 86 87 87 805
87 87 88 88 805
88 88 89 89 805
89 89 90 90 805
90 90 91 91 805
91 91 92 92 805
92 92 93 93 805
93 93 94 94 805
94 94 95 95 805
95 95 96 96 805
96 96 97 97 805
97 97 98 98 805
98 98 99 99 805
99 99 100 100 805
100 100 101 101 805
101 101 102 102 805
102 102 103 103 805
103 103 104 104 805
104 104 105 105 805
105 105 106 106 805
106 106 107 107 805
107 107 108 108 805
108 108 109 109 805
109 109 110 110 805
110 110 111 111 805
111 111 112 112 805
112 112 113 113 805
113 113 114 114 805
114 114 115 115 805
115 115 116 116 805
116 116 117 117 805
117 117 118 118 805
118 118 119 119 805
119 119 120 120 805
120 120 121 121 805
121 121 122 122 805
122 122 123 123 805
123 123 124 124 805
124 124 125 125 805
125 125 126 126 805
126 126 127 127 805
127 127 128 128 805
128 128 129 129 805
129 129 130 130 805
130 130 131 131 805
131 131 132 132 805
132 132 133 133 805
133 133 134 134 805
134 134 135 135 805
135 135 136 136 805
136 136 137 137 805
137 137 138 138 805
138 138 139 139 805
139 139 140 140 805
140 140 141 141 805
141 141 142 142 805
142 142 143 143 805
143 143 144 144 805
144 144 145 145 805
145 145 146 146 805
146 146 147 147 805
147 147 148 148 805
148 148 149 149 805
149 149 150 150 805
150 150 151 151 805
151 151 152 152 805
152 152 153 153 805
153 153 154 154 805
154 154 155 155 805
155 155 156 156 805
156 156 157 157 805
157 157 158 158 805
158 158 159 159 805
