0 0 1 1 805
1 1 2 2 805
2 2 3 3 805
3 3 4 4 805
4 4 5 5 805
5 5 6 6 805
6 6 7 7 805
7 7 8 8 805
8 8 9 9 805
9 9 10 10 805
10 10 11 11 805
11 11 12 12 805
12 12 13 13 805
13 13 14 14 805
14 14 15 15 805
15 15 16 16 805
16 16 17 17 805
17 17 18 18 805
18 18 19 19 805
19 19 20 20 805
20 20 21 21 805
21 21 22 22 805
22 22 23 23 805
23 23 24 24 805
24 24 25 25 805
25 25 26 26 805
26 26 27 27 805
27 27 28 28 805
28 28 29 29 805
29 29 30 30 805
30 30 31 31 805
31 31 32 32 805
32 32 33 33 805
33 33 34 34 805
34 34 35 35 805
35 35 36 36 805
36 36 37 37 805
37 38 38 39 9
37 37 38 38 795
37 37 38 37 1
37 37 37 38 9
38 38 38 39 2
38 38 39 38 10
38 38 39 39 783
38 39 39 39 8
38 39 39 40 3
38 37 39 37 1
39 38 40 38 10
39 39 39 40 12
39 39 40 39 517
39 39 40 40 262
39 40 40 40 1
39 40 40 41 14
39 37 40 37 1
40 38 41 38 5
40 38 41 39 5
40 39 41 39 517
40 40 40 41 109
40 40 41 40 13
40 40 41 41 141
40 37 41 37 1
40 41 41 42 118
40 41 41 41 5
41 38 41 39 5
41 42 42 42 12
41 42 42 43 214
41 39 42 39 61
41 39 42 40 466
41 40 42 40 13
41 37 42 37 1
41 41 42 42 26
41 41 42 41 12
41 41 41 42 108
42 42 42 43 6
42 42 43 42 12
42 42 43 43 20
42 39 42 40 3
42 39 43 39 48
42 39 43 40 10
42 40 43 40 2
42 40 43 41 480
42 37 43 38 1
42 43 43 43 16
42 43 43 44 204
42 41 43 41 12
43 38 44 39 1
43 42 44 42 12
43 39 44 39 48
43 40 44 41 12
43 43 44 43 16
43 43 44 44 20
43 44 44 45 193
43 44 44 44 11
43 41 44 42 492
44 42 45 42 2
44 42 45 43 502
44 39 45 40 49
44 45 45 46 69
44 45 45 45 124
44 43 45 43 16
44 41 45 42 12
44 44 45 45 17
44 44 45 44 14
45 42 46 42 2
45 42 46 43 12
45 40 46 41 49
45 46 46 46 3
45 46 46 47 66
45 45 46 46 15
45 45 46 45 126
45 43 46 43 6
45 43 46 44 512
45 44 46 45 2
45 44 46 44 12
46 42 47 42 2
46 46 47 46 3
46 46 47 47 15
46 45 47 46 2
46 45 47 45 126
46 43 47 43 6
46 43 47 44 12
46 41 47 42 49
46 44 47 45 520
46 44 47 44 4
46 47 47 47 2
46 47 47 48 64
47 42 48 43 51
47 46 48 46 2
47 46 48 47 3
47 45 48 46 457
47 45 48 45 189
47 43 48 43 6
47 44 48 45 12
47 44 48 44 4
47 47 48 47 5
47 47 48 48 12
47 48 48 49 34
47 48 48 48 30
48 49 49 50 17
48 49 49 49 17
48 46 49 46 90
48 46 49 47 369
48 45 49 46 6
48 45 49 45 195
48 43 49 43 1
48 43 49 44 56
48 44 49 44 4
48 47 49 48 2
48 47 49 47 6
48 48 49 49 5
48 48 49 48 37
49 50 50 50 9
49 50 50 51 8
49 48 50 48 39
49 47 50 47 78
49 47 50 48 297
49 46 50 46 93
49 46 50 47 3
49 49 50 50 6
49 49 50 49 16
49 45 50 45 195
49 43 50 43 1
49 44 50 45 60
50 50 51 50 15
50 49 51 49 16
50 46 51 46 92
50 46 51 47 1
50 45 51 46 255
50 43 51 43 1
50 51 51 52 1
50 51 51 51 7
50 47 51 48 2
50 47 51 47 79
50 48 51 49 233
50 48 51 48 103
51 50 52 50 15
51 51 52 51 7
51 48 52 49 1
51 48 52 48 104
51 47 52 48 1
51 47 52 47 79
51 52 52 53 1
51 46 52 46 1
51 46 52 47 346
51 49 52 50 156
51 49 52 49 93
51 43 52 43 1
52 50 53 50 122
52 50 53 51 49
52 53 53 53 1
52 51 53 51 7
52 48 53 49 3
52 48 53 48 102
52 47 53 48 425
52 49 53 49 94
52 46 53 46 1
52 43 53 44 1
53 50 54 50 122
53 53 54 53 1
53 51 54 52 1
53 51 54 51 55
53 47 53 48 1
53 48 54 49 527
53 48 54 48 1
53 49 54 50 2
53 49 54 49 95
53 46 53 47 1
53 44 54 45 1
54 52 55 52 1
54 50 55 50 123
54 50 55 51 1
54 53 55 53 1
54 49 55 50 622
54 45 55 46 1
54 51 55 51 55
54 48 55 48 1
55 50 56 51 747
55 53 56 53 1
55 51 56 51 56
55 47 55 48 1
55 48 55 49 2
55 52 56 52 1
55 49 55 50 2
55 46 55 47 1
56 52 57 52 1
56 53 57 53 1
56 51 57 52 803
57 52 58 53 804
57 53 58 53 1
58 53 59 54 805
59 54 60 55 805
60 55 61 56 805
61 56 62 57 805
62 57 63 58 805
63 58 64 59 805
64 59 65 60 805
65 60 66 61 805
66 61 67 62 805
67 62 68 63 805
68 63 69 64 805
69 64 70 65 805
70 65 71 66 805
71 66 72 67 805
72 67 73 68 805
73 68 74 69 805
74 69 75 70 805
75 70 76 71 805
76 71 77 72 805
77 72 78 73 805
78 73 79 74 805
79 74 80 75 805
80 75 81 76 805
81 76 82 77 805
82 77 83 78 805
83 78 84 79 805
84 79 85 80 805
85 80 86 81 805
86 81 87 82 805
87 82 88 83 805
88 83 89 84 805
89 84 90 85 805
90 85 91 86 805
91 86 92 87 805
92 87 93 88 805
93 88 94 89 805
94 89 95 90 805
95 90 96 91 805
96 91 97 92 805
97 92 98 93 805
98 93 99 94 805
99 94 100 95 805
100 95 101 96 805
101 96 102 97 805
102 97 103 98 805
103 98 104 99 805
104 99 105 100 805
105 100 106 101 805
106 101 107 102 805
107 102 108 103 805
108 103 109 104 805
109 104 110 105 805
110 105 111 106 805
111 106 112 107 805
112 107 113 108 805
113 108 114 109 805
114 109 115 110 805
115 110 116 111 805
116 111 117 112 805
117 112 118 113 805
118 113 119 114 805
119 114 120 115 805
120 115 121 116 805
121 116 122 117 805
122 117 123 118 805
123 118 124 119 805
124 119 125 120 805
125 120 126 121 805
126 121 127 122 805
127 122 128 123 805
128 123 129 124 805
129 124 130 125 805
130 125 131 126 805
131 126 132 127 805
132 127 133 128 805
133 128 134 129 805
134 129 135 130 805
135 130 136 131 805
136 131 137 132 805
137 132 138 133 805
138 133 139 134 805
139 134 140 135 805
140 135 141 136 805
141 136 142 137 805
142 137 143 138 805
143 138 144 139 805
144 139 145 140 805
145 140 146 141 805
146 141 147 142 805
147 142 148 143 805
148 143 149 144 805
149 144 150 145 805
150 145 151 146 805
151 146 152 147 805
152 147 153 148 805
153 148 154 149 805
154 149 155 150 805
155 150 156 151 805
156 151 157 152 805
157 152 158 153 805
158 153 159 154 805
159 154 160 155 805
160 155 161 156 805
161 159 161 160 20
161 161 161 162 20
161 165 161 166 20
161 156 161 157 20
161 156 162 157 785
161 160 161 161 20
161 167 162 168 20
161 158 161 159 20
161 163 161 164 20
161 166 161 167 20
161 162 161 163 20
161 164 161 165 20
161 157 161 158 20
162 159 162 160 785
162 161 162 162 785
162 165 162 166 785
162 160 162 161 785
162 167 162 168 785
162 158 162 159 785
162 163 162 164 785
162 166 162 167 785
162 162 162 163 785
162 164 162 165 785
162 157 162 158 785
