0 0 1 1  0 11212 11212
1 1 2 2  0 11212 11212
2 2 3 3  0 11212 11212
3 3 4 4  0 11212 11212
4 4 5 5  0 11212 11212
5 5 6 6  0 11212 11212
6 6 7 7  0 11212 11212
7 7 8 8  0 11212 11212
8 8 9 9  0 11212 11212
9 9 10 10  0 11212 11212
10 10 11 11  0 11212 11212
11 11 12 12  0 11212 11212
12 12 13 13  0 11212 11212
13 13 14 14  0 11212 11212
14 14 15 15  0 11212 11212
15 15 16 16  0 11212 11212
16 16 17 17  0 11212 11212
17 17 18 18  0 11212 11212
18 18 19 18  -18 100 118
18 18 19 19  18 11112 11094
19 18 20 19  -18 100 118
19 19 20 19  38 11052 11014
19 19 20 20  -20 60 80
20 19 21 20  20 11152 11132
20 20 21 21  -1 0 1
20 20 21 20  -19 60 79
21 21 22 21  -1 0 1
21 20 22 21  1 11212 11211
22 21 23 22  0 11212 11212
23 22 24 23  0 11212 11212
24 23 25 24  0 11212 11212
25 24 26 25  0 11212 11212
26 25 27 26  0 11212 11212
27 26 28 27  0 11212 11212
28 27 29 28  0 11212 11212
29 28 30 29  0 11212 11212
30 29 31 30  0 11212 11212
31 30 32 31  0 11212 11212
32 31 33 32  0 11212 11212
33 32 34 33  0 11212 11212
34 33 35 34  0 11212 11212
35 34 36 35  0 11212 11212
36 35 37 36  0 11212 11212
37 36 38 37  0 11212 11212
38 37 39 38  0 11212 11212
39 38 40 38  2 2 0
39 38 40 39  -2 11210 11212
40 38 41 38  2 2 0
40 39 41 39  1 1 0
40 39 41 40  -3 11209 11212
41 38 42 38  2 2 0
41 39 42 39  1 1 0
41 40 42 41  -3 11209 11212
42 38 43 39  2 2 0
42 39 43 39  1 1 0
42 41 43 42  -3 11209 11212
43 42 44 43  -3 11209 11212
43 39 44 40  3 3 0
44 40 45 41  3 3 0
44 43 45 43  -8 4 12
44 43 45 44  5 11205 11200
45 43 46 43  -8 4 12
45 44 46 45  5 11198 11193
45 44 46 44  0 7 7
45 41 46 42  3 3 0
46 42 47 43  3 3 0
46 46 47 47  -1 1 2
46 45 46 46  -1 1 2
46 45 47 46  15 11003 10988
46 45 47 45  -9 194 203
46 43 47 43  -7 4 11
46 43 47 44  -1 0 1
46 44 47 45  1 2 1
46 44 47 44  -1 5 6
47 46 47 47  -4 1 5
47 46 48 46  -97 5270 5367
47 46 48 47  116 5732 5616
47 45 48 46  2 5 3
47 45 48 45  -10 191 201
47 43 48 43  -7 4 11
47 43 48 44  3 3 0
47 44 48 45  -2 0 2
47 44 48 44  0 5 5
47 47 48 47  -5 2 7
48 46 49 46  -94 5272 5366
48 46 49 47  -1 3 4
48 45 49 46  -4 20 24
48 45 49 45  -8 171 179
48 43 49 43  -7 4 11
48 44 49 45  3 3 0
48 44 49 44  0 5 5
48 47 49 47  105 5725 5620
48 47 49 48  6 9 3
49 46 50 46  -95 5242 5337
49 46 50 47  -3 50 53
49 45 50 46  1 3 2
49 45 50 45  -6 171 177
49 43 50 44  -7 4 11
49 44 50 44  0 5 5
49 47 50 48  -3 4 7
49 47 50 47  106 5723 5617
49 47 49 48  1 1 0
49 48 50 49  6 6 0
49 48 50 48  1 4 3
50 46 51 46  -91 5245 5336
50 46 51 47  -3 0 3
50 49 51 50  1 1 0
50 49 51 49  5 5 0
50 45 51 45  -6 171 177
50 44 51 45  -4 9 13
50 44 51 44  -3 0 3
50 48 51 48  -3 8 11
50 47 50 48  -1 0 1
50 47 51 47  83 5606 5523
50 47 51 48  21 167 146
51 50 52 50  1 1 0
51 46 52 46  -91 5245 5336
51 49 52 49  5 5 0
51 45 52 46  -6 92 98
51 45 52 45  -4 88 92
51 44 52 45  -2 0 2
51 44 52 44  -1 0 1
51 47 52 48  -8 66 74
51 47 52 47  88 5540 5452
51 48 52 49  3 7 4
51 48 52 48  15 168 153
52 50 53 50  1 1 0
52 46 53 46  -1 105 106
52 46 53 47  -96 5232 5328
52 49 53 49  8 12 4
52 45 53 46  -1 4 5
52 45 53 45  -5 84 89
52 44 53 45  -1 0 1
52 47 53 48  -2 0 2
52 47 53 47  90 5540 5450
52 48 53 49  -3 35 38
52 48 53 48  10 199 189
53 50 54 50  1 1 0
53 49 54 50  0 1 1
53 49 54 49  5 46 41
53 46 54 46  -3 94 97
53 46 54 47  1 15 14
53 45 54 46  -8 82 90
53 45 54 45  2 2 0
53 47 54 48  -17 50 67
53 47 54 47  11 10722 10711
53 48 54 48  8 199 191
54 50 55 50  1 2 1
54 46 55 46  -2 1 3
54 46 55 47  -9 175 184
54 49 55 49  5 46 41
54 45 55 45  2 2 0
54 48 55 48  -9 249 258
54 47 55 48  -4 49 53
54 47 55 47  16 10688 10672
55 50 56 50  1 2 1
55 49 56 49  5 46 41
55 46 56 46  1 1 0
55 46 56 47  -3 0 3
55 45 56 46  2 2 0
55 47 56 48  -139 10708 10847
55 47 56 47  146 155 9
55 48 56 49  4 32 28
55 48 56 48  -17 266 283
56 50 57 50  1 2 1
56 49 57 50  -3 1 4
56 49 57 49  12 77 65
56 46 56 47  3 3 0
56 48 57 49  -10 11132 11142
56 47 56 48  146 158 12
57 50 58 50  -3 2 5
57 50 58 51  1 1 0
57 49 58 50  2 11209 11207
58 50 59 51  -1 11211 11212
58 51 59 52  1 1 0
59 52 60 52  1 1 0
59 51 60 52  -1 11211 11212
60 52 61 53  0 11212 11212
61 53 62 54  0 11212 11212
62 54 63 55  0 11212 11212
63 55 64 56  0 11212 11212
64 56 65 57  0 11212 11212
65 57 66 58  0 11212 11212
66 58 67 59  0 11212 11212
67 59 68 60  0 11212 11212
68 60 69 61  0 11212 11212
69 61 70 62  0 11212 11212
70 62 71 63  0 11212 11212
71 63 72 64  0 11212 11212
72 64 73 65  0 11212 11212
73 65 74 66  0 11212 11212
74 66 75 67  0 11212 11212
75 67 76 68  0 11212 11212
76 68 77 69  0 11212 11212
77 69 78 70  0 11212 11212
78 70 79 71  0 11212 11212
79 71 80 72  0 11212 11212
80 72 81 73  0 11212 11212
81 73 82 74  0 11212 11212
82 74 83 75  0 11212 11212
83 75 84 76  0 11212 11212
84 76 85 77  0 11212 11212
85 77 86 78  0 11212 11212
86 78 87 79  0 11212 11212
87 79 88 80  0 11212 11212
88 80 89 81  0 11212 11212
89 81 90 82  0 11212 11212
90 82 91 83  0 11212 11212
91 83 92 84  0 11212 11212
92 84 93 85  0 11212 11212
93 85 94 86  0 11212 11212
94 86 95 87  0 11212 11212
95 87 96 88  0 11212 11212
96 88 97 89  0 11212 11212
97 89 98 90  0 11212 11212
98 90 99 91  0 11212 11212
99 91 100 92  0 11212 11212
100 92 101 93  0 11212 11212
101 93 102 94  0 11212 11212
102 94 103 95  0 11212 11212
103 95 104 96  0 11212 11212
104 96 105 97  0 11212 11212
105 97 106 98  0 11212 11212
106 98 107 99  0 11212 11212
107 99 108 100  0 11212 11212
108 100 109 101  0 11212 11212
109 101 110 102  0 11212 11212
110 102 111 103  0 11212 11212
111 103 112 104  0 11212 11212
112 104 113 105  0 11212 11212
113 105 114 106  0 11212 11212
114 106 115 107  0 11212 11212
115 107 116 108  0 11212 11212
116 108 117 109  0 11212 11212
117 109 118 110  0 11212 11212
118 110 119 111  0 11212 11212
119 111 120 112  0 11212 11212
120 112 121 113  0 11212 11212
121 113 122 114  0 11212 11212
122 114 123 115  0 11212 11212
123 115 124 116  0 11212 11212
124 116 125 117  0 11212 11212
125 117 126 118  0 11212 11212
126 118 127 119  0 11212 11212
127 119 128 120  0 11212 11212
128 120 129 121  0 11212 11212
129 121 130 122  0 11212 11212
130 122 131 123  0 11212 11212
131 123 132 124  0 11212 11212
132 124 133 125  0 11212 11212
133 125 134 126  0 11212 11212
134 126 135 127  0 11212 11212
135 127 136 128  0 11212 11212
136 128 137 129  0 11212 11212
137 129 138 130  0 11212 11212
138 130 139 131  0 11212 11212
139 131 140 132  0 11212 11212
140 132 141 133  0 11212 11212
141 133 142 134  0 11212 11212
142 134 143 135  0 11212 11212
143 135 144 136  0 11212 11212
144 136 145 137  0 11212 11212
145 137 146 138  0 11212 11212
146 138 147 139  0 11212 11212
147 139 148 140  0 11212 11212
148 140 149 141  0 11212 11212
149 141 150 142  0 11212 11212
150 142 151 143  0 11212 11212
151 143 152 144  0 11212 11212
152 144 153 145  0 11212 11212
153 145 154 146  0 11212 11212
154 146 155 147  0 11212 11212
155 147 156 148  0 11212 11212
156 148 157 149  0 11212 11212
157 149 158 150  0 11212 11212
158 150 159 151  0 11212 11212
159 151 160 152  0 11212 11212
160 152 161 153  0 11212 11212
161 153 162 154  0 11212 11212
162 154 163 155  0 11212 11212
163 155 164 156  0 11212 11212
164 156 165 157  0 11212 11212
165 157 166 158  0 11212 11212
166 158 167 159  0 11212 11212
