0 0 1 1  0 11212 11212
1 1 2 2  0 11212 11212
2 2 3 3  0 11212 11212
3 3 4 4  0 11212 11212
4 4 5 5  0 11212 11212
5 5 6 6  0 11212 11212
6 6 7 7  0 11212 11212
7 7 8 8  0 11212 11212
8 8 9 9  0 11212 11212
9 9 10 10  0 11212 11212
10 10 11 11  0 11212 11212
11 11 12 12  0 11212 11212
12 12 13 13  0 11212 11212
13 13 14 14  0 11212 11212
14 14 15 15  0 11212 11212
15 15 16 16  0 11212 11212
16 16 17 17  0 11212 11212
17 17 18 18  0 11212 11212
18 18 19 19  0 11212 11212
19 19 20 20  0 11212 11212
20 20 21 21  0 11212 11212
21 21 22 22  0 11212 11212
22 22 23 23  0 11212 11212
23 23 24 24  0 11212 11212
24 24 25 25  0 11212 11212
25 25 26 26  0 11212 11212
26 26 27 27  0 11212 11212
27 27 28 28  0 11212 11212
28 28 29 29  0 11212 11212
29 29 30 30  0 11212 11212
30 30 31 31  0 11212 11212
31 31 32 32  0 11212 11212
32 32 33 33  0 11212 11212
33 33 34 34  0 11212 11212
34 34 35 35  0 11212 11212
35 35 36 36  0 11212 11212
36 36 37 37  0 11212 11212
37 37 38 38  -2 11197 11199
37 37 38 37  2 15 13
38 38 39 38  -1 18 19
38 38 39 39  -1 11179 11180
38 37 39 38  2 15 13
39 38 40 39  1 33 32
39 39 40 39  3 16 13
39 39 40 40  -4 11163 11167
40 39 41 39  2 2 0
40 39 41 40  2 47 45
40 40 41 40  -134 5531 5665
40 40 41 41  130 5632 5502
41 39 42 39  2 2 0
41 40 42 40  1 1 0
41 40 42 41  -133 5577 5710
41 41 42 42  0 21 21
41 41 42 41  130 5611 5481
42 42 43 42  -3 15 18
42 42 43 43  3 6 3
42 39 43 40  2 2 0
42 40 43 40  1 1 0
42 41 43 42  -3 11188 11191
43 42 44 43  -6 11203 11209
43 40 44 40  3 3 0
43 43 44 44  3 6 3
44 40 45 41  3 3 0
44 43 45 43  -7 4 11
44 43 45 44  1 11199 11198
44 44 45 45  3 6 3
45 45 46 46  3 6 3
45 43 46 43  -7 4 11
45 44 46 45  -1 11192 11193
45 44 46 44  2 7 5
45 41 46 42  3 3 0
46 42 47 43  3 3 0
46 46 47 47  2 7 5
46 45 46 46  -1 1 2
46 45 47 46  -1 11101 11102
46 45 47 45  1 90 89
46 43 47 43  -7 4 11
46 44 47 45  1 2 1
46 44 47 44  1 5 4
47 46 47 47  -4 1 5
47 46 48 46  -89 5227 5316
47 46 48 47  92 5873 5781
47 45 48 46  2 4 2
47 45 48 45  0 88 88
47 43 48 43  -7 4 11
47 43 48 44  3 3 0
47 44 48 44  1 5 4
47 47 48 48  -2 8 10
48 46 49 46  -86 5228 5314
48 46 49 47  -1 3 4
48 49 49 50  2 2 0
48 45 49 45  0 88 88
48 43 49 43  -7 4 11
48 44 49 45  3 3 0
48 44 49 44  1 5 4
48 47 49 47  63 5335 5272
48 47 49 48  28 530 502
48 47 48 48  1 8 7
48 48 49 49  -5 12 17
48 48 49 48  2 2 0
48 48 48 49  2 2 0
49 50 50 51  3 3 0
49 47 50 48  -8 65 73
49 47 50 47  70 5273 5203
49 48 50 49  51 404 353
49 48 50 48  -22 127 149
49 48 49 49  1 1 0
49 49 50 50  -3 4 7
49 49 50 49  -2 8 10
49 49 49 50  1 1 0
49 46 50 46  -84 5227 5311
49 46 50 47  -2 1 3
49 45 50 46  3 3 0
49 45 50 45  0 88 88
49 43 50 44  -7 4 11
49 44 50 44  1 5 4
50 50 51 50  -4 4 8
50 46 51 46  -81 5230 5311
50 49 50 50  -1 0 1
50 49 51 50  20 167 147
50 49 51 49  30 245 215
50 45 51 45  0 88 88
50 51 51 52  2 2 0
50 51 51 51  1 1 0
50 44 51 45  -4 9 13
50 44 51 44  -2 0 2
50 48 51 49  -7 67 74
50 48 51 48  -23 125 148
50 47 51 48  -2 0 2
50 47 51 47  70 5274 5204
51 50 52 50  13 164 151
51 50 52 51  3 7 4
51 51 52 51  1 1 0
51 48 52 49  -2 0 2
51 48 52 48  -23 125 148
51 47 52 47  70 5274 5204
51 52 52 52  2 2 0
51 49 52 50  -8 66 74
51 49 52 49  31 246 215
51 46 52 46  -81 5230 5311
51 45 52 46  -8 92 100
51 45 52 45  4 5 1
51 44 52 45  -2 0 2
52 52 53 52  2 2 0
52 50 53 50  8 195 187
52 50 53 51  -3 35 38
52 46 53 46  4 4 0
52 46 53 47  -93 5318 5411
52 49 53 50  -2 0 2
52 49 53 49  31 246 215
52 45 53 46  -3 0 3
52 45 53 45  5 5 0
52 51 53 51  4 8 4
52 48 53 48  -23 125 148
52 47 53 48  -10 44 54
52 47 53 47  80 5230 5150
53 52 54 52  2 2 0
53 50 54 50  6 195 189
53 49 54 49  31 246 215
53 46 54 46  1 1 0
53 46 54 47  0 3 3
53 45 54 46  5 5 0
53 51 54 52  0 1 1
53 51 54 51  1 42 41
53 48 54 49  -6 48 54
53 48 54 48  -26 122 148
53 47 53 48  1 1 0
53 47 54 48  -164 10394 10558
53 47 54 47  150 153 3
54 50 55 50  6 195 189
54 53 55 53  -1 0 1
54 51 55 51  1 42 41
54 48 55 49  -181 10518 10699
54 48 55 48  -6 0 6
54 48 54 49  0 1 1
54 47 55 48  -6 0 6
54 47 55 47  153 153 0
54 47 54 48  3 3 0
54 52 54 53  -1 0 1
54 52 55 52  3 3 0
54 46 55 47  6 6 0
54 49 55 50  -3 53 56
54 49 55 49  28 242 214
55 52 56 52  3 3 0
55 50 56 50  -4 209 213
55 50 56 51  7 39 32
55 53 56 53  -1 0 1
55 49 56 50  -153 10760 10913
55 51 56 51  1 42 41
55 48 56 49  -12 0 12
55 47 56 48  159 159 0
56 52 57 52  1 1 0
56 52 57 53  2 2 0
56 50 57 51  -10 11128 11138
56 53 57 53  -1 0 1
56 49 56 50  147 159 12
56 51 57 52  0 8 8
56 51 57 51  8 73 65
56 48 56 49  159 159 0
57 52 58 52  -3 1 4
57 52 58 53  -5 14 19
57 53 58 53  1 2 1
57 51 57 52  -9 6 15
57 51 58 52  7 11195 11188
58 52 59 53  -56 7414 7470
58 52 58 53  60 3782 3722
58 53 59 54  56 3798 3742
59 53 59 54  2 3737 3735
59 53 60 54  -58 3677 3735
59 54 60 55  58 7535 7477
60 55 61 56  -3 11202 11205
60 54 60 55  -61 3667 3728
60 54 61 55  3 10 7
61 56 62 57  0 11212 11212
61 55 61 56  3 10 7
62 57 63 58  0 11212 11212
63 58 64 59  0 11212 11212
64 59 65 60  0 11212 11212
65 60 66 61  0 11212 11212
66 61 67 62  0 11212 11212
67 62 68 63  0 11212 11212
68 63 69 64  0 11212 11212
69 64 70 65  0 11212 11212
70 65 71 66  0 11212 11212
71 66 72 67  0 11212 11212
72 67 73 68  0 11212 11212
73 68 74 69  0 11212 11212
74 69 75 70  0 11212 11212
75 70 76 71  0 11212 11212
76 71 77 72  0 11212 11212
77 72 78 73  0 11212 11212
78 73 79 74  0 11212 11212
79 74 80 75  0 11212 11212
80 75 81 76  0 11212 11212
81 76 82 77  0 11212 11212
82 77 83 78  0 11212 11212
83 78 84 79  0 11212 11212
84 79 85 80  0 11212 11212
85 80 86 81  0 11212 11212
86 81 87 82  0 11212 11212
87 82 88 83  0 11212 11212
88 83 89 84  0 11212 11212
89 84 90 85  0 11212 11212
90 85 91 86  0 11212 11212
91 86 92 87  0 11212 11212
92 87 93 88  0 11212 11212
93 88 94 89  0 11212 11212
94 89 95 90  0 11212 11212
95 90 96 91  0 11212 11212
96 91 97 92  0 11212 11212
97 92 98 93  0 11212 11212
98 93 99 94  0 11212 11212
99 94 100 95  0 11212 11212
100 95 101 96  0 11212 11212
101 96 102 97  0 11212 11212
102 97 103 98  0 11212 11212
103 98 104 99  0 11212 11212
104 99 105 100  0 11212 11212
105 100 106 101  0 11212 11212
106 101 107 102  0 11212 11212
107 102 108 103  0 11212 11212
108 103 109 104  0 11212 11212
109 104 110 105  0 11212 11212
110 105 111 106  0 11212 11212
111 106 112 107  0 11212 11212
112 107 113 108  0 11212 11212
113 108 114 109  0 11212 11212
114 109 115 110  0 11212 11212
115 110 116 111  0 11212 11212
116 111 117 112  0 11212 11212
117 112 118 113  0 11212 11212
118 113 119 114  0 11212 11212
119 114 120 115  0 11212 11212
120 115 121 116  0 11212 11212
121 116 122 117  0 11212 11212
122 117 123 118  0 11212 11212
123 118 124 119  0 11212 11212
124 119 125 120  0 11212 11212
125 120 126 121  0 11212 11212
126 121 127 122  0 11212 11212
127 122 128 123  0 11212 11212
128 123 129 124  0 11212 11212
129 124 130 125  0 11212 11212
130 125 131 126  0 11212 11212
131 126 132 127  0 11212 11212
132 127 133 128  0 11212 11212
133 128 134 129  0 11212 11212
134 129 135 130  0 11212 11212
135 130 136 131  0 11212 11212
136 131 137 132  0 11212 11212
137 132 138 133  0 11212 11212
138 133 139 134  0 11212 11212
139 134 140 135  0 11212 11212
140 135 141 136  0 11212 11212
141 136 142 137  0 11212 11212
142 137 143 138  0 11212 11212
143 138 144 139  0 11212 11212
144 139 145 140  0 11212 11212
145 140 146 141  0 11212 11212
146 141 147 142  0 11212 11212
147 142 148 143  0 11212 11212
148 143 149 144  0 11212 11212
149 144 150 145  0 11212 11212
150 145 151 146  0 11212 11212
151 146 152 147  0 11212 11212
152 147 153 148  0 11212 11212
153 148 154 149  0 11212 11212
154 149 155 150  0 11212 11212
155 150 156 151  0 11212 11212
156 151 157 152  0 11212 11212
157 152 158 153  0 11212 11212
158 153 159 154  0 11212 11212
159 154 160 155  0 11212 11212
160 155 161 156  0 11212 11212
161 156 162 157  0 11212 11212
162 157 163 158  0 11212 11212
163 158 164 159  0 11212 11212
164 159 165 160  0 11212 11212
165 160 166 161  0 11212 11212
166 161 167 162  0 11212 11212
