0 0 1 1  0 11212 11212
1 1 2 2  0 11212 11212
2 2 3 3  0 11212 11212
3 3 4 4  0 11212 11212
4 4 5 5  0 11212 11212
5 5 6 6  0 11212 11212
6 6 7 7  0 11212 11212
7 7 8 8  0 11212 11212
8 8 9 9  0 11212 11212
9 9 10 10  0 11212 11212
10 10 11 11  0 11212 11212
11 11 12 12  0 11212 11212
12 12 13 13  0 11212 11212
13 13 14 14  0 11212 11212
14 14 15 15  0 11212 11212
15 15 16 16  0 11212 11212
16 16 17 17  0 11212 11212
17 17 18 18  0 11212 11212
18 18 19 19  0 11212 11212
19 19 20 20  0 11212 11212
20 20 21 21  0 11212 11212
21 21 22 22  0 11212 11212
22 22 23 23  0 11212 11212
23 23 24 24  0 11212 11212
24 24 25 25  0 11212 11212
25 25 26 26  0 11212 11212
26 26 27 27  0 11212 11212
27 27 28 28  0 11212 11212
28 28 29 29  0 11212 11212
29 29 30 30  0 11212 11212
30 30 31 31  0 11212 11212
31 31 32 32  0 11212 11212
32 32 33 33  0 11212 11212
33 33 34 34  0 11212 11212
34 34 35 35  0 11212 11212
35 35 36 36  0 11212 11212
36 36 37 37  0 11212 11212
37 37 38 38  0 11212 11212
38 38 39 38  1 6 5
38 38 39 39  -1 11206 11207
39 38 40 38  1 6 5
39 39 40 39  133 259 126
39 39 40 40  -134 10947 11081
40 38 41 38  1 6 5
40 39 41 39  133 259 126
40 40 41 40  0 6 6
40 40 41 41  -134 10941 11075
41 38 42 39  1 6 5
41 39 42 39  133 259 126
41 40 42 40  0 6 6
41 41 42 42  -130 10937 11067
41 41 42 41  -4 4 8
42 42 43 42  3 7 4
42 42 43 43  -133 10930 11063
42 39 43 40  134 265 131
42 40 43 40  0 6 6
42 41 43 41  -4 4 8
43 42 44 42  3 7 4
43 40 44 40  -1 0 1
43 40 44 41  135 271 136
43 43 44 43  -17 74 91
43 43 44 44  -116 10856 10972
43 41 44 41  -4 4 8
44 42 45 42  3 7 4
44 40 45 40  -1 0 1
44 43 45 43  -17 74 91
44 44 45 45  -133 10731 10864
44 44 45 44  17 125 108
44 41 45 42  133 274 141
44 41 45 41  -2 1 3
45 42 46 42  -3 2 5
45 42 46 43  139 279 140
45 40 46 41  -1 0 1
45 45 46 46  -119 8206 8325
45 45 46 45  -14 2525 2539
45 43 46 43  -17 74 91
45 41 46 41  -2 1 3
45 44 46 44  17 125 108
46 42 47 42  -3 2 5
46 46 46 47  0 1 1
46 46 47 46  3 136 133
46 46 47 47  -122 8069 8191
46 45 47 46  -9 24 33
46 45 47 45  -5 2501 2506
46 43 47 43  -13 75 88
46 43 47 44  135 278 143
46 41 47 42  -3 1 4
46 44 47 45  3 5 2
46 44 47 44  14 120 106
46 47 47 48  0 1 1
47 42 48 42  -1 2 3
47 42 48 43  -5 1 6
47 46 48 46  2 148 146
47 46 48 47  -8 12 20
47 45 48 46  3 6 3
47 45 48 45  -5 2500 2505
47 43 48 43  -13 75 88
47 44 48 45  150 227 77
47 44 48 44  -1 171 172
47 47 48 48  -22 4203 4225
47 47 48 47  -99 3865 3964
47 47 47 48  -1 1 2
47 48 48 48  -1 2 3
48 42 49 42  -1 2 3
48 46 49 46  5 153 148
48 46 49 47  0 1 1
48 49 49 49  1 1 0
48 45 49 46  2 20 18
48 45 49 45  143 2707 2564
48 43 49 43  -16 65 81
48 43 49 44  -2 11 13
48 44 49 45  -1 0 1
48 44 49 44  0 171 171
48 47 49 47  -106 3873 3979
48 47 49 48  -1 4 5
48 48 49 49  5 135 130
48 48 49 48  -29 4069 4098
48 48 48 49  1 1 0
49 42 50 42  -1 2 3
49 49 50 50  12 55 43
49 49 50 49  -6 81 87
49 46 50 46  6 155 149
49 46 50 47  1 18 17
49 45 50 46  -2 2 4
49 45 50 45  144 2705 2561
49 43 50 43  -16 65 81
49 44 50 45  0 53 53
49 44 50 44  -2 129 131
49 48 50 49  -9 44 53
49 48 50 48  -21 4029 4050
49 47 50 47  -105 3872 3977
49 47 50 48  -1 2 3
50 50 51 50  2 5 3
50 50 51 51  10 50 40
50 48 51 48  -22 4031 4053
50 47 51 47  -102 3889 3991
50 47 51 48  -2 1 3
50 42 51 42  -1 2 3
50 46 51 46  4 157 153
50 49 51 50  -5 27 32
50 49 51 49  -10 98 108
50 45 51 46  1 13 12
50 45 51 45  143 2745 2602
50 43 51 43  -16 65 81
50 44 51 44  -2 129 131
51 50 52 50  3 19 16
51 50 52 51  -6 13 19
51 51 52 52  2 2 0
51 51 52 51  8 48 40
51 48 52 48  -24 4032 4056
51 47 52 47  -102 3889 3991
51 42 52 42  -1 2 3
51 49 52 49  -10 98 108
51 46 52 46  0 113 113
51 46 52 47  5 57 52
51 45 52 46  0 2 2
51 45 52 45  143 2743 2600
51 43 52 43  -17 63 80
51 43 52 44  1 2 1
51 44 52 44  -2 129 131
52 42 53 43  -1 2 3
52 52 53 52  2 2 0
52 50 53 50  3 19 16
52 49 53 49  -10 98 108
52 46 53 46  -3 98 101
52 46 53 47  3 17 14
52 45 53 46  3 5 2
52 45 53 45  140 2738 2598
52 43 53 43  -15 63 78
52 43 53 44  -2 0 2
52 51 53 51  2 61 59
52 44 53 45  -12 57 69
52 44 53 44  11 74 63
52 47 53 48  -81 3834 3915
52 47 53 47  -16 112 128
52 48 53 49  1 20 19
52 48 53 48  -25 4012 4037
53 50 54 50  3 19 16
53 51 54 51  2 61 59
53 48 54 49  -53 3998 4051
53 48 54 48  -53 3848 3901
53 47 54 47  -7 106 113
53 47 54 48  -6 23 29
53 52 54 52  2 2 0
53 46 54 46  -6 93 99
53 46 54 47  6 10 4
53 49 54 50  0 1 1
53 49 54 49  -9 117 126
53 45 54 46  -14 106 120
53 45 54 45  142 2689 2547
53 43 54 44  -16 65 81
53 44 54 45  1 3 2
53 44 54 44  8 71 63
54 50 55 50  2 18 16
54 50 55 51  1 2 1
54 51 55 51  2 61 59
54 48 55 49  -3 0 3
54 48 55 48  -56 3871 3927
54 47 55 47  -4 109 113
54 47 55 48  3 7 4
54 52 55 52  2 2 0
54 46 55 46  -7 104 111
54 46 55 47  -13 95 108
54 49 55 50  -33 376 409
54 49 55 49  -29 3739 3768
54 45 55 46  1 3 2
54 45 55 45  142 2689 2547
54 44 55 45  -8 136 144
55 52 56 52  2 2 0
55 50 56 50  -13 171 184
55 50 56 51  -18 223 241
55 49 56 50  -2 0 2
55 49 56 49  -30 3739 3769
55 46 56 46  -9 101 110
55 46 56 47  3 6 3
55 45 56 46  134 2825 2691
55 51 56 51  3 63 60
55 47 56 47  -4 91 95
55 47 56 48  -13 113 126
55 48 56 49  7 11 4
55 48 56 48  -60 3867 3927
56 52 57 52  2 2 0
56 50 57 50  -13 171 184
56 50 57 51  -2 0 2
56 49 57 50  5 8 3
56 49 57 49  -28 3742 3770
56 46 57 47  125 2926 2801
56 51 57 52  -6 3 9
56 51 57 51  -9 283 292
56 48 57 49  -15 92 107
56 48 57 48  -58 3888 3946
56 47 57 47  -2 91 93
56 47 57 48  1 6 5
57 52 58 52  -4 5 9
57 50 58 50  -8 172 180
57 50 58 51  0 7 7
57 49 58 50  -10 76 86
57 49 58 49  -33 3758 3791
57 51 58 51  -11 283 294
57 48 58 48  -57 3894 3951
57 47 58 48  123 3017 2894
58 52 59 52  -4 5 9
58 50 59 50  -20 214 234
58 50 59 51  2 34 32
58 49 59 50  1 1 0
58 49 59 49  -34 3757 3791
58 51 59 51  -11 290 301
58 48 59 49  66 6911 6845
59 52 60 52  -4 5 9
59 50 60 50  -21 212 233
59 50 60 51  2 3 1
59 49 60 50  32 10668 10636
59 51 60 52  -1 0 1
59 51 60 51  -8 324 332
60 52 61 52  -5 5 10
60 50 61 51  11 10880 10869
60 51 61 51  -6 327 333
61 52 62 52  -5 5 10
61 51 62 52  5 11207 11202
62 52 63 53  0 11212 11212
63 53 64 54  0 11212 11212
64 54 65 55  0 11212 11212
65 55 66 56  0 11212 11212
66 56 67 57  0 11212 11212
67 57 68 58  0 11212 11212
68 58 69 59  0 11212 11212
69 59 70 60  0 11212 11212
70 60 71 61  0 11212 11212
71 61 72 62  0 11212 11212
72 62 73 63  0 11212 11212
73 63 74 64  0 11212 11212
74 64 75 65  0 11212 11212
75 65 76 66  0 11212 11212
76 66 77 67  0 11212 11212
77 67 78 68  0 11212 11212
78 68 79 69  0 11212 11212
79 69 80 70  0 11212 11212
80 70 81 71  0 11212 11212
81 71 82 72  0 11212 11212
82 72 83 73  0 11212 11212
83 73 84 74  0 11212 11212
84 74 85 75  0 11212 11212
85 75 86 76  0 11212 11212
86 76 87 77  0 11212 11212
87 77 88 78  0 11212 11212
88 78 89 79  0 11212 11212
89 79 90 80  0 11212 11212
90 80 91 81  0 11212 11212
91 81 92 82  0 11212 11212
92 82 93 83  0 11212 11212
93 83 94 84  0 11212 11212
94 84 95 85  0 11212 11212
95 85 96 86  0 11212 11212
96 86 97 87  0 11212 11212
97 87 98 88  0 11212 11212
98 88 99 89  0 11212 11212
99 89 100 90  0 11212 11212
100 90 101 91  0 11212 11212
101 91 102 92  0 11212 11212
102 92 103 93  0 11212 11212
103 93 104 94  0 11212 11212
104 94 105 95  0 11212 11212
105 95 106 96  0 11212 11212
106 96 107 97  0 11212 11212
107 97 108 98  0 11212 11212
108 98 109 99  0 11212 11212
109 99 110 100  0 11212 11212
110 100 111 101  0 11212 11212
111 101 112 102  0 11212 11212
112 102 113 103  0 11212 11212
113 103 114 104  0 11212 11212
114 104 115 105  0 11212 11212
115 105 116 106  0 11212 11212
116 106 117 107  0 11212 11212
117 107 118 108  0 11212 11212
118 108 119 109  0 11212 11212
119 109 120 110  0 11212 11212
120 110 121 111  0 11212 11212
121 111 122 112  0 11212 11212
122 112 123 113  0 11212 11212
123 113 124 114  0 11212 11212
124 114 125 115  0 11212 11212
125 115 126 116  0 11212 11212
126 116 127 117  0 11212 11212
127 117 128 118  0 11212 11212
128 118 129 119  0 11212 11212
129 119 130 120  0 11212 11212
130 120 131 121  0 11212 11212
131 121 132 122  0 11212 11212
132 122 133 123  0 11212 11212
133 123 134 124  0 11212 11212
134 124 135 125  0 11212 11212
135 125 136 126  0 11212 11212
136 126 137 127  0 11212 11212
137 127 138 128  0 11212 11212
138 128 139 129  0 11212 11212
139 129 140 130  0 11212 11212
140 130 141 131  0 11212 11212
141 131 142 132  0 11212 11212
142 132 143 133  0 11212 11212
143 133 144 134  0 11212 11212
144 134 145 135  0 11212 11212
145 135 146 136  0 11212 11212
146 136 147 137  0 11212 11212
147 137 148 138  0 11212 11212
148 138 149 139  0 11212 11212
149 139 150 140  0 11212 11212
150 140 151 141  0 11212 11212
151 141 152 142  0 11212 11212
152 142 153 143  0 11212 11212
153 143 154 144  0 11212 11212
154 144 155 145  0 11212 11212
155 145 156 146  0 11212 11212
156 146 157 147  0 11212 11212
157 147 158 148  0 11212 11212
158 148 159 149  0 11212 11212
159 149 160 150  0 11212 11212
160 150 161 151  0 11212 11212
161 151 162 152  0 11212 11212
162 152 163 153  0 11212 11212
163 153 164 154  0 11212 11212
164 154 165 155  0 11212 11212
165 155 166 156  0 11212 11212
166 156 167 157  0 11212 11212
