0 0 1 1  0 11212 11212
1 1 2 2  0 11212 11212
2 2 3 3  0 11212 11212
3 3 4 4  0 11212 11212
4 4 5 5  0 11212 11212
5 5 6 6  0 11212 11212
6 6 7 7  0 11212 11212
7 7 8 8  0 11212 11212
8 8 9 9  0 11212 11212
9 9 10 10  0 11212 11212
10 10 11 11  0 11212 11212
11 11 12 12  0 11212 11212
12 12 13 13  0 11212 11212
13 13 14 14  0 11212 11212
14 14 15 15  0 11212 11212
15 15 16 16  0 11212 11212
16 16 17 17  0 11212 11212
17 17 18 18  0 11212 11212
18 18 18 19  -18 100 118
18 18 19 19  18 11112 11094
18 19 19 20  -18 100 118
19 19 19 20  38 11052 11014
19 19 20 20  -20 60 80
19 20 20 21  20 11152 11132
20 21 21 22  1 11212 11211
20 20 21 21  -1 0 1
20 20 20 21  -19 60 79
21 22 22 23  0 11212 11212
21 21 21 22  -1 0 1
22 23 23 24  0 11212 11212
23 24 24 25  0 11212 11212
24 25 25 26  0 11212 11212
25 26 26 27  0 11212 11212
26 27 27 28  0 11212 11212
27 28 28 29  0 11212 11212
28 29 29 30  0 11212 11212
29 30 30 31  0 11212 11212
30 31 31 32  0 11212 11212
31 32 32 33  0 11212 11212
32 33 33 34  0 11212 11212
33 34 34 35  0 11212 11212
34 35 35 36  0 11212 11212
35 36 36 37  0 11212 11212
36 37 37 38  -2 11197 11199
36 37 37 37  2 15 13
37 38 38 38  -1 18 19
37 38 38 39  -1 11179 11180
37 37 38 38  2 15 13
38 38 39 39  1 33 32
38 39 39 39  1 14 13
38 39 39 40  -2 11165 11167
39 39 40 40  2 47 45
39 40 40 40  -132 5533 5665
39 40 40 41  130 5632 5502
40 40 41 41  -130 5580 5710
40 41 41 42  0 21 21
40 41 41 41  130 5611 5481
41 42 42 42  -3 15 18
41 42 42 43  3 6 3
41 41 42 42  0 11191 11191
42 42 43 43  -3 11206 11209
42 43 43 44  3 6 3
43 45 44 46  -1 0 1
43 43 43 44  -1 0 1
43 43 44 44  -2 11206 11208
43 44 43 45  -1 0 1
43 44 44 45  3 6 3
44 46 45 47  -3 0 3
44 45 45 46  3 6 3
44 45 44 46  -2 0 2
44 44 45 45  0 11206 11206
44 44 44 45  -2 0 2
45 46 46 47  4 8 4
45 46 45 47  -13 102 115
45 45 46 46  12 11102 11090
45 45 45 46  -12 104 116
45 47 46 48  -16 102 118
46 46 46 47  -4 130 134
46 46 47 47  16 10972 10956
46 48 47 49  -20 228 248
46 47 46 48  -4 126 130
46 47 47 48  4 12 8
47 50 48 51  1 4 3
47 49 48 50  9 11147 11138
47 49 47 50  1 4 3
47 47 48 48  -15 55 70
47 47 47 48  31 10917 10886
47 48 47 49  30 10923 10893
47 48 48 49  5 6 1
48 50 49 51  -6 11202 11208
48 50 48 51  2 3 1
48 49 48 50  -13 58 71
48 51 49 52  3 7 4
48 48 49 49  3 3 0
48 48 48 49  -18 52 70
49 52 50 53  -6 13 19
49 52 49 53  1 1 0
49 50 49 51  3 3 0
49 53 50 53  1 1 0
49 49 49 50  3 3 0
49 51 50 52  5 11198 11193
49 51 49 52  -8 7 15
50 52 50 53  60 3783 3723
50 52 51 53  -55 7415 7470
50 53 51 54  55 3797 3742
51 53 52 54  -57 3678 3735
51 53 51 54  2 3737 3735
51 54 52 55  57 7534 7477
52 55 53 56  -3 11202 11205
52 54 52 55  -60 3668 3728
52 54 53 55  3 10 7
53 56 54 57  0 11212 11212
53 55 53 56  3 10 7
54 57 55 58  0 11212 11212
55 58 56 59  0 11212 11212
56 59 57 60  0 11212 11212
57 60 58 61  0 11212 11212
58 61 59 62  0 11212 11212
59 62 60 63  0 11212 11212
60 63 61 64  0 11212 11212
61 64 62 65  0 11212 11212
62 65 63 66  0 11212 11212
63 66 64 67  0 11212 11212
64 67 65 68  0 11212 11212
65 68 66 69  0 11212 11212
66 69 67 70  0 11212 11212
67 70 68 71  0 11212 11212
68 71 69 72  0 11212 11212
69 72 70 73  0 11212 11212
70 73 71 74  0 11212 11212
71 74 72 75  0 11212 11212
72 75 73 76  0 11212 11212
73 76 74 77  0 11212 11212
74 77 75 78  0 11212 11212
75 78 76 79  0 11212 11212
76 79 77 80  0 11212 11212
77 80 78 81  0 11212 11212
78 81 79 82  0 11212 11212
79 82 80 83  0 11212 11212
80 83 81 84  0 11212 11212
81 84 82 85  0 11212 11212
82 85 83 86  0 11212 11212
83 86 84 87  0 11212 11212
84 87 85 88  0 11212 11212
85 88 86 89  0 11212 11212
86 89 87 90  0 11212 11212
87 90 88 91  0 11212 11212
88 91 89 92  0 11212 11212
89 92 90 93  0 11212 11212
90 93 91 94  0 11212 11212
91 94 92 95  0 11212 11212
92 95 93 96  0 11212 11212
93 96 94 97  0 11212 11212
94 97 95 98  0 11212 11212
95 98 96 99  0 11212 11212
96 99 97 100  0 11212 11212
97 100 98 101  0 11212 11212
98 101 99 102  0 11212 11212
99 102 100 103  0 11212 11212
100 103 101 104  0 11212 11212
101 104 102 105  0 11212 11212
102 105 103 106  0 11212 11212
103 106 104 107  0 11212 11212
104 107 105 108  0 11212 11212
105 108 106 109  0 11212 11212
106 109 107 110  0 11212 11212
107 110 108 111  0 11212 11212
108 111 109 112  0 11212 11212
109 112 110 113  0 11212 11212
110 113 111 114  0 11212 11212
111 114 112 115  0 11212 11212
112 115 113 116  0 11212 11212
113 116 114 117  0 11212 11212
114 117 115 118  0 11212 11212
115 118 116 119  0 11212 11212
116 119 117 120  0 11212 11212
117 120 118 121  0 11212 11212
118 121 119 122  0 11212 11212
119 122 120 123  0 11212 11212
120 123 121 124  0 11212 11212
121 124 122 125  0 11212 11212
122 125 123 126  0 11212 11212
123 126 124 127  0 11212 11212
124 127 125 128  0 11212 11212
125 128 126 129  0 11212 11212
126 129 127 130  0 11212 11212
127 130 128 131  0 11212 11212
128 131 129 132  0 11212 11212
129 132 130 133  0 11212 11212
130 133 131 134  0 11212 11212
131 134 132 135  0 11212 11212
132 135 133 136  0 11212 11212
133 136 134 137  0 11212 11212
134 137 135 138  0 11212 11212
135 138 136 139  0 11212 11212
136 139 137 140  0 11212 11212
137 140 138 141  0 11212 11212
138 141 139 142  0 11212 11212
139 142 140 143  0 11212 11212
140 143 141 144  0 11212 11212
141 144 142 145  0 11212 11212
142 145 143 146  0 11212 11212
143 146 144 147  0 11212 11212
144 147 145 148  0 11212 11212
145 148 146 149  0 11212 11212
146 149 147 150  0 11212 11212
147 150 148 151  0 11212 11212
148 151 149 152  0 11212 11212
149 152 150 153  0 11212 11212
150 153 151 154  0 11212 11212
151 154 152 155  0 11212 11212
152 155 153 156  0 11212 11212
153 156 154 157  0 11212 11212
154 157 155 158  0 11212 11212
155 158 156 159  0 11212 11212
156 159 157 160  0 11212 11212
157 160 158 161  0 11212 11212
158 161 159 162  0 11212 11212
