0 0 1 1  0 11212 11212
1 1 2 2  0 11212 11212
2 2 3 3  0 11212 11212
3 3 4 4  0 11212 11212
4 4 5 5  0 11212 11212
5 5 6 6  0 11212 11212
6 6 7 7  0 11212 11212
7 7 8 8  0 11212 11212
8 8 9 9  0 11212 11212
9 9 10 10  0 11212 11212
10 10 11 11  0 11212 11212
11 11 12 12  0 11212 11212
12 12 13 13  0 11212 11212
13 13 14 14  0 11212 11212
14 14 15 15  0 11212 11212
15 15 16 16  0 11212 11212
16 16 17 17  0 11212 11212
17 17 18 18  0 11212 11212
18 18 18 19  -18 100 118
18 18 19 19  18 11112 11094
18 19 19 20  -18 100 118
19 19 19 20  38 11052 11014
19 19 20 20  -20 60 80
19 20 20 21  20 11152 11132
20 21 21 22  1 11212 11211
20 20 21 21  -1 0 1
20 20 20 21  -19 60 79
21 22 22 23  0 11212 11212
21 21 21 22  -1 0 1
22 23 23 24  0 11212 11212
23 24 24 25  0 11212 11212
24 25 25 26  0 11212 11212
25 26 26 27  0 11212 11212
26 27 27 28  0 11212 11212
27 28 28 29  0 11212 11212
28 29 29 30  0 11212 11212
29 30 30 31  0 11212 11212
30 31 31 32  0 11212 11212
31 32 32 33  0 11212 11212
32 33 33 34  0 11212 11212
33 34 34 35  0 11212 11212
34 35 35 36  0 11212 11212
35 36 36 37  0 11212 11212
36 37 37 38  0 11212 11212
37 38 38 38  1 6 5
37 38 38 39  -1 11206 11207
38 38 39 38  1 6 5
38 39 39 39  131 257 126
38 39 39 40  -132 10949 11081
39 38 40 38  1 6 5
39 39 40 39  131 257 126
39 40 40 40  -1 5 6
39 40 40 41  -131 10944 11075
40 38 41 39  1 6 5
40 39 41 39  131 257 126
40 40 41 40  -1 5 6
40 41 41 42  -127 10940 11067
40 41 41 41  -4 4 8
41 42 42 42  3 7 4
41 42 42 43  -130 10933 11063
41 39 42 40  132 263 131
41 40 42 40  -1 5 6
41 41 42 41  -4 4 8
42 42 43 42  3 7 4
42 40 43 40  -1 0 1
42 40 43 41  132 268 136
42 43 43 43  -17 74 91
42 43 43 44  -113 10859 10972
42 41 43 41  -4 4 8
43 42 44 42  3 7 4
43 40 44 40  -1 0 1
43 45 44 45  -1 0 1
43 43 44 43  -17 74 91
43 44 43 45  -1 0 1
43 44 44 45  -136 10738 10874
43 44 44 44  24 121 97
43 41 44 42  130 271 141
43 41 44 41  -2 1 3
44 42 45 42  -3 2 5
44 42 45 43  136 276 140
44 40 45 41  -1 0 1
44 45 45 46  -118 8217 8335
44 45 45 45  -19 2521 2540
44 43 45 43  -17 74 91
44 41 45 41  -2 1 3
44 44 45 44  24 121 97
45 42 46 42  -3 2 5
45 46 46 46  0 86 86
45 46 46 47  -114 8056 8170
45 46 45 47  -4 75 79
45 45 46 46  -18 27 45
45 45 46 45  -9 2498 2507
45 43 46 43  -18 69 87
45 43 46 44  145 277 132
45 43 45 44  -8 4 12
45 41 46 42  -3 1 4
45 44 46 45  3 5 2
45 44 46 44  21 116 95
45 44 45 45  -8 4 12
45 47 46 48  1 2 1
45 47 46 47  1 1 0
45 47 45 48  -6 72 78
45 48 46 49  0 36 36
45 48 46 48  -6 36 42
46 50 46 51  -2 0 2
46 51 47 51  -2 0 2
46 47 46 48  -20 96 116
46 47 47 48  -78 7876 7954
46 47 47 47  -16 86 102
46 48 46 49  -11 38 49
46 48 47 49  0 2 2
46 48 47 48  -14 94 108
46 42 47 43  -6 3 9
46 49 46 50  -2 0 2
46 49 47 50  -3 15 18
46 49 47 49  -6 59 65
46 46 46 47  -1 1 2
46 46 47 46  -1 88 89
46 46 47 47  -13 30 43
46 45 46 46  3 6 3
46 45 47 46  4 9 5
46 45 47 45  -12 2493 2505
46 43 46 44  -1 3 4
46 43 47 43  -17 66 83
46 44 46 45  1 5 4
46 44 47 45  149 289 140
46 44 47 44  15 102 87
47 50 48 50  -13 170 183
47 50 48 51  -11 285 296
47 50 47 51  -1 1 2
47 49 48 50  -1 0 1
47 49 48 49  -15 3731 3746
47 49 47 50  -22 441 463
47 46 48 46  140 245 105
47 46 48 47  5 6 1
47 46 47 47  3 116 113
47 45 48 46  2 2666 2664
47 45 48 45  -20 14 34
47 45 47 46  145 270 125
47 43 47 44  -23 69 92
47 51 48 51  -3 1 4
47 44 47 45  -10 168 178
47 44 48 44  2 3 1
47 48 48 49  -6 22 28
47 48 48 48  -59 3865 3924
47 48 47 49  -32 4111 4143
47 47 48 47  -6 89 95
47 47 48 48  -15 115 130
47 47 47 48  -5 28 33
48 50 49 50  -13 171 184
48 50 49 51  -2 0 2
48 50 48 51  1 2 1
48 51 49 52  -4 5 9
48 51 49 51  -9 283 292
48 48 49 49  -17 92 109
48 48 49 48  -58 3888 3946
48 47 49 47  -4 89 93
48 47 49 48  3 6 3
48 47 48 48  -1 0 1
48 46 49 46  1 1 0
48 46 49 47  129 2925 2796
48 46 48 47  -1 0 1
48 49 49 50  5 8 3
48 49 49 49  -26 3742 3768
48 49 48 50  0 3 3
48 45 49 46  -6 0 6
48 45 49 45  -1 0 1
48 45 48 46  -13 15 28
48 44 49 45  2 2 0
48 44 48 45  0 1 1
49 52 50 52  -4 5 9
49 50 50 50  -8 172 180
49 50 50 51  0 7 7
49 49 50 50  -10 76 86
49 49 50 49  -33 3758 3791
49 46 50 47  1 1 0
49 46 49 47  -5 2 7
49 45 49 46  1 2 1
49 51 50 51  -11 283 294
49 48 50 48  -55 3894 3949
49 47 50 48  120 3016 2896
50 52 51 52  -4 5 9
50 50 51 50  -20 214 234
50 50 51 51  2 34 32
50 49 51 50  1 1 0
50 49 51 49  -34 3757 3791
50 51 51 51  -11 290 301
50 48 51 49  65 6910 6845
50 47 51 48  1 1 0
51 52 52 52  -4 5 9
51 50 52 50  -21 212 233
51 50 52 51  2 3 1
51 49 52 50  31 10667 10636
51 51 52 52  -1 0 1
51 51 52 51  -8 324 332
51 48 52 49  1 1 0
52 52 53 52  -5 5 10
52 50 53 51  11 10880 10869
52 49 52 50  1 1 0
52 51 53 51  -6 327 333
53 52 54 52  -5 5 10
53 51 54 52  5 11207 11202
54 52 55 53  0 11212 11212
55 53 56 54  0 11212 11212
56 54 57 55  0 11212 11212
57 55 58 56  0 11212 11212
58 56 59 57  0 11212 11212
59 57 60 58  0 11212 11212
60 58 61 59  0 11212 11212
61 59 62 60  0 11212 11212
62 60 63 61  0 11212 11212
63 61 64 62  0 11212 11212
64 62 65 63  0 11212 11212
65 63 66 64  0 11212 11212
66 64 67 65  0 11212 11212
67 65 68 66  0 11212 11212
68 66 69 67  0 11212 11212
69 67 70 68  0 11212 11212
70 68 71 69  0 11212 11212
71 69 72 70  0 11212 11212
72 70 73 71  0 11212 11212
73 71 74 72  0 11212 11212
74 72 75 73  0 11212 11212
75 73 76 74  0 11212 11212
76 74 77 75  0 11212 11212
77 75 78 76  0 11212 11212
78 76 79 77  0 11212 11212
79 77 80 78  0 11212 11212
80 78 81 79  0 11212 11212
81 79 82 80  0 11212 11212
82 80 83 81  0 11212 11212
83 81 84 82  0 11212 11212
84 82 85 83  0 11212 11212
85 83 86 84  0 11212 11212
86 84 87 85  0 11212 11212
87 85 88 86  0 11212 11212
88 86 89 87  0 11212 11212
89 87 90 88  0 11212 11212
90 88 91 89  0 11212 11212
91 89 92 90  0 11212 11212
92 90 93 91  0 11212 11212
93 91 94 92  0 11212 11212
94 92 95 93  0 11212 11212
95 93 96 94  0 11212 11212
96 94 97 95  0 11212 11212
97 95 98 96  0 11212 11212
98 96 99 97  0 11212 11212
99 97 100 98  0 11212 11212
100 98 101 99  0 11212 11212
101 99 102 100  0 11212 11212
102 100 103 101  0 11212 11212
103 101 104 102  0 11212 11212
104 102 105 103  0 11212 11212
105 103 106 104  0 11212 11212
106 104 107 105  0 11212 11212
107 105 108 106  0 11212 11212
108 106 109 107  0 11212 11212
109 107 110 108  0 11212 11212
110 108 111 109  0 11212 11212
111 109 112 110  0 11212 11212
112 110 113 111  0 11212 11212
113 111 114 112  0 11212 11212
114 112 115 113  0 11212 11212
115 113 116 114  0 11212 11212
116 114 117 115  0 11212 11212
117 115 118 116  0 11212 11212
118 116 119 117  0 11212 11212
119 117 120 118  0 11212 11212
120 118 121 119  0 11212 11212
121 119 122 120  0 11212 11212
122 120 123 121  0 11212 11212
123 121 124 122  0 11212 11212
124 122 125 123  0 11212 11212
125 123 126 124  0 11212 11212
126 124 127 125  0 11212 11212
127 125 128 126  0 11212 11212
128 126 129 127  0 11212 11212
129 127 130 128  0 11212 11212
130 128 131 129  0 11212 11212
131 129 132 130  0 11212 11212
132 130 133 131  0 11212 11212
133 131 134 132  0 11212 11212
134 132 135 133  0 11212 11212
135 133 136 134  0 11212 11212
136 134 137 135  0 11212 11212
137 135 138 136  0 11212 11212
138 136 139 137  0 11212 11212
139 137 140 138  0 11212 11212
140 138 141 139  0 11212 11212
141 139 142 140  0 11212 11212
142 140 143 141  0 11212 11212
143 141 144 142  0 11212 11212
144 142 145 143  0 11212 11212
145 143 146 144  0 11212 11212
146 144 147 145  0 11212 11212
147 145 148 146  0 11212 11212
148 146 149 147  0 11212 11212
149 147 150 148  0 11212 11212
150 148 151 149  0 11212 11212
151 149 152 150  0 11212 11212
152 150 153 151  0 11212 11212
153 151 154 152  0 11212 11212
154 152 155 153  0 11212 11212
155 153 156 154  0 11212 11212
156 154 157 155  0 11212 11212
157 155 158 156  0 11212 11212
158 156 159 157  0 11212 11212
