0 0 1 1  0 11212 11212
1 1 2 2  0 11212 11212
2 2 3 3  0 11212 11212
3 3 4 4  0 11212 11212
4 4 5 5  0 11212 11212
5 5 6 6  0 11212 11212
6 6 7 7  0 11212 11212
7 7 8 8  0 11212 11212
8 8 9 9  0 11212 11212
9 9 10 10  0 11212 11212
10 10 11 11  0 11212 11212
11 11 12 12  0 11212 11212
12 12 13 13  0 11212 11212
13 13 14 14  0 11212 11212
14 14 15 15  0 11212 11212
15 15 16 16  0 11212 11212
16 16 17 17  0 11212 11212
17 17 18 18  0 11212 11212
18 18 19 19  0 11212 11212
19 19 20 20  0 11212 11212
20 20 21 21  0 11212 11212
21 21 22 22  0 11212 11212
22 22 23 23  0 11212 11212
23 23 24 24  0 11212 11212
24 24 25 25  0 11212 11212
25 25 26 26  0 11212 11212
26 26 27 27  0 11212 11212
27 27 28 28  0 11212 11212
28 28 29 29  0 11212 11212
29 29 30 30  0 11212 11212
30 30 31 31  0 11212 11212
31 31 32 32  0 11212 11212
32 32 33 33  0 11212 11212
33 33 34 34  0 11212 11212
34 34 35 35  0 11212 11212
35 35 36 36  0 11212 11212
36 36 37 37  0 11212 11212
37 38 38 39  2 15 13
37 37 38 38  -2 11197 11199
37 37 37 38  2 15 13
38 38 38 39  -1 18 19
38 38 39 38  1 6 5
38 38 39 39  -2 11173 11175
38 39 39 40  1 33 32
39 38 40 38  1 6 5
39 39 39 40  1 14 13
39 39 40 39  131 257 126
39 39 40 40  -134 10902 11036
39 40 40 41  2 47 45
40 38 41 38  3 3 0
40 38 41 39  -2 3 5
40 39 41 39  131 257 126
40 40 40 41  -191 5400 5591
40 40 41 40  -1 5 6
40 40 41 41  58 5497 5439
40 41 41 42  -190 5443 5633
40 41 41 41  1 4 3
41 42 42 42  3 7 4
41 42 42 43  -130 10912 11042
41 38 41 39  3 3 0
41 39 42 40  132 263 131
41 40 42 40  -1 5 6
41 41 42 42  0 21 21
41 41 42 41  -4 4 8
41 41 41 42  63 5476 5413
42 42 42 43  -3 15 18
42 42 43 42  3 7 4
42 42 43 43  3 6 3
42 40 43 40  -1 0 1
42 40 43 41  132 268 136
42 43 43 43  -17 74 91
42 43 43 44  -116 10853 10969
42 41 43 41  -4 4 8
43 42 44 42  3 7 4
43 40 44 40  -1 0 1
43 43 44 43  -17 74 91
43 43 44 44  3 6 3
43 44 44 45  -140 10732 10872
43 44 44 44  24 121 97
43 41 44 42  130 271 141
43 41 44 41  -2 1 3
44 42 45 42  -3 2 5
44 42 45 43  136 276 140
44 40 45 41  -1 0 1
44 45 45 46  -120 8213 8333
44 45 45 45  -20 2519 2539
44 43 45 43  -17 74 91
44 41 45 41  -2 1 3
44 44 45 45  3 6 3
44 44 45 44  24 121 97
45 42 46 42  -3 2 5
45 46 46 46  -1 85 86
45 46 46 47  -119 8128 8247
45 45 46 46  -7 27 34
45 45 46 45  -10 2498 2508
45 43 46 43  -18 69 87
45 43 46 44  137 281 144
45 41 46 42  -3 1 4
45 44 46 45  3 5 2
45 44 46 44  21 116 95
46 50 46 51  -2 0 2
46 51 47 51  -2 0 2
46 47 46 48  -10 7 17
46 47 47 48  -93 8035 8128
46 47 47 47  -16 86 102
46 48 46 49  -2 0 2
46 48 47 48  -8 7 15
46 42 47 43  -6 3 9
46 49 46 50  -2 0 2
46 46 47 46  -4 85 89
46 46 47 47  -4 27 31
46 45 47 46  7 10 3
46 45 47 45  -14 2493 2507
46 43 47 43  -18 69 87
46 44 47 45  141 287 146
46 44 47 44  17 110 93
47 50 47 51  1 1 0
47 46 48 46  -4 85 89
47 46 48 47  7 10 3
47 49 48 50  -2 0 2
47 49 48 49  2 2 0
47 49 47 50  1 1 0
47 45 48 46  136 276 140
47 45 48 45  -9 2504 2513
47 51 48 51  -1 1 2
47 43 48 44  -24 72 96
47 44 48 45  2 3 1
47 44 48 44  15 107 92
47 47 48 47  -11 88 99
47 47 48 48  -9 25 34
47 48 48 49  -46 4203 4249
47 48 48 48  -56 3836 3892
47 48 47 49  1 3 2
48 50 49 51  -2 0 2
48 51 49 51  -1 1 2
48 48 49 49  -3 0 3
48 48 49 48  -62 3861 3923
48 47 49 47  -9 90 99
48 47 49 48  5 8 3
48 46 49 46  146 248 102
48 46 49 47  -14 113 127
48 49 49 50  -24 458 482
48 49 49 49  -20 3747 3767
48 45 49 46  0 4 4
48 45 49 45  -7 2503 2510
48 44 49 45  -9 179 188
49 50 50 50  -14 171 185
49 50 50 51  -10 287 297
49 49 50 50  -1 0 1
49 49 50 49  -22 3747 3769
49 46 50 46  141 246 105
49 46 50 47  5 6 1
49 45 50 46  -6 2678 2684
49 45 50 45  -10 4 14
49 51 50 51  -3 1 4
49 47 50 47  -6 89 95
49 47 50 48  -17 114 131
49 48 50 49  1 3 2
49 48 50 48  -58 3866 3924
50 50 51 50  -13 171 184
50 50 51 51  -2 0 2
50 49 51 50  5 8 3
50 49 51 49  -26 3742 3768
50 46 51 46  1 1 0
50 46 51 47  130 2924 2794
50 45 50 46  -4 1 5
50 45 51 46  -5 3 8
50 45 51 45  -1 0 1
50 51 51 52  -4 5 9
50 51 51 51  -9 283 292
50 48 51 49  -17 92 109
50 48 51 48  -58 3888 3946
50 47 51 47  -4 89 93
50 47 51 48  3 6 3
51 50 52 50  -8 172 180
51 50 52 51  0 7 7
51 51 52 51  -11 283 294
51 48 52 48  -55 3894 3949
51 47 52 47  -2 4 6
51 47 52 48  121 3009 2888
51 52 52 52  -4 5 9
51 46 52 47  2 4 2
51 46 51 47  -7 0 7
51 49 52 50  -10 76 86
51 49 52 49  -33 3758 3791
51 45 51 46  -1 0 1
52 52 53 52  -4 5 9
52 50 53 50  -15 226 241
52 50 53 51  -3 22 25
52 49 53 50  1 1 0
52 49 53 49  -34 3757 3791
52 51 53 51  -11 290 301
52 48 53 49  -36 4558 4594
52 48 53 48  102 2345 2243
52 47 53 48  0 8 8
53 52 54 52  -4 5 9
53 50 54 50  -19 214 233
53 50 54 51  5 13 8
53 49 54 50  -32 3509 3541
53 49 54 49  -38 4806 4844
53 51 54 51  -14 312 326
53 48 54 49  102 2353 2251
54 52 55 52  -4 5 9
54 50 55 50  -55 3712 3767
54 50 55 51  4 11 7
54 49 55 50  64 7159 7095
54 51 55 52  -1 0 1
54 51 55 51  -8 325 333
55 52 56 52  -5 5 10
55 50 56 51  9 10871 10862
55 51 56 51  -4 336 340
56 52 57 52  -5 5 10
56 51 57 52  5 11207 11202
57 52 58 53  0 11212 11212
58 53 59 54  0 11212 11212
59 54 60 55  0 11212 11212
60 55 61 56  0 11212 11212
61 56 62 57  0 11212 11212
62 57 63 58  0 11212 11212
63 58 64 59  0 11212 11212
64 59 65 60  0 11212 11212
65 60 66 61  0 11212 11212
66 61 67 62  0 11212 11212
67 62 68 63  0 11212 11212
68 63 69 64  0 11212 11212
69 64 70 65  0 11212 11212
70 65 71 66  0 11212 11212
71 66 72 67  0 11212 11212
72 67 73 68  0 11212 11212
73 68 74 69  0 11212 11212
74 69 75 70  0 11212 11212
75 70 76 71  0 11212 11212
76 71 77 72  0 11212 11212
77 72 78 73  0 11212 11212
78 73 79 74  0 11212 11212
79 74 80 75  0 11212 11212
80 75 81 76  0 11212 11212
81 76 82 77  0 11212 11212
82 77 83 78  0 11212 11212
83 78 84 79  0 11212 11212
84 79 85 80  0 11212 11212
85 80 86 81  0 11212 11212
86 81 87 82  0 11212 11212
87 82 88 83  0 11212 11212
88 83 89 84  0 11212 11212
89 84 90 85  0 11212 11212
90 85 91 86  0 11212 11212
91 86 92 87  0 11212 11212
92 87 93 88  0 11212 11212
93 88 94 89  0 11212 11212
94 89 95 90  0 11212 11212
95 90 96 91  0 11212 11212
96 91 97 92  0 11212 11212
97 92 98 93  0 11212 11212
98 93 99 94  0 11212 11212
99 94 100 95  0 11212 11212
100 95 101 96  0 11212 11212
101 96 102 97  0 11212 11212
102 97 103 98  0 11212 11212
103 98 104 99  0 11212 11212
104 99 105 100  0 11212 11212
105 100 106 101  0 11212 11212
106 101 107 102  0 11212 11212
107 102 108 103  0 11212 11212
108 103 109 104  0 11212 11212
109 104 110 105  0 11212 11212
110 105 111 106  0 11212 11212
111 106 112 107  0 11212 11212
112 107 113 108  0 11212 11212
113 108 114 109  0 11212 11212
114 109 115 110  0 11212 11212
115 110 116 111  0 11212 11212
116 111 117 112  0 11212 11212
117 112 118 113  0 11212 11212
118 113 119 114  0 11212 11212
119 114 120 115  0 11212 11212
120 115 121 116  0 11212 11212
121 116 122 117  0 11212 11212
122 117 123 118  0 11212 11212
123 118 124 119  0 11212 11212
124 119 125 120  0 11212 11212
125 120 126 121  0 11212 11212
126 121 127 122  0 11212 11212
127 122 128 123  0 11212 11212
128 123 129 124  0 11212 11212
129 124 130 125  0 11212 11212
130 125 131 126  0 11212 11212
131 126 132 127  0 11212 11212
132 127 133 128  0 11212 11212
133 128 134 129  0 11212 11212
134 129 135 130  0 11212 11212
135 130 136 131  0 11212 11212
136 131 137 132  0 11212 11212
137 132 138 133  0 11212 11212
138 133 139 134  0 11212 11212
139 134 140 135  0 11212 11212
140 135 141 136  0 11212 11212
141 136 142 137  0 11212 11212
142 137 143 138  0 11212 11212
143 138 144 139  0 11212 11212
144 139 145 140  0 11212 11212
145 140 146 141  0 11212 11212
146 141 147 142  0 11212 11212
147 142 148 143  0 11212 11212
148 143 149 144  0 11212 11212
149 144 150 145  0 11212 11212
150 145 151 146  0 11212 11212
151 146 152 147  0 11212 11212
152 147 153 148  0 11212 11212
153 148 154 149  0 11212 11212
154 149 155 150  0 11212 11212
155 150 156 151  0 11212 11212
156 151 157 152  0 11212 11212
157 152 158 153  0 11212 11212
158 153 159 154  0 11212 11212
159 154 160 155  0 11212 11212
160 155 161 156  0 11212 11212
161 156 162 157  0 11212 11212
