-8
-8
-8
-8
-8
-8
-8
-8.116612283
-7.966197051
-8.06050661
-7.958213889
-8.478850669
-8.478850669
-8.478850669
-8.478850669
-8.478850669
-8.478850669
-8.478850669
-8.478850669
-8.478850669
-8.478850669
-8.478850669
-8.478850669
-8.478850669
-8.478850669
-8.478850669
-8.478850669
-8.478850669
-8.341481439
-8.341481439
-8.057442424
-8.057442424
-7.972036188
-8.034737627
-8.034737627
-8.034737627
-8.072256186
-8.072256186
-8.072256186
-8.072256186
-8.072256186
-8.072256186
-7.839139154
-7.839139154
-7.959272918
-7.959272918
-7.959272918
-7.959272918
-7.959272918
-7.959272918
-7.959272918
-7.959272918
-7.839139154
-7.959272918
-8.043447431
-8.043447431
-8.043447431
-8.043447431
-8.043447431
-7.766906981
-7.766906981
-7.766906981
-7.766906981
-7.766906981
-7.766906981
-7.766906981
-7.766906981
-7.766906981
-7.766906981
-7.766906981
-7.766906981
-7.766906981
-7.829747898
-7.829747898
-7.829747898
-7.641231614
-7.641231614
-7.641231614
-7.641231614
-7.641231614
-7.641231614
-7.641231614
-7.641231614
-7.641231614
-7.641231614
-7.641231614
-7.706189021
-7.706189021
-7.412397193
-7.260008264
-7.299177088
-7.299177088
-7.299177088
-7.299177088
-7.299177088
-7.297540956
-7.297540956
-7.427510266
-7.427510266
-7.491131782
-7.491131782
-7.491131782
-7.491131782
-7.299177088
-7.036399923
-7.036399923
-7.036399923
-7.093015615
-7.093015615
-6.855010237
-6.855010237
-6.855010237
-6.855010237
-6.855010237
-6.855010237
-6.855010237
-6.702178638
-6.702178638
-6.702178638
-6.57013725
-6.694572123
-6.694572123
-6.694572123
-6.694572123
-6.570163161
-6.169690664
-6.169690664
-6.169690664
-5.996624824
-5.996624824
-5.996624824
-5.996624824
-5.905491133
-5.905491133
-5.905491133
-5.939049698
-5.939049698
-5.939049698
-5.939049698
-5.939049698
-5.864273198
-5.864273198
-5.853870692
-5.853870692
-5.853870692
-5.853870692
-6.057309172
-6.057309172
-6.057309172
-6.057309172
-6.057309172
-6.057309172
-6.057309172
-6.057309172
-6.057309172
-6.057309172
-6.057309172
-6.057309172
-5.731431238
-5.731431238
-5.731431238
-5.731431238
-6.059812873
-6.059812873
-6.059812873
-6.059812873
-6.059812873
-6.059812873
-6.059812873
-6.059812873
-6.059812873
-6.059812873
-6.059812873
-6.059812873
-6.033151535
-6.033151535
-6.033151535
-6.033151535
-6.033151535
-5.650902714
-5.650902714
-5.650902714
-5.650902714
-5.799383511
-5.752864345
-5.393611238
-5.393611238
-5.529044324
-5.529044324
-5.529044324
-5.529044324
-5.717450666
-5.717450666
-5.717450666
-5.717450666
-5.717450666
-5.629524555
-5.629524555
-5.386707402
-5.427421114
-5.352892664
-5.352892664
-5.513964398
-5.513964398
-5.513964398
-6.059812873
-5.513964398
-5.513964398
-5.513964398
-5.233848767
-5.233848767
-5.079535045
-5.079535045
-4.806739621
-4.806739621
-4.806739621
-4.806739621
-4.806739621
-4.806739621
-4.806739621
-4.806739621
-4.806739621
-4.806739621
-4.806739621
-4.806739621
-4.806739621
-4.962130049
-4.962130049
-4.962130049
-4.962130049
-4.962130049
-4.962130049
-4.962130049
-4.962130049
-4.962130049
-4.962130049
-5.181614306
-5.238091474
-5.238091474
-5.238091474
-5.018543623
-5.018543623
-5.018543623
-5.072458153
-5.148322283
-5.554464414
-5.554464414
-5.554464414
-5.463497942
-5.463497942
-5.463497942
-5.463497942
-5.301642468
-5.301642468
-5.301642468
-5.301642468
-5.238091474
-5.37034848
-5.37034848
-5.37034848
-5.254772313
-5.254772313
-5.440371297
-5.440371297
-5.440371297
-5.440371297
-5.440371297
-5.440371297
-5.440371297
-5.440371297
-5.440371297
-5.440371297
-5.440371297
-5.225382762
-5.238633605
-5.197743285
-5.197743285
-5.197743285
-5.072502394
-5.072502394
-5.072502394
-5.072502394
-5.072502394
-5.072502394
-5.072502394
-5.072502394
-4.718582266
-4.718582266
-4.718582266
-4.718582266
-4.718582266
-4.718582266
-4.718582266
-4.691900043
-4.691900043
-4.691900043
-4.869692362
-4.869692362
-4.869692362
-4.869692362
-4.869692362
-4.869692362
-4.869692362
-4.869692362
-4.869692362
-4.754738187
-4.720253766
-4.720253766
-4.908044252
-4.908044252
-4.908044252
-4.518187322
-4.518187322
-4.481238814
-4.481238814
-4.481238814
-4.481238814
-4.481238814
-4.481238814
-4.481238814
-4.408521814
-4.559209045
-4.559209045
-4.559209045
-4.479715177
-4.479715177
-4.479715177
-4.961199401
-4.977377183
-4.977377183
-4.977377183
-4.977377183
-4.977377183
-4.977377183
-4.977377183
-4.977377183
-4.894452394
-5.078809518
-5.078809518
-5.078809518
-5.078809518
-5.078809518
-5.078809518
-5.05878702
-5.05878702
-5.05878702
-5.05878702
-5.05878702
-5.05878702
-5.05878702
-4.925302712
-4.884802112
-4.690156735
-4.690156735
-4.690156735
-4.938801496
-4.938801496
-4.938801496
-4.938801496
-4.938801496
-5.230016965
-5.026917777
-5.026917777
-5.191574573
-5.191574573
-5.146608806
-5.146608806
-5.146608806
-5.146608806
-5.146608806
-5.146608806
-5.146608806
-5.26439063
-5.26439063
-5.013949872
-5.013949872
-5.013949872
-5.013949872
-5.013949872
-5.013949872
-5.013949872
-5.013949872
-5.167491268
-5.167491268
-5.167491268
-5.032012115
-5.032012115
-5.032012115
-5.032012115
-5.032012115
-5.032012115
-5.032012115
-5.032012115
-5.183552913
-5.183552913
-4.851732944
-4.851732944
-4.931994434
-4.931994434
-4.931994434
-4.808452803
-4.808452803
-4.808452803
-4.808452803
-4.759334541
-4.759334541
-4.759334541
-4.759334541
-4.759334541
-4.69734126
-4.69734126
-4.69734126
-4.69734126
-4.69734126
-4.904850093
-4.904850093
-4.904850093
-4.904850093
-4.904850093
-4.904850093
-5.092167321
-5.015067063
-5.172787788
-5.245836069
-5.245836069
-5.245836069
-5.245836069
-5.245836069
-5.223334042
-4.949850035
-4.703479377
-4.703479377
-4.703479377
-4.703479377
-4.699066784
-4.699066784
-4.699066784
-4.862607849
-4.862607849
-4.745654735
-4.745654735
-4.745654735
-4.745654735
-4.745654735
-4.745654735
-4.745654735
-4.745654735
-4.745654735
-4.745654735
-4.745654735
-4.745654735
-4.745654735
-4.745654735
-4.745654735
-4.744870481
-4.744870481
-4.534400475
-4.534400475
-4.534400475
-4.534400475
-4.534400475
-4.261585295
-4.261585295
-4.261585295
-4.261585295
-4.261585295
-4.271285051
-4.271285051
-4.271285051
-4.271285051
-4.526368752
-4.526368752
-4.526368752
-4.526368752
-4.526368752
-4.812143557
-4.872228165
-4.872228165
-4.872228165
-4.872228165
-4.872228165
-4.872228165
-4.872228165
-4.719182439
-4.719182439
-4.719182439
-4.719182439
-4.719182439
-4.71500044
-4.71500044
-4.71500044
-4.71500044
-4.854918019
-4.854918019
-4.854918019
-4.860079888
-4.860079888
-4.860079888
-4.890249876
-4.890249876
-4.876873334
-4.876873334
-4.550498676
-4.550498676
-4.696380993
-4.696380993
-4.939022103
-4.939022103
-4.939022103
-4.854498523
-4.854498523
-4.854498523
-4.854498523
-4.854498523
-4.854498523
-4.854498523
-4.854498523
-4.854498523
-4.854498523
-4.854498523
-4.970747188
-4.970747188
-4.970747188
-4.970747188
-4.970747188
-4.970747188
-4.970747188
-4.970747188
-4.970747188
-4.9860916
-4.9860916
-4.9860916
-4.9860916
-4.9860916
-4.9860916
-4.9860916
-4.9860916
-4.9860916
-4.608073222
-4.608073222
-4.608073222
-4.608073222
-4.608073222
-4.608073222
-4.849045996
-4.849045996
-4.849045996
-4.790815169
-4.790815169
-4.790815169
-4.64891323
-4.64891323
-4.64891323
-4.64891323
-4.831110099
-4.740526843
-4.740526843
-4.740526843
-4.740526843
-5.052422478
-5.052422478
-5.052422478
-5.052422478
-5.052422478
-5.052422478
-5.052422478
-5.052422478
-5.052422478
-5.052422478
-4.805018181
-4.805018181
-4.805018181
-5.105725508
-5.105725508
-5.105725508
-5.105725508
-5.105725508
-5.105725508
-5.105725508
-5.105725508
-5.105725508
-5.105725508
-5.105725508
-5.105725508
-4.893191124
-4.893191124
-4.581236095
-4.581236095
-4.581236095
-4.581236095
-4.581236095
-4.531345788
-4.531345788
-4.531345788
-4.711118445
-4.711118445
-4.711118445
-4.711118445
-4.711118445
-4.711118445
-4.762749918
-4.762749918
-4.762749918
-4.762749918
-4.762749918
-4.762749918
-4.762749918
-4.762749918
-4.77508343
-5.00604464
-4.822391865
-4.822391865
-4.721830525
-4.860489676
-4.860489676
-4.860489676
-4.860489676
-5.121713064
-5.121713064
-5.121713064
-5.121713064
-5.121713064
-5.121713064
-5.132687168
-5.231958657
-5.178608412
-5.178608412
-5.178608412
-5.178608412
-5.178608412
-5.178608412
-5.310605444
-5.310605444
-5.600211064
-5.600211064
-5.600211064
-5.600211064
-5.600211064
-5.600211064
-5.600211064
-5.79316994
-5.939573494
-5.568192032
-5.820767133
-5.767889336
-5.767889336
-5.767889336
-5.767889336
-5.767889336
-5.767889336
-5.767889336
-5.767889336
-5.767889336
-5.767889336
-5.767889336
-5.767889336
-5.767889336
-5.767889336
-5.767889336
-5.767889336
-5.767889336
-5.767889336
-6.326789247
-6.326789247
-6.326789247
-6.326789247
-6.303340562
-6.303340562
-6.303340562
-6.671410624
-6.424826826
-6.349596797
-6.014642964
-5.732125871
-5.732125871
-5.732125871
-5.732125871
-5.732125871
-5.617567614
-5.617567614
-5.420700659
-5.510293795
-5.510293795
-5.510293795
-5.510293795
-5.682176011
-5.75848779
-5.75848779
-6.124445136
-6.124445136
-6.124445136
-6.124445136
-6.124445136
-6.124445136
-6.124445136
-5.946255838
-5.810621281
-5.810621281
-5.810621281
-5.810621281
-5.810621281
-5.810621281
-5.810621281
-6.183636551
-6.183636551
-6.183636551
-6.183636551
-6.183636551
-6.183636551
-6.183636551
-6.183636551
-5.858097533
-5.858097533
-5.858097533
-5.858097533
-5.858097533
-5.858097533
-5.858097533
-5.858097533
-5.858097533
-5.858097533
-5.858097533
-5.858097533
-5.858097533
-5.858097533
-5.858097533
-5.773542572
-5.773542572
-5.773542572
-5.773542572
-5.773542572
-5.773542572
-5.773542572
-5.773542572
-5.773542572
-5.793578232
-5.793578232
-5.793578232
-5.793578232
-5.793578232
-5.793578232
-5.793578232
-5.793578232
-5.815313086
-5.815313086
-5.815313086
-5.421277981
-5.042218299
-5.042218299
-5.042218299
-5.042218299
-5.042218299
-5.042218299
-5.042218299
-5.042218299
-5.042218299
-5.304197235
-5.208276503
-5.208276503
-5.383376906
-5.383376906
-5.340046293
-5.340046293
-5.340046293
-5.340046293
-5.340046293
-5.340046293
-5.340046293
-5.340046293
-5.340046293
-5.340046293
-5.411060254
-5.411060254
-5.25786237
-5.25786237
-5.25786237
-5.25786237
-5.12081813
-5.12081813
-5.12081813
-5.12081813
-5.084336691
-5.084336691
-5.084336691
-5.084336691
-5.084336691
-5.084336691
-5.084336691
-5.084336691
-5.034245929
-5.034245929
-5.034245929
-4.870294273
-4.870294273
-4.870294273
-4.870294273
-4.870294273
-4.870294273
-4.870294273
-4.870294273
-4.870294273
-4.870294273
-4.870294273
-4.870294273
-4.870294273
-4.870294273
-4.870294273
-5.340046293
-4.593322336
-4.593322336
-4.593322336
-4.593322336
-4.593322336
-4.593322336
-4.430856533
-4.430856533
-4.430856533
-4.430856533
-4.430856533
-4.430856533
-4.430856533
-4.430856533
-4.430856533
-4.430856533
-4.430856533
-4.430856533
-4.430856533
-4.430856533
-4.430856533
-4.430856533
-4.430856533
-4.430856533
-4.430856533
-4.503394059
-4.503394059
-4.786728681
-4.66286839
-4.66286839
-4.66286839
-4.66286839
-4.66286839
-4.66286839
-4.66286839
-4.66286839
-4.66286839
-4.922164875
-4.922164875
-4.922164875
-4.922164875
-4.922164875
-4.922164875
-4.788838944
-4.788838944
-4.788838944
-4.788838944
-4.788838944
-4.788838944
-4.788838944
-4.829126776
-4.829126776
-4.829126776
-4.829126776
-4.883040488
-5.019638053
-5.019638053
-5.019638053
-5.019638053
-5.019638053
-5.138550508
-5.138550508
-4.900029291
-4.900029291
-4.900029291
-4.900029291
-4.900029291
-5.252138355
-5.252138355
-5.120278771
-5.120278771
-5.026487348
-5.026487348
-5.026487348
-5.433468952
-5.433468952
-5.433468952
-5.433468952
-5.433468952
-5.433468952
-5.433468952
-5.731298291
-5.731298291
-5.731298291
-5.731298291
-5.731298291
-5.59184916
-5.59184916
-5.59184916
-5.59184916
-5.59184916
-5.59184916
-5.59184916
-5.59184916
-5.59184916
-5.24416895
-5.24416895
-5.24416895
-5.285314212
-5.285314212
-5.3163953
-5.3163953
-5.3163953
-5.3163953
-5.3163953
-5.3163953
-5.3163953
-5.3163953
-5.3163953
-5.3163953
-5.3163953
-5.3163953
-5.3163953
-5.3163953
-5.23805919
-5.23805919
-5.23805919
-5.23805919
-5.23805919
-5.23805919
-5.23805919
-5.23805919
-5.23805919
-5.23805919
-5.23805919
-5.517752132
-5.517752132
-5.517752132
-5.517752132
-5.517752132
-5.517752132
-5.517752132
-5.517752132
-5.517752132
-5.756669312
-5.756669312
-5.756669312
-5.756669312
-5.756669312
-5.756669312
-5.885264144
-5.885264144
-5.885264144
-5.885264144
-5.885264144
-5.885264144
-5.885264144
-5.885264144
-5.885264144
-5.885264144
-5.885264144
-5.885264144
-5.885264144
-5.757188946
-5.814499533
-5.814499533
-5.814499533
-5.814499533
-5.814499533
-5.694409972
-5.694409972
-5.694409972
-5.945842333
-5.945842333
-5.945842333
-5.945842333
-6.010663211
-6.010663211
-6.051998234
-6.051998234
-6.051998234
-6.051998234
-6.051998234
-6.367405116
-6.367405116
-6.132318017
-6.132318017
-6.132318017
-5.839127677
-5.65460651
-5.65460651
-5.65460651
-5.65460651
-5.668843348
-5.668843348
-5.668843348
-5.668843348
-5.668843348
-5.668843348
-5.668843348
-5.668843348
-5.668843348
-5.815014763
-5.815014763
-5.815014763
-5.815014763
-5.815014763
-5.910597837
-5.910597837
-5.910597837
-5.875084876
-5.745889604
-5.745889604
-5.745889604
-5.745889604
-5.403757323
-5.403757323
-5.413605337
-5.413605337
-5.413605337
-5.345900988
-5.345900988
-5.345900988
-5.345900988
-5.563616061
-5.563616061
-5.563616061
-5.563616061
-5.563616061
-5.563616061
-5.563616061
-5.563616061
-5.563616061
-5.563616061
-5.563616061
-5.321686702
-5.321686702
-5.321686702
-5.321686702
-5.266224091
-5.266224091
-5.266224091
-5.266224091
-5.266224091
-5.116859726
-5.191139076
-5.312014498
-5.312014498
-5.312014498
-5.312014498
-5.312014498
-5.312014498
-5.312014498
-5.312014498
-5.312014498
-5.312014498
-5.312014498
-5.312014498
-5.312014498
-5.283138357
-4.97261395
-4.97261395
-4.916177532
-4.756360405
-4.756360405
-5.284980957
-5.284980957
-5.284980957
-5.284980957
-5.284980957
-5.284980957
-5.284980957
-5.284980957
-5.16760054
-5.16760054
-5.16760054
-5.16760054
-5.16760054
-5.16760054
-5.16760054
-5.16760054
-5.16760054
-5.16760054
-4.872348296
-4.872348296
-4.872348296
-5.074389174
-5.074389174
-5.074389174
-5.074389174
-5.240911263
-5.320397505
-5.320397505
-5.320397505
-5.320397505
-5.320397505
-5.320397505
-5.320397505
-5.320397505
-5.320397505
-5.320397505
-5.320397505
-5.530897727
-5.530897727
-5.530897727
-5.530897727
-5.530897727
-5.530897727
-5.46105381
-5.217727373
-5.443116253
-5.389555349
-5.449441542
-5.307444922
-5.307444922
-5.307444922
-5.307444922
-5.307444922
-5.112622346
-5.112622346
-5.112622346
-5.112622346
-5.112622346
-5.112622346
-5.112622346
-5.112622346
-5.112622346
-5.112622346
-5.112622346
-5.112622346
-5.112622346
-5.112622346
-5.112622346
-5.112622346
-5.112622346
-5.112622346
-5.074786596
-5.047202396
-5.047202396
-5.047202396
-5.047202396
-5.047202396
-5.047202396
-5.047202396
-4.987100378
-5.170496678
-5.043720592
-5.043720592
-5.043720592
-5.043720592
-5.311653472
-5.311653472
-5.311653472
-5.311653472
-5.311653472
-5.311653472
-5.311653472
-5.311653472
-5.311653472
-5.311653472
-5.468305935
-5.468305935
-5.468305935
-5.468305935
-5.468305935
-5.468305935
-5.468305935
-5.468305935
-5.468305935
-5.713157301
-5.265075504
-5.265075504
-5.265075504
-5.265075504
-5.265075504
-5.265075504
-5.265075504
-5.265075504
-4.707581101
-4.641300734
-4.406757878
-4.639581994
-4.497746194
-4.497746194
-4.497746194
-4.497746194
-4.651967962
-4.651967962
-4.651967962
-4.651967962
-4.651967962
-4.651967962
-4.658896042
-4.772733456
-4.772733456
-4.772733456
-4.772733456
-5.100796125
-5.100796125
-5.100796125
-5.100796125
-5.100796125
-5.100796125
-5.260523028
-5.260523028
-5.260523028
-5.260523028
-5.192139198
-5.192139198
-5.192139198
-4.846693007
-4.846693007
-4.846693007
-4.846693007
-4.846693007
-4.846693007
-4.846693007
-4.846693007
-4.846693007
-4.846693007
-4.846693007
-4.846693007
-4.846693007
-4.846693007
-4.846693007
-4.846693007
-4.846693007
-4.846693007
-4.846693007
-4.716648567
-4.690888634
-5.104629959
-5.104629959
-5.188780532
-5.188780532
-5.127435633
-5.127435633
-5.127435633
-5.213521789
-5.456002153
-5.456002153
-5.456002153
-5.456002153
-5.456002153
-5.762125173
-5.762125173
-5.62192908
-5.62192908
-5.62192908
-5.62192908
-5.62192908
-5.62192908
-5.62192908
-5.62192908
-5.62192908
-5.62192908
-5.62192908
-5.065679581
-5.065679581
-5.065679581
-4.982132838
-4.982132838
-4.982132838
-5.056387448
-5.056387448
-5.056387448
-5.056387448
-5.056387448
-5.056387448
-4.901440066
-4.901440066
-4.901440066
-4.901440066
-4.901440066
-4.901440066
-4.979718632
-4.979718632
-4.979718632
-4.979718632
-4.734636036
-4.734636036
-4.734636036
-4.734636036
-4.734636036
-4.734636036
-4.734636036
-4.76334572
-4.76334572
-4.76334572
-4.731028902
-4.731028902
-4.731028902
-4.731028902
-4.731028902
-4.731028902
-4.959145375
-4.959145375
-4.959145375
-4.959145375
-4.959145375
-4.959145375
-4.959145375
-4.959145375
-4.959145375
-4.959145375
-4.959145375
-5.368650589
-5.368650589
-5.284184607
-5.284184607
-5.284184607
-5.27565624
-5.27565624
-5.228069458
-5.228069458
-5.228069458
-5.228069458
-5.228069458
-5.228069458
-5.228069458
-5.228069458
-5.228069458
-5.228069458
-5.228069458
-4.785921882
-4.785921882
-4.785921882
-4.72512729
-4.72512729
-4.72512729
-4.72512729
-4.72512729
-4.72512729
-4.72512729
-4.72512729
-4.72512729
-4.72512729
-5.183659649
-5.183659649
-5.183659649
-5.183659649
-5.183659649
-5.183659649
-4.936405867
-4.87799766
-4.87799766
-5.039471653
-4.788059673
-4.788059673
-5.042874214
-5.042874214
-5.042874214
-5.042874214
-5.042874214
-5.042874214
-5.291517029
-5.291517029
-5.291517029
-5.249060995
-5.249060995
-5.249060995
-4.942622384
-4.942622384
-4.942622384
-4.942622384
-4.660462059
-4.660462059
-4.660462059
-4.660462059
-4.660462059
-4.730672831
-4.730672831
-4.75741286
-4.75741286
-4.75741286
-4.8355757
-5.103174902
-5.103174902
-5.103174902
-5.377212532
-5.377212532
-5.377212532
-5.377212532
-5.377212532
-5.443104908
-5.443104908
-5.443104908
-5.443104908
-5.443104908
-5.443104908
-5.443104908
-5.443104908
-5.443104908
-5.443104908
-5.476987587
-5.476987587
-5.476987587
-5.476987587
-5.443879266
-5.443879266
-5.617658854
-5.617658854
-5.617658854
-5.617658854
-5.617658854
-5.617658854
-5.617658854
-5.386188454
-5.386188454
-5.386188454
-5.386188454
-5.386188454
-5.068862852
-5.298544335
-5.298544335
-5.416664578
-5.416664578
-5.416664578
-5.416664578
-5.052485833
-5.338070582
-5.338070582
-5.338070582
-5.338070582
-5.049399413
-5.049399413
-5.049399413
-5.049399413
-5.049399413
-5.241917283
-5.241917283
-5.241917283
-5.356951272
-5.629942987
-5.629942987
-5.629942987
-5.629942987
-5.629942987
-5.451555686
-5.451555686
-5.451555686
-5.451555686
-5.451555686
-5.451555686
-6.040794321
-6.040794321
-6.040794321
-5.751030079
-5.751030079
-5.751030079
-5.751030079
-5.843308811
-5.843308811
-5.843308811
-5.843308811
-5.843308811
-5.843308811
-5.843308811
-5.843308811
-5.813872835
-5.813872835
-5.813872835
-5.813872835
-5.813872835
-5.744608379
-5.744608379
-5.516670396
-5.366814389
-5.366814389
-5.366814389
-5.292551162
-5.292551162
-5.292551162
-5.292551162
-5.292551162
-5.292551162
-5.292551162
-5.292551162
-5.292551162
-5.292551162
-5.292551162
-5.553547024
-5.553547024
-5.553547024
-5.553547024
-5.553547024
-5.553547024
-5.553547024
-5.553547024
-5.565493497
-5.469457627
-5.469457627
-5.469457627
-5.330891911
-5.330891911
-5.330891911
-5.330891911
-5.330891911
-5.330891911
-5.070267715
-5.070267715
-5.070267715
-5.070267715
-5.070267715
-5.070267715
-5.070267715
-5.070267715
-5.070267715
-5.070267715
-5.074373809
-4.999861572
-5.185950825
-5.035475998
-5.035475998
-4.867333723
-4.867333723
-4.867333723
-5.046551727
-5.046551727
-4.712711988
-4.868541128
-4.868541128
-4.868541128
-4.868541128
-4.868541128
-4.868541128
-4.868541128
-4.868541128
-4.868541128
-4.941535486
-4.941535486
-4.994002581
-4.994002581
-4.994002581
-4.978053252
-4.978053252
-4.978053252
-4.871844763
-4.871844763
-4.871844763
-4.871844763
-4.871844763
-4.871844763
-4.871844763
-4.871844763
-4.871844763
-4.871844763
-4.915692855
-5.041094656
-5.041094656
-5.041094656
-5.041094656
-4.87441332
-4.87441332
-4.87441332
-4.87441332
-4.87441332
-4.87441332
-4.87441332
-4.57569232
-4.365318258
-4.568097283
-4.568097283
-4.568097283
-4.568097283
-4.591031801
-4.399022604
-4.399022604
-4.399022604
-4.399022604
-4.399022604
-4.399022604
-4.399022604
-4.399022604
-4.399022604
-4.399022604
-4.399022604
-4.399022604
-4.399022604
-4.399022604
-4.502841894
-4.502841894
-4.502841894
-4.502841894
-4.502841894
-4.502841894
-4.502841894
-4.502841894
-4.417710298
-4.417710298
-4.417710298
-4.417710298
-4.417710298
-4.417710298
-4.417710298
-4.490630497
-4.490630497
-4.267808024
-4.267808024
-4.267808024
-4.267808024
-4.445097952
-4.445097952
-4.445097952
-4.445097952
-4.280070206
-4.280070206
-4.280070206
-4.285658455
-4.631004707
-4.631004707
-4.631004707
-4.631004707
-4.631004707
-4.631004707
-4.631004707
-4.631004707
-4.631004707
-4.631004707
-4.631004707
-4.631004707
-4.631004707
-4.631004707
-4.631004707
-4.631004707
-4.631004707
-4.631004707
-4.868076112
-4.868076112
-4.868076112
-4.868076112
-4.868076112
-4.868076112
-4.868076112
-4.868076112
-4.868076112
-4.868076112
-4.868076112
-4.868076112
-4.868076112
-4.868076112
-5.213950813
-5.213950813
-5.213950813
-5.213950813
-5.372208023
-5.372208023
-5.372208023
-5.372208023
-5.137536178
-5.137536178
-5.137536178
-5.137536178
-5.137536178
-5.137536178
-4.882996925
-4.882996925
-4.882996925
-5.085573009
-5.085573009
-5.358650081
-5.358650081
-5.358650081
-5.358650081
-5.358650081
-5.190564079
-5.190564079
-5.190564079
-5.190564079
-4.734231032
-4.734231032
-4.734231032
-4.734231032
-4.88777844
-4.88777844
-4.639375652
-4.742839085
-4.742839085
-4.742839085
-4.975556251
-4.975556251
-4.975556251
-4.975556251
-4.975556251
-4.755111086
-5.461255056
-5.461255056
-5.461255056
-5.461255056
-5.461255056
-5.461255056
-5.461255056
-5.461255056
-5.496631682
-5.496631682
-5.496631682
-5.711574758
-5.711574758
-5.711574758
-5.711574758
-5.711574758
-5.711574758
-5.711574758
-5.71169851
-5.763237731
-5.80179697
-5.80179697
-5.80179697
-5.80179697
-5.80179697
-5.65116951
-5.479644554
-5.479644554
-5.565923108
-5.565923108
-5.565923108
-5.565923108
-5.565923108
-5.565923108
-5.565923108
-5.565923108
