-0.8
-0.8
-0.8
-0.8
-0.8
-0.8
-0.8
-0.6820519509
-0.7538908694
-0.5879322892
-0.4741153081
-0.147640623
-0.147640623
-0.147640623
-0.147640623
-0.147640623
-0.147640623
-0.147640623
-0.147640623
-0.147640623
-0.147640623
-0.147640623
-0.147640623
-0.147640623
-0.147640623
-0.147640623
-0.147640623
-0.147640623
-0.1763361274
-0.1763361274
-0.4122535173
-0.4122535173
-0.488110295
-0.2291121752
-0.2291121752
-0.2291121752
-0.1113612833
-0.1113612833
-0.1113612833
-0.1113612833
-0.1113612833
-0.1113612833
-0.0965871379
-0.0965871379
-0.1517490818
-0.1517490818
-0.1517490818
-0.1517490818
-0.1517490818
-0.1517490818
-0.1517490818
-0.1517490818
-0.0965871379
-0.1517490818
-0.1527249884
-0.1527249884
-0.1527249884
-0.1527249884
-0.1527249884
-0.1183634723
-0.1183634723
-0.1183634723
-0.1183634723
-0.1183634723
-0.1183634723
-0.1183634723
-0.1183634723
-0.1183634723
-0.1183634723
-0.1183634723
-0.1183634723
-0.1183634723
-0.1407690013
-0.1407690013
-0.1407690013
-0.1017944007
-0.1017944007
-0.1017944007
-0.1017944007
-0.1017944007
-0.1017944007
-0.1017944007
-0.1017944007
-0.1017944007
-0.1017944007
-0.1017944007
-0.2850157717
-0.2850157717
-0.2499280711
-0.1284056359
-0.2279518845
-0.2279518845
-0.2279518845
-0.2279518845
-0.2279518845
-0.06694158439
-0.06694158439
-0.0920104468
-0.0920104468
-0.1926236335
-0.1926236335
-0.1926236335
-0.1926236335
-0.2279518845
-0.1230868608
-0.1230868608
-0.1230868608
-0.2273539305
-0.2273539305
-0.2322618289
-0.2322618289
-0.2322618289
-0.2322618289
-0.2322618289
-0.2322618289
-0.2322618289
-0.3299132974
-0.3299132974
-0.3299132974
-0.302779948
-0.2212979538
-0.2212979538
-0.2212979538
-0.2212979538
-0.223767835
-0.1962699721
-0.1962699721
-0.1962699721
-0.151442248
-0.151442248
-0.151442248
-0.151442248
-0.2308093096
-0.2308093096
-0.2308093096
-0.1721251552
-0.1721251552
-0.1721251552
-0.1721251552
-0.1721251552
-0.1832412312
-0.1832412312
-0.1659060569
-0.1659060569
-0.1659060569
-0.1659060569
-0.1857857332
-0.1857857332
-0.1857857332
-0.1857857332
-0.1857857332
-0.1857857332
-0.1857857332
-0.1857857332
-0.1857857332
-0.1857857332
-0.1857857332
-0.1857857332
-0.09062915224
-0.09062915224
-0.09062915224
-0.09062915224
-0.1803417746
-0.1803417746
-0.1803417746
-0.1803417746
-0.1803417746
-0.1803417746
-0.1803417746
-0.1803417746
-0.1803417746
-0.1803417746
-0.1803417746
-0.1803417746
-0.2391593274
-0.2391593274
-0.2391593274
-0.2391593274
-0.2391593274
-0.2695627346
-0.2695627346
-0.2695627346
-0.2695627346
-0.3778039796
-0.448666164
-0.3221091775
-0.3221091775
-0.2891593675
-0.2891593675
-0.2891593675
-0.2891593675
-0.2466932247
-0.2466932247
-0.2466932247
-0.2466932247
-0.2466932247
-0.3279114383
-0.3279114383
-0.4242422966
-0.2634548428
-0.1393561564
-0.1393561564
-0.1667014979
-0.1667014979
-0.1667014979
-0.1803417746
-0.1667014979
-0.1667014979
-0.1667014979
-0.3525451378
-0.3525451378
-0.2026381403
-0.2026381403
-0.2395708512
-0.2395708512
-0.2395708512
-0.2395708512
-0.2395708512
-0.2395708512
-0.2395708512
-0.2395708512
-0.2395708512
-0.2395708512
-0.2395708512
-0.2395708512
-0.2395708512
-0.2215909478
-0.2215909478
-0.2215909478
-0.2215909478
-0.2215909478
-0.2215909478
-0.2215909478
-0.2215909478
-0.2215909478
-0.2215909478
-0.1711964936
-0.1278331764
-0.1278331764
-0.1278331764
-0.139447629
-0.139447629
-0.139447629
-0.08312589914
-0.240833949
-0.1746223448
-0.1746223448
-0.1746223448
-0.1431406409
-0.1431406409
-0.1431406409
-0.1431406409
-0.07397559469
-0.07397559469
-0.07397559469
-0.07397559469
-0.1278331764
-0.1416334599
-0.1416334599
-0.1416334599
-0.1850333293
-0.1850333293
-0.1843989887
-0.1843989887
-0.1843989887
-0.1843989887
-0.1843989887
-0.1843989887
-0.1843989887
-0.1843989887
-0.1843989887
-0.1843989887
-0.1843989887
-0.2241546224
-0.1863388166
-0.2555865061
-0.2555865061
-0.2555865061
-0.2322045436
-0.2322045436
-0.2322045436
-0.2322045436
-0.2322045436
-0.2322045436
-0.2322045436
-0.2322045436
-0.2604791261
-0.2604791261
-0.2604791261
-0.2604791261
-0.2604791261
-0.2604791261
-0.2604791261
-0.1200919735
-0.1200919735
-0.1200919735
-0.2621121114
-0.2621121114
-0.2621121114
-0.2621121114
-0.2621121114
-0.2621121114
-0.2621121114
-0.2621121114
-0.2621121114
-0.289582504
-0.1101095169
-0.1101095169
-0.2420515094
-0.2420515094
-0.2420515094
-0.1452775398
-0.1452775398
-0.1664373871
-0.1664373871
-0.1664373871
-0.1664373871
-0.1664373871
-0.1664373871
-0.1664373871
-0.2515196984
-0.3706204414
-0.3706204414
-0.3706204414
-0.3610425481
-0.3610425481
-0.3610425481
-0.1839861779
-0.1480089261
-0.1480089261
-0.1480089261
-0.1480089261
-0.1480089261
-0.1480089261
-0.1480089261
-0.1480089261
-0.1965462222
-0.1338214064
-0.1338214064
-0.1338214064
-0.1338214064
-0.1338214064
-0.1338214064
-0.191597377
-0.191597377
-0.191597377
-0.191597377
-0.191597377
-0.191597377
-0.191597377
-0.1745223262
-0.1210226272
-0.16615492
-0.16615492
-0.16615492
-0.1596485508
-0.1596485508
-0.1596485508
-0.1596485508
-0.1596485508
-0.2306498598
-0.09980037266
-0.09980037266
-0.1917883916
-0.1917883916
-0.1578510002
-0.1578510002
-0.1578510002
-0.1578510002
-0.1578510002
-0.1578510002
-0.1578510002
-0.2607961995
-0.2607961995
-0.1104809055
-0.1104809055
-0.1104809055
-0.1104809055
-0.1104809055
-0.1104809055
-0.1104809055
-0.1104809055
-0.09352297291
-0.09352297291
-0.09352297291
-0.2494525082
-0.2494525082
-0.2494525082
-0.2494525082
-0.2494525082
-0.2494525082
-0.2494525082
-0.2494525082
-0.238499613
-0.238499613
-0.1398569859
-0.1398569859
-0.2684555445
-0.2684555445
-0.2684555445
-0.1302281514
-0.1302281514
-0.1302281514
-0.1302281514
-0.1610286586
-0.1610286586
-0.1610286586
-0.1610286586
-0.1610286586
-0.1954572096
-0.1954572096
-0.1954572096
-0.1954572096
-0.1954572096
-0.1092941101
-0.1092941101
-0.1092941101
-0.1092941101
-0.1092941101
-0.1092941101
-0.1010641613
-0.2270724114
-0.1898157383
-0.109163465
-0.109163465
-0.109163465
-0.109163465
-0.109163465
-0.1116328555
-0.3442696058
-0.3422850662
-0.3422850662
-0.3422850662
-0.3422850662
-0.277094692
-0.277094692
-0.277094692
-0.2295714259
-0.2295714259
-0.2344022018
-0.2344022018
-0.2344022018
-0.2344022018
-0.2344022018
-0.2344022018
-0.2344022018
-0.2344022018
-0.2344022018
-0.2344022018
-0.2344022018
-0.2344022018
-0.2344022018
-0.2344022018
-0.2344022018
-0.170461211
-0.170461211
-0.1349616711
-0.1349616711
-0.1349616711
-0.1349616711
-0.1349616711
-0.2458027743
-0.2458027743
-0.2458027743
-0.2458027743
-0.2458027743
-0.2791165452
-0.2791165452
-0.2791165452
-0.2791165452
-0.2534915069
-0.2534915069
-0.2534915069
-0.2534915069
-0.2534915069
-0.1151586794
-0.09270686443
-0.09270686443
-0.09270686443
-0.09270686443
-0.09270686443
-0.09270686443
-0.09270686443
-0.1828269044
-0.1828269044
-0.1828269044
-0.1828269044
-0.1828269044
-0.1526129184
-0.1526129184
-0.1526129184
-0.1526129184
-0.1770578825
-0.1770578825
-0.1770578825
-0.1710950538
-0.1710950538
-0.1710950538
-0.09490233672
-0.09490233672
-0.1972718264
-0.1972718264
-0.2179214006
-0.2179214006
-0.3046601969
-0.3046601969
-0.1351365205
-0.1351365205
-0.1351365205
-0.221469062
-0.221469062
-0.221469062
-0.221469062
-0.221469062
-0.221469062
-0.221469062
-0.221469062
-0.221469062
-0.221469062
-0.221469062
-0.1328725484
-0.1328725484
-0.1328725484
-0.1328725484
-0.1328725484
-0.1328725484
-0.1328725484
-0.1328725484
-0.1328725484
-0.09981642623
-0.09981642623
-0.09981642623
-0.09981642623
-0.09981642623
-0.09981642623
-0.09981642623
-0.09981642623
-0.09981642623
-0.1828292233
-0.1828292233
-0.1828292233
-0.1828292233
-0.1828292233
-0.1828292233
-0.1733852627
-0.1733852627
-0.1733852627
-0.1266984218
-0.1266984218
-0.1266984218
-0.1750302004
-0.1750302004
-0.1750302004
-0.1750302004
-0.1836547234
-0.1769044663
-0.1769044663
-0.1769044663
-0.1769044663
-0.1407184473
-0.1407184473
-0.1407184473
-0.1407184473
-0.1407184473
-0.1407184473
-0.1407184473
-0.1407184473
-0.1407184473
-0.1407184473
-0.2300986023
-0.2300986023
-0.2300986023
-0.2633539535
-0.2633539535
-0.2633539535
-0.2633539535
-0.2633539535
-0.2633539535
-0.2633539535
-0.2633539535
-0.2633539535
-0.2633539535
-0.2633539535
-0.2633539535
-0.1924732315
-0.1924732315
-0.2247915557
-0.2247915557
-0.2247915557
-0.2247915557
-0.2247915557
-0.2149603761
-0.2149603761
-0.2149603761
-0.2642734476
-0.2642734476
-0.2642734476
-0.2642734476
-0.2642734476
-0.2642734476
-0.3140814924
-0.3140814924
-0.3140814924
-0.3140814924
-0.3140814924
-0.3140814924
-0.3140814924
-0.3140814924
-0.1301662492
-0.2663408827
-0.1568958888
-0.1568958888
-0.1314606049
-0.2080030473
-0.2080030473
-0.2080030473
-0.2080030473
-0.192132726
-0.192132726
-0.192132726
-0.192132726
-0.192132726
-0.192132726
-0.1291264575
-0.1363631929
-0.1686199162
-0.1686199162
-0.1686199162
-0.1686199162
-0.1686199162
-0.1686199162
-0.1261125833
-0.1261125833
-0.1506636113
-0.1506636113
-0.1506636113
-0.1506636113
-0.1506636113
-0.1506636113
-0.1506636113
-0.1631655661
-0.1467227174
-0.1211030908
-0.2123819389
-0.1756922552
-0.1756922552
-0.1756922552
-0.1756922552
-0.1756922552
-0.1756922552
-0.1756922552
-0.1756922552
-0.1756922552
-0.1756922552
-0.1756922552
-0.1756922552
-0.1756922552
-0.1756922552
-0.1756922552
-0.1756922552
-0.1756922552
-0.1756922552
-0.131005211
-0.131005211
-0.131005211
-0.131005211
-0.2000449802
-0.2000449802
-0.2000449802
-0.269729638
-0.2573402318
-0.2307902599
-0.2276203951
-0.1948358419
-0.1948358419
-0.1948358419
-0.1948358419
-0.1948358419
-0.124240856
-0.124240856
-0.1850200084
-0.2656111467
-0.2656111467
-0.2656111467
-0.2656111467
-0.3096531588
-0.1594119683
-0.1594119683
-0.1360298998
-0.1360298998
-0.1360298998
-0.1360298998
-0.1360298998
-0.1360298998
-0.1360298998
-0.2215466356
-0.1539996097
-0.1539996097
-0.1539996097
-0.1539996097
-0.1539996097
-0.1539996097
-0.1539996097
-0.1855497207
-0.1855497207
-0.1855497207
-0.1855497207
-0.1855497207
-0.1855497207
-0.1855497207
-0.1855497207
-0.1312905651
-0.1312905651
-0.1312905651
-0.1312905651
-0.1312905651
-0.1312905651
-0.1312905651
-0.1312905651
-0.1312905651
-0.1312905651
-0.1312905651
-0.1312905651
-0.1312905651
-0.1312905651
-0.1312905651
-0.1276447289
-0.1276447289
-0.1276447289
-0.1276447289
-0.1276447289
-0.1276447289
-0.1276447289
-0.1276447289
-0.1276447289
-0.2023216562
-0.2023216562
-0.2023216562
-0.2023216562
-0.2023216562
-0.2023216562
-0.2023216562
-0.2023216562
-0.1357303043
-0.1357303043
-0.1357303043
-0.3010943949
-0.1891250221
-0.1891250221
-0.1891250221
-0.1891250221
-0.1891250221
-0.1891250221
-0.1891250221
-0.1891250221
-0.1891250221
-0.2575189743
-0.1679899242
-0.1679899242
-0.07622561523
-0.07622561523
-0.1524391146
-0.1524391146
-0.1524391146
-0.1524391146
-0.1524391146
-0.1524391146
-0.1524391146
-0.1524391146
-0.1524391146
-0.1524391146
-0.1133310199
-0.1133310199
-0.1946033099
-0.1946033099
-0.1946033099
-0.1946033099
-0.1631902786
-0.1631902786
-0.1631902786
-0.1631902786
-0.1027269452
-0.1027269452
-0.1027269452
-0.1027269452
-0.1027269452
-0.1027269452
-0.1027269452
-0.1027269452
-0.2573415867
-0.2573415867
-0.2573415867
-0.1418274239
-0.1418274239
-0.1418274239
-0.1418274239
-0.1418274239
-0.1418274239
-0.1418274239
-0.1418274239
-0.1418274239
-0.1418274239
-0.1418274239
-0.1418274239
-0.1418274239
-0.1418274239
-0.1418274239
-0.1524391146
-0.1574027257
-0.1574027257
-0.1574027257
-0.1574027257
-0.1574027257
-0.1574027257
-0.16120401
-0.16120401
-0.16120401
-0.16120401
-0.16120401
-0.16120401
-0.16120401
-0.16120401
-0.16120401
-0.16120401
-0.16120401
-0.16120401
-0.16120401
-0.16120401
-0.16120401
-0.16120401
-0.16120401
-0.16120401
-0.16120401
-0.2184590389
-0.2184590389
-0.2833245345
-0.2516549123
-0.2516549123
-0.2516549123
-0.2516549123
-0.2516549123
-0.2516549123
-0.2516549123
-0.2516549123
-0.2516549123
-0.1617451072
-0.1617451072
-0.1617451072
-0.1617451072
-0.1617451072
-0.1617451072
-0.1343145705
-0.1343145705
-0.1343145705
-0.1343145705
-0.1343145705
-0.1343145705
-0.1343145705
-0.1270215757
-0.1270215757
-0.1270215757
-0.1270215757
-0.0965020615
-0.1914706644
-0.1914706644
-0.1914706644
-0.1914706644
-0.1914706644
-0.2182893356
-0.2182893356
-0.2397474997
-0.2397474997
-0.2397474997
-0.2397474997
-0.2397474997
-0.251665719
-0.251665719
-0.1931416276
-0.1931416276
-0.07420992299
-0.07420992299
-0.07420992299
-0.1582901261
-0.1582901261
-0.1582901261
-0.1582901261
-0.1582901261
-0.1582901261
-0.1582901261
-0.2924141922
-0.2924141922
-0.2924141922
-0.2924141922
-0.2924141922
-0.165424652
-0.165424652
-0.165424652
-0.165424652
-0.165424652
-0.165424652
-0.165424652
-0.165424652
-0.165424652
-0.2170915437
-0.2170915437
-0.2170915437
-0.05456313711
-0.05456313711
-0.1308323785
-0.1308323785
-0.1308323785
-0.1308323785
-0.1308323785
-0.1308323785
-0.1308323785
-0.1308323785
-0.1308323785
-0.1308323785
-0.1308323785
-0.1308323785
-0.1308323785
-0.1308323785
-0.1260978258
-0.1260978258
-0.1260978258
-0.1260978258
-0.1260978258
-0.1260978258
-0.1260978258
-0.1260978258
-0.1260978258
-0.1260978258
-0.1260978258
-0.1692746234
-0.1692746234
-0.1692746234
-0.1692746234
-0.1692746234
-0.1692746234
-0.1692746234
-0.1692746234
-0.1692746234
-0.2177125062
-0.2177125062
-0.2177125062
-0.2177125062
-0.2177125062
-0.2177125062
-0.1488705303
-0.1488705303
-0.1488705303
-0.1488705303
-0.1488705303
-0.1488705303
-0.1488705303
-0.1488705303
-0.1488705303
-0.1488705303
-0.1488705303
-0.1488705303
-0.1488705303
-0.2081594328
-0.180040393
-0.180040393
-0.180040393
-0.180040393
-0.180040393
-0.18875001
-0.18875001
-0.18875001
-0.2323702934
-0.2323702934
-0.2323702934
-0.2323702934
-0.1477337269
-0.1477337269
-0.3809356619
-0.3809356619
-0.3809356619
-0.3809356619
-0.3809356619
-0.1143652029
-0.1143652029
-0.2375389958
-0.2375389958
-0.2375389958
-0.3305303935
-0.2672938205
-0.2672938205
-0.2672938205
-0.2672938205
-0.0868922238
-0.0868922238
-0.0868922238
-0.0868922238
-0.0868922238
-0.0868922238
-0.0868922238
-0.0868922238
-0.0868922238
-0.1408219617
-0.1408219617
-0.1408219617
-0.1408219617
-0.1408219617
-0.228772945
-0.228772945
-0.228772945
-0.3507011087
-0.2359377384
-0.2359377384
-0.2359377384
-0.2359377384
-0.2942430833
-0.2942430833
-0.1657115801
-0.1657115801
-0.1657115801
-0.09025546543
-0.09025546543
-0.09025546543
-0.09025546543
-0.2097378692
-0.2097378692
-0.2097378692
-0.2097378692
-0.2097378692
-0.2097378692
-0.2097378692
-0.2097378692
-0.2097378692
-0.2097378692
-0.2097378692
-0.1437028282
-0.1437028282
-0.1437028282
-0.1437028282
-0.2292772937
-0.2292772937
-0.2292772937
-0.2292772937
-0.2292772937
-0.4030585722
-0.230875627
-0.1276515742
-0.1276515742
-0.1276515742
-0.1276515742
-0.1276515742
-0.1276515742
-0.1276515742
-0.1276515742
-0.1276515742
-0.1276515742
-0.1276515742
-0.1276515742
-0.1276515742
-0.225594361
-0.2175254835
-0.2175254835
-0.1229598094
-0.1503166852
-0.1503166852
-0.1535479731
-0.1535479731
-0.1535479731
-0.1535479731
-0.1535479731
-0.1535479731
-0.1535479731
-0.1535479731
-0.1801415449
-0.1801415449
-0.1801415449
-0.1801415449
-0.1801415449
-0.1801415449
-0.1801415449
-0.1801415449
-0.1801415449
-0.1801415449
-0.2509443502
-0.2509443502
-0.2509443502
-0.280303621
-0.280303621
-0.280303621
-0.280303621
-0.2882655597
-0.2829603158
-0.2829603158
-0.2829603158
-0.2829603158
-0.2829603158
-0.2829603158
-0.2829603158
-0.2829603158
-0.2829603158
-0.2829603158
-0.2829603158
-0.2083244183
-0.2083244183
-0.2083244183
-0.2083244183
-0.2083244183
-0.2083244183
-0.1804375328
-0.3123872018
-0.1697718465
-0.3147178251
-0.2465628425
-0.1852764431
-0.1852764431
-0.1852764431
-0.1852764431
-0.1852764431
-0.172747037
-0.172747037
-0.172747037
-0.172747037
-0.172747037
-0.172747037
-0.172747037
-0.172747037
-0.172747037
-0.172747037
-0.172747037
-0.172747037
-0.172747037
-0.172747037
-0.172747037
-0.172747037
-0.172747037
-0.172747037
-0.103668261
-0.214980578
-0.214980578
-0.214980578
-0.214980578
-0.214980578
-0.214980578
-0.214980578
-0.1863456715
-0.2692994209
-0.1584712897
-0.1584712897
-0.1584712897
-0.1584712897
-0.2083238743
-0.2083238743
-0.2083238743
-0.2083238743
-0.2083238743
-0.2083238743
-0.2083238743
-0.2083238743
-0.2083238743
-0.2083238743
-0.2055863981
-0.2055863981
-0.2055863981
-0.2055863981
-0.2055863981
-0.2055863981
-0.2055863981
-0.2055863981
-0.2055863981
-0.1062094295
-0.1575104597
-0.1575104597
-0.1575104597
-0.1575104597
-0.1575104597
-0.1575104597
-0.1575104597
-0.1575104597
-0.378764345
-0.3639661625
-0.3089938877
-0.3459135016
-0.2348833206
-0.2348833206
-0.2348833206
-0.2348833206
-0.2912519066
-0.2912519066
-0.2912519066
-0.2912519066
-0.2912519066
-0.2912519066
-0.3221957552
-0.248789103
-0.248789103
-0.248789103
-0.248789103
-0.2872390228
-0.2872390228
-0.2872390228
-0.2872390228
-0.2872390228
-0.2872390228
-0.2367010966
-0.2367010966
-0.2367010966
-0.2367010966
-0.1649762895
-0.1649762895
-0.1649762895
-0.242737771
-0.242737771
-0.242737771
-0.242737771
-0.242737771
-0.242737771
-0.242737771
-0.242737771
-0.242737771
-0.242737771
-0.242737771
-0.242737771
-0.242737771
-0.242737771
-0.242737771
-0.242737771
-0.242737771
-0.242737771
-0.242737771
-0.1336585397
-0.2843997106
-0.1765300562
-0.1765300562
-0.2189812992
-0.2189812992
-0.212821887
-0.212821887
-0.212821887
-0.2380928702
-0.263382434
-0.263382434
-0.263382434
-0.263382434
-0.263382434
-0.1162826856
-0.1162826856
-0.2264613405
-0.2264613405
-0.2264613405
-0.2264613405
-0.2264613405
-0.2264613405
-0.2264613405
-0.2264613405
-0.2264613405
-0.2264613405
-0.2264613405
-0.2757597919
-0.2757597919
-0.2757597919
-0.2281965512
-0.2281965512
-0.2281965512
-0.1297673035
-0.1297673035
-0.1297673035
-0.1297673035
-0.1297673035
-0.1297673035
-0.3367270587
-0.3367270587
-0.3367270587
-0.3367270587
-0.3367270587
-0.3367270587
-0.104417909
-0.104417909
-0.104417909
-0.104417909
-0.2444271819
-0.2444271819
-0.2444271819
-0.2444271819
-0.2444271819
-0.2444271819
-0.2444271819
-0.2417001569
-0.2417001569
-0.2417001569
-0.145034079
-0.145034079
-0.145034079
-0.145034079
-0.145034079
-0.145034079
-0.2323781902
-0.2323781902
-0.2323781902
-0.2323781902
-0.2323781902
-0.2323781902
-0.2323781902
-0.2323781902
-0.2323781902
-0.2323781902
-0.2323781902
-0.1225693064
-0.1225693064
-0.2785224341
-0.2785224341
-0.2785224341
-0.2012440555
-0.2012440555
-0.1064753134
-0.1064753134
-0.1064753134
-0.1064753134
-0.1064753134
-0.1064753134
-0.1064753134
-0.1064753134
-0.1064753134
-0.1064753134
-0.1064753134
-0.1911058663
-0.1911058663
-0.1911058663
-0.2030528468
-0.2030528468
-0.2030528468
-0.2030528468
-0.2030528468
-0.2030528468
-0.2030528468
-0.2030528468
-0.2030528468
-0.2030528468
-0.1811639735
-0.1811639735
-0.1811639735
-0.1811639735
-0.1811639735
-0.1811639735
-0.3811553111
-0.1435729919
-0.1435729919
-0.2660985198
-0.2176939444
-0.2176939444
-0.1615595544
-0.1615595544
-0.1615595544
-0.1615595544
-0.1615595544
-0.1615595544
-0.1772834779
-0.1772834779
-0.1772834779
-0.3144954845
-0.3144954845
-0.3144954845
-0.3345921642
-0.3345921642
-0.3345921642
-0.3345921642
-0.2826161873
-0.2826161873
-0.2826161873
-0.2826161873
-0.2826161873
-0.1089288804
-0.1089288804
-0.1333159594
-0.1333159594
-0.1333159594
-0.1728795272
-0.1193268514
-0.1193268514
-0.1193268514
-0.1814623231
-0.1814623231
-0.1814623231
-0.1814623231
-0.1814623231
-0.1806341372
-0.1806341372
-0.1806341372
-0.1806341372
-0.1806341372
-0.1806341372
-0.1806341372
-0.1806341372
-0.1806341372
-0.1806341372
-0.1491721604
-0.1491721604
-0.1491721604
-0.1491721604
-0.08456906776
-0.08456906776
-0.19956173
-0.19956173
-0.19956173
-0.19956173
-0.19956173
-0.19956173
-0.19956173
-0.2765478284
-0.2765478284
-0.2765478284
-0.2765478284
-0.2765478284
-0.1811542617
-0.1567127129
-0.1567127129
-0.2058798939
-0.2058798939
-0.2058798939
-0.2058798939
-0.1223752497
-0.2221222108
-0.2221222108
-0.2221222108
-0.2221222108
-0.1789613177
-0.1789613177
-0.1789613177
-0.1789613177
-0.1789613177
-0.08916332867
-0.08916332867
-0.08916332867
-0.128831084
-0.1731793084
-0.1731793084
-0.1731793084
-0.1731793084
-0.1731793084
-0.1623725637
-0.1623725637
-0.1623725637
-0.1623725637
-0.1623725637
-0.1623725637
-0.3287807747
-0.3287807747
-0.3287807747
-0.1461687007
-0.1461687007
-0.1461687007
-0.1461687007
-0.1412011473
-0.1412011473
-0.1412011473
-0.1412011473
-0.1412011473
-0.1412011473
-0.1412011473
-0.1412011473
-0.1243279737
-0.1243279737
-0.1243279737
-0.1243279737
-0.1243279737
-0.1386490011
-0.1386490011
-0.150356712
-0.1568256737
-0.1568256737
-0.1568256737
-0.1386670714
-0.1386670714
-0.1386670714
-0.1386670714
-0.1386670714
-0.1386670714
-0.1386670714
-0.1386670714
-0.1386670714
-0.1386670714
-0.1386670714
-0.1212409559
-0.1212409559
-0.1212409559
-0.1212409559
-0.1212409559
-0.1212409559
-0.1212409559
-0.1212409559
-0.1781293357
-0.2349319384
-0.2349319384
-0.2349319384
-0.2096573418
-0.2096573418
-0.2096573418
-0.2096573418
-0.2096573418
-0.2096573418
-0.1182444424
-0.1182444424
-0.1182444424
-0.1182444424
-0.1182444424
-0.1182444424
-0.1182444424
-0.1182444424
-0.1182444424
-0.1182444424
-0.2270541946
-0.1268021372
-0.3757981025
-0.3117570803
-0.3117570803
-0.3630931327
-0.3630931327
-0.3630931327
-0.199567387
-0.199567387
-0.1684995979
-0.06799462173
-0.06799462173
-0.06799462173
-0.06799462173
-0.06799462173
-0.06799462173
-0.06799462173
-0.06799462173
-0.06799462173
-0.1344080129
-0.1344080129
-0.1419214891
-0.1419214891
-0.1419214891
-0.1322681289
-0.1322681289
-0.1322681289
-0.06907136986
-0.06907136986
-0.06907136986
-0.06907136986
-0.06907136986
-0.06907136986
-0.06907136986
-0.06907136986
-0.06907136986
-0.06907136986
-0.31071779
-0.2422440187
-0.2422440187
-0.2422440187
-0.2422440187
-0.2493769988
-0.2493769988
-0.2493769988
-0.2493769988
-0.2493769988
-0.2493769988
-0.2493769988
-0.2685379756
-0.3029945399
-0.1995914475
-0.1995914475
-0.1995914475
-0.1995914475
-0.2973102483
-0.1640861091
-0.1640861091
-0.1640861091
-0.1640861091
-0.1640861091
-0.1640861091
-0.1640861091
-0.1640861091
-0.1640861091
-0.1640861091
-0.1640861091
-0.1640861091
-0.1640861091
-0.1640861091
-0.2276991315
-0.2276991315
-0.2276991315
-0.2276991315
-0.2276991315
-0.2276991315
-0.2276991315
-0.2276991315
-0.2261242859
-0.2261242859
-0.2261242859
-0.2261242859
-0.2261242859
-0.2261242859
-0.2261242859
-0.1694347919
-0.1694347919
-0.1069502927
-0.1069502927
-0.1069502927
-0.1069502927
-0.2311886002
-0.2311886002
-0.2311886002
-0.2311886002
-0.1209626367
-0.1209626367
-0.1209626367
-0.2836481135
-0.2925367158
-0.2925367158
-0.2925367158
-0.2925367158
-0.2925367158
-0.2925367158
-0.2925367158
-0.2925367158
-0.2925367158
-0.2925367158
-0.2925367158
-0.2925367158
-0.2925367158
-0.2925367158
-0.2925367158
-0.2925367158
-0.2925367158
-0.2925367158
-0.20737995
-0.20737995
-0.20737995
-0.20737995
-0.20737995
-0.20737995
-0.20737995
-0.20737995
-0.20737995
-0.20737995
-0.20737995
-0.20737995
-0.20737995
-0.20737995
-0.2119713466
-0.2119713466
-0.2119713466
-0.2119713466
-0.1900896387
-0.1900896387
-0.1900896387
-0.1900896387
-0.1639687679
-0.1639687679
-0.1639687679
-0.1639687679
-0.1639687679
-0.1639687679
-0.1849499956
-0.1849499956
-0.1849499956
-0.2012235017
-0.2012235017
-0.2300348968
-0.2300348968
-0.2300348968
-0.2300348968
-0.2300348968
-0.1243208118
-0.1243208118
-0.1243208118
-0.1243208118
-0.1804441114
-0.1804441114
-0.1804441114
-0.1804441114
-0.1630055454
-0.1630055454
-0.1695815629
-0.2181074741
-0.2181074741
-0.2181074741
-0.2575259474
-0.2575259474
-0.2575259474
-0.2575259474
-0.2575259474
-0.05587500305
-0.1498908294
-0.1498908294
-0.1498908294
-0.1498908294
-0.1498908294
-0.1498908294
-0.1498908294
-0.1498908294
-0.2227359789
-0.2227359789
-0.2227359789
-0.1340997195
-0.1340997195
-0.1340997195
-0.1340997195
-0.1340997195
-0.1340997195
-0.1340997195
-0.2381373884
-0.0941429317
-0.1372274697
-0.1372274697
-0.1372274697
-0.1372274697
-0.1372274697
-0.2139966764
-0.3135017587
-0.3135017587
-0.1940781508
-0.1940781508
-0.1940781508
-0.1940781508
-0.1940781508
-0.1940781508
-0.1940781508
-0.1940781508
