0
0
0
0
0
0
0
0
0.03302393584
0.03302393584
0.03302393584
0.03302393584
0.03302393584
0.03302393584
0.03302393584
0.03302393584
0.03302393584
-0.05180822923
0.03754469712
0.03754469712
0.03754469712
0.03754469712
0.03754469712
0.03754469712
0.03754469712
0.03754469712
0.03754469712
0.03754469712
0.03754469712
-0.0978818077
-0.0978818077
-0.05912856531
-0.05912856531
-0.05912856531
-0.152787762
-0.152787762
-0.1640269984
-0.1640269984
-0.1986632724
-0.1986632724
-0.1986632724
-0.1986632724
-0.1986632724
-0.1986632724
-0.1986632724
-0.1986632724
-0.1986632724
-0.1986632724
-0.1986632724
-0.1986632724
-0.1986632724
-0.1986632724
-0.1986632724
-0.1986632724
-0.1986632724
-0.1986632724
-0.1986632724
-0.1986632724
-0.1986632724
-0.1986632724
-0.1986632724
-0.1986632724
-0.1986632724
-0.1986632724
-0.1986632724
-0.1986632724
-0.2831484461
-0.1054361214
-0.1054361214
-0.1054361214
-0.1054361214
-0.1054361214
-0.1054361214
-0.1608209987
-0.1608209987
-0.1608209987
-0.1948613822
-0.1948613822
-0.1948613822
-0.1948613822
-0.1948613822
-0.1948613822
-0.1948613822
-0.1948613822
-0.1948613822
-0.1948613822
-0.2238087888
-0.2238087888
-0.2238087888
-0.1810173326
-0.3131506145
-0.3131506145
-0.3131506145
-0.3131506145
-0.3131506145
-0.3131506145
-0.4149679069
-0.4149679069
-0.4499073768
-0.4499073768
-0.4499073768
-0.4499073768
-0.4499073768
-0.3131506145
-0.4499073768
-0.4499073768
-0.4499073768
-0.4499073768
-0.4867825407
-0.5422847049
-0.5072058199
-0.5072058199
-0.5072058199
-0.4508414337
-0.4508414337
-0.4508414337
-0.4508414337
-0.4508414337
-0.4508414337
-0.434352888
-0.434352888
-0.434352888
-0.434352888
-0.434352888
-0.434352888
-0.434352888
-0.3899642684
-0.3899642684
-0.3899642684
-0.3899642684
-0.3899642684
-0.3899642684
-0.3899642684
-0.3899642684
-0.3899642684
-0.3899642684
-0.4580341922
-0.5484936519
-0.5484936519
-0.5484936519
-0.5484936519
-0.5484936519
-0.5484936519
-0.5484936519
-0.5484936519
-0.5484936519
-0.5484936519
-0.5484936519
-0.3800084303
-0.3800084303
-0.3800084303
-0.3800084303
-0.3800084303
-0.3800084303
-0.3800084303
-0.3800084303
-0.3800084303
-0.3191437088
-0.3191437088
-0.3191437088
-0.2865450231
-0.2865450231
-0.03488282799
-0.06439213361
-0.06439213361
-0.03789646977
-0.03789646977
-0.03789646977
-0.03789646977
-0.03789646977
-0.0276455529
-0.0276455529
-0.0276455529
-0.0276455529
-0.0276455529
-0.0276455529
-0.0276455529
-0.0276455529
-0.0276455529
0.005680111469
-0.01439650387
-0.01439650387
-0.01439650387
-0.01439650387
-0.01439650387
-0.01439650387
-0.01439650387
-0.01439650387
-0.01439650387
-0.01439650387
-0.01439650387
-0.01439650387
-0.01439650387
-0.04168556588
-0.04168556588
-0.04168556588
-0.04168556588
-0.04168556588
-0.04168556588
-0.04168556588
0.008866838803
-0.01632461975
0.04547092955
0.05763202985
0.05763202985
-0.03789646977
0.05763202985
0.05763202985
0.05763202985
0.05763202985
0.05763202985
0.05763202985
0.05763202985
0.05763202985
0.1922710267
0.1922710267
0.1922710267
0.1922710267
0.1922710267
0.1922710267
0.1110579986
0.1110579986
0.1110579986
0.1110579986
0.1110579986
0.1110579986
0.1110579986
0.1110579986
-0.1285800101
-0.1285800101
-0.04685082301
-0.04685082301
-0.04685082301
-0.04685082301
-0.04685082301
-0.04685082301
-0.04685082301
0.09360085005
0.09360085005
0.03021639102
0.03021639102
0.03021639102
0.03021639102
0.03021639102
0.03021639102
0.07515390305
0.07515390305
0.07515390305
0.04717268071
0.1110248222
0.01989027898
0.01989027898
0.01989027898
0.01989027898
0.01989027898
0.0490516188
0.03021639102
0.0490516188
0.0490516188
0.0490516188
0.0490516188
0.0490516188
0.0490516188
0.1193161052
0.1136099858
0.1136099858
0.1136099858
0.1136099858
0.1136099858
0.08468373647
0.08468373647
0.08468373647
0.08468373647
0.08468373647
0.08468373647
0.08468373647
0.08468373647
0.08468373647
0.08468373647
0.08468373647
0.08468373647
0.03645410288
0.03645410288
0.03645410288
0.03645410288
-0.01606128119
-0.01606128119
-0.01606128119
-0.01606128119
-0.01606128119
-0.01606128119
-0.01606128119
-0.1699079407
-0.1699079407
-0.1699079407
-0.1699079407
-0.1699079407
-0.1699079407
-0.1699079407
-0.09881786923
-0.09881786923
-0.09881786923
-0.09881786923
-0.09881786923
-0.06482640689
-0.06482640689
0.008092067464
0.0001046402487
0.0001046402487
-0.01017098759
-0.01017098759
-0.02486628238
-0.02486628238
-0.02486628238
-0.02486628238
0.007041968043
0.007041968043
0.007041968043
0.007041968043
0.007041968043
0.007041968043
0.007041968043
0.09729447342
0.09729447342
0.09729447342
0.09729447342
0.2194937053
0.2194937053
0.2194937053
0.2194937053
0.2194937053
0.2315075325
0.2545085657
0.3079582981
0.3079582981
0.3079582981
0.4710781624
0.4710781624
0.4710781624
0.4710781624
0.4710781624
0.4710781624
0.53091142
0.5757004731
0.5757004731
0.5757004731
0.5757004731
0.5757004731
0.5757004731
0.2646193699
0.2646193699
0.2646193699
0.2646193699
0.2646193699
0.2646193699
0.2646193699
0.2646193699
0.2646193699
0.2646193699
0.2646193699
0.2646193699
0.2646193699
0.4010965346
0.4010965346
0.3737669329
0.1915414828
0.1915414828
0.2018046393
0.2018046393
0.1289124742
0.2820378111
0.2820378111
0.2820378111
0.2820378111
0.2820378111
0.2820378111
0.2820378111
0.2820378111
0.2820378111
0.2820378111
0.2820378111
0.2233039075
0.2233039075
0.2233039075
0.1839801885
0.1839801885
0.1839801885
0.1803024343
0.1803024343
0.1803024343
0.1803024343
0.1803024343
0.1803024343
0.1803024343
0.1803024343
0.1803024343
0.1803024343
0.1803024343
0.1803024343
0.1803024343
0.1803024343
0.1803024343
0.1803024343
0.1945299037
0.1945299037
0.1945299037
0.1945299037
0.1945299037
0.239683089
0.239683089
0.239683089
0.239683089
0.239683089
0.239683089
0.239683089
0.239683089
0.239683089
0.239683089
0.239683089
0.239683089
0.239683089
0.3011991776
0.3011991776
0.2775273739
0.2775273739
0.2775273739
0.2775273739
0.2775273739
0.2775273739
0.2775273739
0.2775273739
0.07816698916
0.07816698916
0.1908599405
0.1908599405
0.1908599405
0.1908599405
0.1908599405
0.1908599405
0.1908599405
0.1908599405
0.1908599405
0.1908599405
0.1908599405
0.1421649443
0.1663700368
0.1663700368
0.1663700368
0.02971258839
0.02971258839
0.02971258839
0.04233091079
0.04233091079
0.04233091079
0.04233091079
0.04233091079
0.04233091079
0.04951983124
0.04951983124
0.04951983124
0.04951983124
0.04951983124
-0.008485874755
0.1476324736
0.1476324736
0.05772640689
0.05772640689
0.05772640689
0.05772640689
0.05772640689
0.1792256692
0.1792256692
0.1917912521
0.1917912521
0.1917912521
0.1917912521
-0.02738270795
-0.02738270795
-0.02738270795
-0.02738270795
0.02019262707
0.02019262707
0.02019262707
0.02019262707
0.02019262707
0.02019262707
0.02019262707
0.02019262707
0.02019262707
0.02019262707
0.01501865184
0.01501865184
0.01501865184
0.06099024945
0.06099024945
0.06099024945
0.06099024945
0.06099024945
0.06099024945
0.06099024945
0.05030882845
0.05030882845
0.03823585585
0.03823585585
0.03823585585
0.0111197914
0.0111197914
-0.01867567399
-0.01867567399
-0.01867567399
0.02774500122
0.02774500122
0.02774500122
0.04517465767
-0.1322879507
-0.1322879507
-0.1622000314
-0.1622000314
-0.1622000314
-0.1622000314
-0.1622000314
-0.1622000314
-0.1622000314
-0.1622000314
-0.1622000314
-0.2129990576
-0.2129990576
-0.2129990576
-0.2129990576
-0.2129990576
-0.2646811183
-0.2646811183
-0.2646811183
-0.2646811183
-0.2646811183
-0.1156929068
-0.1156929068
-0.1156929068
-0.1156929068
-0.1156929068
-0.1156929068
-0.09236506271
-0.07778362474
-0.07778362474
-0.1203598972
-0.1203598972
-0.1203598972
-0.1203598972
-0.1203598972
-0.1203598972
-0.002500807247
-0.002500807247
-0.002500807247
-0.002500807247
-0.03383266373
0.02124490987
0.06516690792
0.06516690792
0.07325803515
0.07325803515
0.143768032
0.143768032
0.143768032
0.143768032
0.1804162919
0.1885436341
0.1885436341
0.1885436341
0.1006304497
0.08781461431
-0.02223151842
-0.02223151842
0.02453544634
0.02453544634
0.02453544634
-0.04145346812
-0.04145346812
-0.1088333431
-0.09403003448
-0.09403003448
-0.02784311783
-0.02784311783
-0.02784311783
-0.02784311783
0.2289600435
0.2289600435
0.2289600435
0.2289600435
0.1125079053
0.1125079053
0.1125079053
0.1125079053
0.1125079053
0.1125079053
0.1125079053
0.1125079053
0.1125079053
0.05592236573
0.05592236573
-0.07492794014
-0.01591754561
0.1041147131
0.1041147131
0.0279085544
0.0279085544
0.0279085544
0.0279085544
0.02579335963
0.02579335963
0.02579335963
0.02579335963
0.02579335963
0.02579335963
0.02579335963
0.02579335963
0.02579335963
0.2231101431
0.3100542772
0.3100542772
0.3100542772
0.3100542772
0.09466099916
0.09466099916
0.09466099916
0.09466099916
0.09572432169
0.09572432169
0.09572432169
-0.0595927768
-0.01172175299
-0.01172175299
-0.1691112762
-0.1691112762
-0.1691112762
-0.1830772808
-0.1792716056
-0.1792716056
-0.2509319475
-0.4572976391
-0.442082078
-0.442082078
-0.442082078
-0.442082078
-0.442082078
-0.442082078
-0.442082078
-0.442082078
-0.442082078
-0.442082078
-0.442082078
-0.4164729861
-0.5297073859
-0.5297073859
-0.5297073859
-0.5297073859
-0.5297073859
-0.5297073859
-0.5297073859
-0.5297073859
-0.5297073859
-0.5297073859
-0.5297073859
-0.5297073859
-0.5209720159
-0.5209720159
-0.5209720159
-0.5209720159
-0.6387780195
-0.6387780195
-0.6387780195
-0.606676438
-0.606676438
-0.7280999118
-0.7280999118
-0.7280999118
-0.5778284872
-0.5805967722
-0.5316261507
-0.5316261507
-0.5043268453
-0.4800761939
-0.4800761939
-0.4800761939
-0.4800761939
-0.4800761939
-0.4800761939
-0.4800761939
-0.4800761939
-0.3026858451
-0.4273486791
-0.4273486791
-0.4273486791
-0.4273486791
-0.3486224389
-0.3486224389
-0.2601465584
-0.2601465584
-0.2601465584
-0.2601465584
-0.2601465584
-0.2601465584
-0.2601465584
-0.2601465584
-0.2601465584
-0.152530646
-0.152530646
-0.07447769343
-0.07447769343
-0.07447769343
-0.07447769343
-0.07447769343
-0.07447769343
-0.07447769343
-0.07447769343
-0.07447769343
0.009992800646
0.1312472248
0.1312472248
0.1312472248
0.1312472248
0.1312472248
0.1312472248
0.1312472248
0.1312472248
0.1997796307
0.1997796307
0.1997796307
0.1997796307
0.1997796307
0.1997796307
0.1997796307
0.05585791089
0.05585791089
0.05585791089
0.05585791089
0.01413644273
0.01413644273
0.01413644273
0.01413644273
-0.04973838445
-0.04973838445
-0.04973838445
-0.04973838445
-0.04973838445
-0.04973838445
-0.04973838445
-0.04973838445
-0.04973838445
-0.04973838445
-0.04973838445
-0.04973838445
-0.04973838445
-0.130712327
-0.130712327
-0.130712327
-0.130712327
-0.130712327
-0.130712327
-0.1126778139
-0.1126778139
-0.1126778139
-0.1126778139
-0.1126778139
-0.1126778139
-0.1126778139
-0.1299700707
-0.1299700707
-0.1299700707
-0.1299700707
0.00763240766
0.00763240766
0.00763240766
-0.1403329568
-0.111981787
-0.111981787
-0.111981787
-0.111981787
-0.05398051
-0.05398051
-0.001002985233
-0.001002985233
-0.001002985233
-0.001002985233
-0.1350894736
-0.1350894736
-0.1350894736
-0.1598305832
-0.1598305832
-0.1598305832
-0.1598305832
-0.1598305832
-0.1598305832
-0.1630480477
-0.1630480477
-0.2130352238
-0.2130352238
-0.2130352238
-0.2130352238
-0.2130352238
-0.2130352238
-0.2130352238
-0.06116329893
-0.06116329893
-0.06116329893
-0.06116329893
0.01723489216
-0.01443373665
-0.1299700707
-0.01443373665
-0.01443373665
-0.01443373665
-0.01443373665
-0.01443373665
-0.01443373665
-0.01443373665
-0.01960017134
-0.114298301
-0.0007119027588
-0.0007119027588
-0.0007119027588
-0.0007119027588
-0.0007119027588
-0.0007119027588
-0.0007119027588
-0.0007119027588
-0.0007119027588
0.1747433045
0.1747433045
0.3326367831
0.3326367831
0.3326367831
0.3326367831
0.3326367831
0.3739703448
0.3739703448
0.3040677284
0.2815394805
0.2815394805
0.2815394805
0.2815394805
0.2815394805
0.2815394805
0.4219267712
0.5343763823
0.5343763823
0.5343763823
0.5343763823
0.5108817134
0.5108817134
0.5108817134
0.4984666694
0.4733374586
0.4733374586
0.4733374586
0.4168639471
0.2803107218
0.2795800753
0.2795800753
0.2795800753
0.2795800753
0.2795800753
0.2795800753
0.2795800753
0.2795800753
0.2795800753
0.2795800753
0.09421632112
0.09421632112
0.09421632112
0.09421632112
0.09421632112
0.09421632112
0.09421632112
0.09421632112
0.09421632112
0.09421632112
0.1667644305
0.1667644305
0.1743368787
0.1743368787
0.3006074534
0.3006074534
0.3006074534
0.3006074534
0.3006074534
0.3006074534
0.3006074534
0.2803776636
0.2803776636
0.2803776636
0.2803776636
0.2803776636
0.2803776636
0.2803776636
0.2803776636
0.2803776636
0.2803776636
0.2803776636
0.2803776636
0.2803776636
0.2803776636
0.2803776636
0.2049504575
0.2049504575
0.2049504575
0.2327388301
0.2327388301
0.2327388301
0.2327388301
0.2327388301
0.1045677428
0.1541003112
0.1713821475
0.1713821475
0.1713821475
0.3078427922
0.3078427922
0.3481248367
0.3481248367
0.3481248367
0.3481248367
0.2760596802
0.3500317143
0.3500317143
0.3500317143
0.3500317143
0.3500317143
0.2350664289
0.2350664289
0.2350664289
0.2350664289
0.2350664289
0.2350664289
0.2350664289
0.2350664289
0.2350664289
0.2350664289
0.2350664289
0.2350664289
0.2350664289
0.2350664289
0.2350664289
0.2350664289
0.2350664289
0.2350664289
0.2350664289
0.2350664289
0.1900950421
0.1900950421
0.1900950421
0.1900950421
0.1900950421
0.2481100667
0.2367512523
0.2367512523
0.2367512523
0.2367512523
0.2367512523
0.2185116088
0.2037538807
0.2037538807
0.2037538807
0.2037538807
0.2037538807
0.2037538807
0.2037538807
0.2530748732
0.2915849954
0.2915849954
0.2915849954
0.2915849954
0.2915849954
0.2915849954
0.2915849954
0.2915849954
0.3253338487
0.3253338487
0.3253338487
0.2932370595
0.2932370595
0.2932370595
0.2932370595
0.2932370595
0.2932370595
0.2932370595
0.2932370595
0.2932370595
0.2932370595
0.2932370595
0.3126400222
0.3126400222
0.3126400222
0.3126400222
0.3048628414
0.3048628414
0.3048628414
0.3502703128
0.3502703128
0.3502703128
0.3502703128
0.3335147724
-0.007394400457
-0.07310679101
0.07909417378
0.07909417378
0.07909417378
0.07909417378
0.07909417378
0.07909417378
0.07909417378
0.07909417378
0.07909417378
0.07252533514
0.07252533514
0.07252533514
0.07252533514
0.07252533514
0.07252533514
0.07252533514
0.07252533514
0.07252533514
0.07252533514
-0.0677521148
-0.0677521148
0.06643139098
0.06643139098
0.06643139098
0.06643139098
0.06643139098
0.06643139098
0.008759394122
0.008759394122
0.1150702742
0.1150702742
0.1150702742
0.1143772552
0.1143772552
0.1143772552
0.1143772552
0.1143772552
0.1143772552
0.1143772552
0.1143772552
0.1143772552
0.1143772552
0.1143772552
0.1143772552
-0.07011290768
-0.07011290768
-0.01239262189
-0.01239262189
-0.01239262189
-0.01239262189
-0.01239262189
-0.01239262189
-0.06813856926
-0.06813856926
-0.1710161305
-0.1710161305
-0.1710161305
-0.1710161305
-0.1710161305
-0.1710161305
-0.1710161305
-0.1702756634
-0.07193994236
-0.07193994236
-0.07193994236
-0.07193994236
-0.07193994236
-0.06191825833
-0.06191825833
-0.03934874504
-0.03934874504
-0.03934874504
-0.03934874504
-0.03934874504
-0.03934874504
-0.03934874504
-0.03934874504
-0.03934874504
-0.03934874504
-0.03934874504
-0.03934874504
-0.03934874504
-0.004470425456
-0.004470425456
-0.1415764656
-0.04871047598
-0.04871047598
-0.1368357962
-0.1368357962
-0.1368357962
-0.08266415504
-0.22263316
-0.22263316
-0.131889725
-0.131889725
-0.131889725
-0.131889725
-0.131889725
-0.131889725
-0.1061564136
-0.1334136427
-0.1334136427
-0.1334136427
-0.1334136427
-0.003269446088
-0.07030157063
-0.07030157063
-0.02883368435
-0.02883368435
-0.02883368435
-0.02883368435
-0.1461810395
-0.1461810395
-0.1473571879
-0.1473571879
-0.1473571879
-0.1473571879
-0.1473571879
-0.1473571879
-0.1473571879
-0.1473571879
-0.1473571879
-0.1473571879
-0.1580260725
-0.1580260725
-0.1580260725
-0.1580260725
-0.1580260725
-0.1580260725
-0.2295013563
-0.1494165696
-0.1494165696
-0.1494165696
-0.1494165696
-0.1494165696
-0.1494165696
-0.1494165696
-0.1494165696
-0.1494165696
-0.1494165696
-0.1494165696
-0.1494165696
-0.1494165696
-0.1494165696
-0.2551990818
-0.2551990818
-0.2551990818
-0.2551990818
-0.1592695893
-0.1592695893
-0.1592695893
-0.1592695893
-0.1592695893
-0.08035254749
-0.08035254749
0.1474066564
0.1474066564
-0.2216976858
-0.2216976858
-0.2216976858
-0.2216976858
-0.2216976858
-0.2216976858
-0.2216976858
-0.1730367557
-0.04729662389
-0.04729662389
-0.04729662389
-0.04729662389
-0.04729662389
-0.04729662389
-0.04729662389
-0.04729662389
-0.04729662389
-0.04729662389
-0.04729662389
-0.02853187712
-0.1466453385
-0.1466453385
-0.08420058748
-0.1562956195
-0.3257845245
-0.3046532893
-0.3046532893
-0.3345612166
-0.3345612166
-0.3345612166
-0.3345612166
-0.3345612166
-0.3345612166
-0.3345612166
-0.3345612166
-0.3345612166
-0.3345612166
-0.3345612166
-0.3658855101
-0.3658855101
-0.3658855101
-0.3658855101
-0.3658855101
-0.4092139884
-0.4092139884
-0.4092139884
-0.4092139884
-0.4092139884
-0.5377482217
-0.5377482217
-0.5377482217
-0.5377482217
-0.5377482217
-0.5377482217
-0.5377482217
-0.5377482217
-0.5377482217
-0.5377482217
-0.5377482217
-0.5377482217
-0.5377482217
-0.5377482217
-0.5377482217
-0.5377482217
-0.5377482217
-0.4219831478
-0.4219831478
-0.4219831478
-0.4219831478
-0.4219831478
-0.4219831478
-0.4386841255
-0.4386841255
-0.4386841255
-0.4386841255
-0.4386841255
-0.4386841255
-0.4097000135
-0.3775251448
-0.3775251448
-0.3775251448
-0.3775251448
-0.4742673765
-0.4742673765
-0.4742673765
-0.4742673765
-0.4742673765
-0.4742673765
-0.4742673765
-0.4742673765
-0.4742673765
-0.4742673765
-0.2930485217
-0.2930485217
-0.2930485217
-0.2930485217
-0.2930485217
-0.2930485217
-0.1061357901
-0.09661682863
-0.09661682863
-0.09661682863
-0.09661682863
-0.09661682863
-0.09678130571
-0.09678130571
-0.09678130571
-0.09678130571
-0.09678130571
-0.09678130571
-0.09678130571
-0.09678130571
-0.09678130571
-0.09678130571
-0.09678130571
-0.2606222835
-0.3191762096
-0.3191762096
-0.132769827
-0.132769827
-0.01219909965
-0.01219909965
0.07149345969
0.07149345969
0.07149345969
-0.0516766349
-0.0516766349
-0.0516766349
-0.0516766349
-0.0516766349
-0.0516766349
-0.0516766349
0.03777373854
0.03777373854
0.03777373854
0.03777373854
0.03777373854
-0.02203380443
0.1075053593
0.1075053593
0.1075053593
0.1075053593
0.1075053593
0.1075053593
0.1075053593
0.1075053593
0.002534375071
0.002534375071
0.002534375071
0.002534375071
-0.04138490839
-0.04138490839
-0.04138490839
-0.04138490839
-0.04138490839
0.08131068122
0.08131068122
0.08131068122
0.08131068122
0.1332840112
0.1332840112
0.1332840112
0.1332840112
0.2241706782
0.1761469185
0.1761469185
0.000411356843
0.000411356843
0.06756315811
0.06756315811
0.06756315811
0.06756315811
0.06756315811
0.2527514502
0.2527514502
0.3221287259
0.3221287259
0.3221287259
0.3221287259
0.3221287259
0.3221287259
0.3221287259
0.3221287259
0.3221287259
0.3221287259
0.3221287259
0.3221287259
0.3221287259
0.3221287259
0.3221287259
0.3221287259
0.3221287259
0.3221287259
0.3221287259
0.3221287259
0.2645302089
0.2645302089
0.2645302089
0.2645302089
0.2645302089
0.2645302089
0.2645302089
0.07841997975
0.07841997975
0.07841997975
0.02063057028
0.02063057028
0.02063057028
0.02063057028
0.02063057028
0.02063057028
0.109742091
0.02472030666
0.02472030666
-0.2477759128
-0.2477759128
-0.2477759128
-0.2477759128
-0.2477759128
-0.2477759128
-0.2477759128
-0.2477759128
-0.2477759128
-0.2227022549
-0.2227022549
-0.2227022549
-0.2227022549
-0.2642474694
-0.2642474694
-0.2642474694
-0.26122038
-0.312075911
-0.2943245393
-0.2943245393
-0.2943245393
-0.2943245393
-0.2943245393
-0.2943245393
-0.2943245393
-0.2943245393
-0.2110272592
-0.2110272592
-0.2110272592
-0.2110272592
-0.2110272592
-0.2110272592
-0.2110272592
-0.2110272592
-0.2907939451
-0.2907939451
-0.3360479904
-0.1698531661
-0.1698531661
-0.1698531661
-0.3730239192
-0.3730239192
-0.2341154341
-0.2341154341
-0.2341154341
-0.2341154341
-0.2341154341
-0.1991812318
-0.1028423165
-0.1028423165
-0.1028423165
-0.1028423165
-0.1028423165
-0.1028423165
-0.1028423165
-0.1028423165
-0.122910179
-0.122910179
-0.1687504321
-0.2750881924
-0.2750881924
-0.2750881924
-0.2750881924
-0.2750881924
-0.2750881924
-0.2750881924
-0.2750881924
-0.2750881924
-0.2750881924
-0.2344463624
-0.2344463624
-0.2344463624
-0.2344463624
-0.1954895455
-0.1954895455
-0.1954895455
-0.2477382466
-0.2477382466
-0.2477382466
-0.2477382466
-0.2477382466
-0.2477382466
-0.2477382466
-0.2477382466
-0.2477382466
-0.2477382466
-0.2477382466
-0.2477382466
-0.2477382466
-0.2477382466
-0.2477382466
-0.2477382466
-0.2477382466
-0.2477382466
-0.2477382466
-0.2251994014
-0.2251994014
-0.2251994014
-0.2251994014
-0.04611037981
-0.04611037981
-0.1129617114
-0.1559956939
-0.1559956939
-0.1559956939
-0.1559956939
-0.1559956939
-0.2544048911
-0.2544048911
-0.4554884325
-0.4554884325
-0.4554884325
-0.4554884325
-0.4554884325
-0.4554884325
-0.7036968925
-0.7036968925
-0.7036968925
-0.7036968925
-0.7036968925
-0.7036968925
-0.7036968925
-0.7036968925
-0.5724086034
-0.553569066
-0.553569066
-0.553569066
-0.4372565729
-0.4372565729
-0.4372565729
-0.4886314316
-0.4500454158
-0.4500454158
-0.4500454158
-0.4636399021
-0.4636399021
-0.4636399021
-0.4636399021
-0.4636399021
-0.363593563
-0.363593563
-0.363593563
-0.2053128078
-0.1908285428
-0.1908285428
-0.1908285428
-0.02967758516
-0.02967758516
-0.02967758516
-0.02967758516
-0.02967758516
-0.05591677646
-0.0284522136
-0.0284522136
-0.0284522136
-0.0284522136
0.1203792748
0.1203792748
0.05617028656
0.02806619273
0.02806619273
0.02806619273
0.02806619273
0.02806619273
0.02806619273
0.1951893851
0.1951893851
0.1951893851
0.1951893851
0.1951893851
0.1951893851
0.1951893851
0.1951893851
0.1951893851
0.1951893851
0.1951893851
0.1600066029
0.1600066029
0.1600066029
0.007050053417
0.007050053417
0.007050053417
0.007050053417
0.007050053417
0.03727315377
0.03727315377
0.03727315377
0.03727315377
0.03727315377
0.1375577591
0.1375577591
0.1375577591
0.1096054463
0.1096054463
0.1096054463
0.1096054463
0.1096054463
0.1096054463
0.1096054463
0.1096054463
0.1096054463
0.1096054463
0.1851230704
0.1263431825
0.1263431825
0.1263431825
0.1263431825
0.1263431825
0.1263431825
0.1263431825
0.1263431825
0.1842715335
0.1842715335
0.1842715335
0.136861363
0.136861363
0.136861363
0.136861363
0.136861363
0.136861363
0.136861363
0.2161329169
0.2161329169
0.2865633486
0.2865633486
0.2865633486
0.2865633486
0.502808494
0.526824413
0.526824413
0.526824413
0.492111481
0.5778237385
0.5778237385
0.5778237385
0.5778237385
0.5778237385
0.5778237385
0.5778237385
0.5778237385
0.4525534928
0.4525534928
0.435657692
0.435657692
0.435657692
0.2865764171
0.2865764171
0.2865764171
0.3250138924
0.3250138924
0.3250138924
0.3250138924
0.3250138924
0.3250138924
0.3906821402
0.3906821402
0.3906821402
0.3127567583
0.3127567583
0.3127567583
0.3127567583
0.3127567583
0.3127567583
0.2996761131
0.2996761131
0.2996761131
0.1392711826
0.1392711826
0.09570200974
0.09570200974
0.09570200974
-0.04235143088
0.001321332056
0.001321332056
-0.01814295384
-0.01814295384
-0.01814295384
-0.01814295384
-0.01814295384
-0.01814295384
-0.01814295384
-0.01814295384
-0.01814295384
-0.01814295384
-0.01814295384
0.02480515597
0.02480515597
0.02480515597
0.02480515597
0.001342289287
0.001342289287
0.001342289287
0.001342289287
0.1251853675
0.04022162061
0.04022162061
0.04620415307
0.04620415307
0.04620415307
0.04620415307
0.04385440041
0.04385440041
0.04385440041
0.04385440041
0.04385440041
-0.07702403842
-0.07702403842
-0.07702403842
-0.07702403842
-0.07702403842
-0.07702403842
-0.07702403842
-0.07702403842
-0.07702403842
-0.07702403842
0.004883355819
0.004883355819
0.03047846988
0.03047846988
0.03047846988
0.03047846988
0.03047846988
0.03047846988
0.03047846988
0.03047846988
0.03047846988
0.03047846988
0.03047846988
0.1604965386
0.09218100397
0.09218100397
0.09218100397
0.09218100397
-0.1487446649
-0.1968530344
-0.1968530344
-0.1968530344
-0.1526554807
-0.1526554807
-0.04717401026
-0.04717401026
-0.04717401026
-0.02640470057
-0.1088212195
-0.1088212195
-0.1088212195
-0.1088212195
