0 0 1 1 11212
1 1 2 2 11212
2 2 3 3 11212
3 3 4 4 11212
4 4 5 5 11212
5 5 6 6 11212
6 6 7 7 11212
7 7 8 8 11212
8 8 9 9 11212
9 9 10 10 11212
10 10 11 11 11212
11 11 12 12 11212
12 12 13 13 11212
13 13 14 14 11212
14 14 15 15 11212
15 15 16 16 11212
16 16 17 17 11212
17 17 18 18 11212
18 18 18 19 118
18 18 19 19 11094
18 19 19 20 118
19 19 19 20 11014
19 19 20 20 80
19 20 20 21 11132
20 21 21 22 11211
20 20 21 21 1
20 20 20 21 79
21 22 22 23 11212
21 21 21 22 1
22 23 23 24 11212
23 24 24 25 11212
24 25 25 26 11212
25 26 26 27 11212
26 27 27 28 11212
27 28 28 29 11212
28 29 29 30 11212
29 30 30 31 11212
30 31 31 32 11212
31 32 32 33 11212
32 33 33 34 11212
33 34 34 35 11212
34 35 35 36 11212
35 36 36 37 11212
36 37 37 38 11212
37 38 38 38 5
37 38 38 39 11207
38 38 39 38 5
38 39 39 39 126
38 39 39 40 11081
39 38 40 38 5
39 39 40 39 126
39 40 40 40 6
39 40 40 41 11075
40 38 41 39 5
40 39 41 39 126
40 40 41 40 6
40 41 41 42 11067
40 41 41 41 8
41 42 42 42 4
41 42 42 43 11063
41 39 42 40 131
41 40 42 40 6
41 41 42 41 8
42 42 43 42 4
42 40 43 40 1
42 40 43 41 136
42 43 43 43 91
42 43 43 44 10972
42 41 43 41 8
43 42 44 42 4
43 40 44 40 1
43 45 44 45 1
43 43 44 43 91
43 41 44 42 141
43 41 44 41 3
43 44 43 45 1
43 44 44 45 10874
43 44 44 44 97
44 42 45 42 5
44 42 45 43 140
44 40 45 41 1
44 45 45 46 8335
44 45 45 45 2540
44 43 45 43 91
44 41 45 41 3
44 44 45 44 97
45 42 46 42 5
45 46 46 46 86
45 46 46 47 8170
45 46 45 47 79
45 45 46 46 45
45 45 46 45 2507
45 43 46 43 87
45 43 46 44 132
45 43 45 44 12
45 41 46 42 4
45 44 46 45 2
45 44 46 44 95
45 44 45 45 12
45 48 46 49 36
45 48 46 48 42
45 47 46 48 1
45 47 45 48 78
46 50 46 51 2
46 51 47 51 2
46 48 46 49 49
46 48 47 49 2
46 48 47 48 108
46 47 46 48 116
46 47 47 47 102
46 47 47 48 7954
46 42 47 43 9
46 46 46 47 2
46 46 47 46 89
46 46 47 47 43
46 49 46 50 2
46 49 47 50 18
46 49 47 49 65
46 45 46 46 3
46 45 47 46 5
46 45 47 45 2505
46 43 46 44 4
46 43 47 43 83
46 44 46 45 4
46 44 47 45 140
46 44 47 44 87
47 50 47 51 2
47 50 48 50 183
47 50 48 51 296
47 51 48 51 4
47 47 47 48 33
47 47 48 48 130
47 47 48 47 95
47 48 47 49 4143
47 48 48 49 28
47 48 48 48 3924
47 49 47 50 463
47 49 48 50 1
47 49 48 49 3746
47 46 48 46 105
47 46 48 47 1
47 46 47 47 113
47 45 47 46 125
47 45 48 46 2664
47 45 48 45 34
47 43 47 44 92
47 44 48 44 1
47 44 47 45 178
48 50 49 50 184
48 50 49 51 2
48 50 48 51 1
48 51 49 52 9
48 51 49 51 292
48 47 49 48 3
48 47 49 47 93
48 47 48 48 1
48 48 49 49 109
48 48 49 48 3946
48 46 49 47 2796
48 46 48 47 1
48 49 49 50 3
48 49 49 49 3768
48 49 48 50 3
48 45 49 46 6
48 45 49 45 1
48 45 48 46 28
48 44 48 45 1
49 52 50 52 9
49 50 50 50 180
49 50 50 51 7
49 46 49 47 7
49 49 50 50 86
49 49 50 49 3791
49 45 49 46 1
49 51 50 51 294
49 48 50 48 3949
49 47 50 48 2896
50 52 51 52 9
50 50 51 50 234
50 50 51 51 32
50 49 51 49 3791
50 51 51 51 301
50 48 51 49 6845
51 52 52 52 9
51 50 52 50 233
51 50 52 51 1
51 49 52 50 10636
51 51 52 52 1
51 51 52 51 332
52 52 53 52 10
52 50 53 51 10869
52 51 53 51 333
53 52 54 52 10
53 51 54 52 11202
54 52 55 53 11212
55 53 56 54 11212
56 54 57 55 11212
57 55 58 56 11212
58 56 59 57 11212
59 57 60 58 11212
60 58 61 59 11212
61 59 62 60 11212
62 60 63 61 11212
63 61 64 62 11212
64 62 65 63 11212
65 63 66 64 11212
66 64 67 65 11212
67 65 68 66 11212
68 66 69 67 11212
69 67 70 68 11212
70 68 71 69 11212
71 69 72 70 11212
72 70 73 71 11212
73 71 74 72 11212
74 72 75 73 11212
75 73 76 74 11212
76 74 77 75 11212
77 75 78 76 11212
78 76 79 77 11212
79 77 80 78 11212
80 78 81 79 11212
81 79 82 80 11212
82 80 83 81 11212
83 81 84 82 11212
84 82 85 83 11212
85 83 86 84 11212
86 84 87 85 11212
87 85 88 86 11212
88 86 89 87 11212
89 87 90 88 11212
90 88 91 89 11212
91 89 92 90 11212
92 90 93 91 11212
93 91 94 92 11212
94 92 95 93 11212
95 93 96 94 11212
96 94 97 95 11212
97 95 98 96 11212
98 96 99 97 11212
99 97 100 98 11212
100 98 101 99 11212
101 99 102 100 11212
102 100 103 101 11212
103 101 104 102 11212
104 102 105 103 11212
105 103 106 104 11212
106 104 107 105 11212
107 105 108 106 11212
108 106 109 107 11212
109 107 110 108 11212
110 108 111 109 11212
111 109 112 110 11212
112 110 113 111 11212
113 111 114 112 11212
114 112 115 113 11212
115 113 116 114 11212
116 114 117 115 11212
117 115 118 116 11212
118 116 119 117 11212
119 117 120 118 11212
120 118 121 119 11212
121 119 122 120 11212
122 120 123 121 11212
123 121 124 122 11212
124 122 125 123 11212
125 123 126 124 11212
126 124 127 125 11212
127 125 128 126 11212
128 126 129 127 11212
129 127 130 128 11212
130 128 131 129 11212
131 129 132 130 11212
132 130 133 131 11212
133 131 134 132 11212
134 132 135 133 11212
135 133 136 134 11212
136 134 137 135 11212
137 135 138 136 11212
138 136 139 137 11212
139 137 140 138 11212
140 138 141 139 11212
141 139 142 140 11212
142 140 143 141 11212
143 141 144 142 11212
144 142 145 143 11212
145 143 146 144 11212
146 144 147 145 11212
147 145 148 146 11212
148 146 149 147 11212
149 147 150 148 11212
150 148 151 149 11212
151 149 152 150 11212
152 150 153 151 11212
153 151 154 152 11212
154 152 155 153 11212
155 153 156 154 11212
156 154 157 155 11212
157 155 158 156 11212
158 156 159 157 11212
