0 0 1 1 11212
1 1 2 2 11212
2 2 3 3 11212
3 3 4 4 11212
4 4 5 5 11212
5 5 6 6 11212
6 6 7 7 11212
7 7 8 8 11212
8 8 9 9 11212
9 9 10 10 11212
10 10 11 11 11212
11 11 12 12 11212
12 12 13 13 11212
13 13 14 14 11212
14 14 15 15 11212
15 15 16 16 11212
16 16 17 17 11212
17 17 18 18 11212
18 18 19 19 11212
19 19 20 20 11212
20 20 21 21 11212
21 21 22 22 11212
22 22 23 23 11212
23 23 24 24 11212
24 24 25 25 11212
25 25 26 26 11212
26 26 27 27 11212
27 27 28 28 11212
28 28 29 29 11212
29 29 30 30 11212
30 30 31 31 11212
31 31 32 32 11212
32 32 33 33 11212
33 33 34 34 11212
34 34 35 35 11212
35 35 36 36 11212
36 36 37 37 11212
37 38 38 39 13
37 37 38 38 11199
37 37 37 38 13
38 38 38 39 19
38 38 39 38 5
38 38 39 39 11175
38 39 39 40 32
39 38 40 38 5
39 39 39 40 13
39 39 40 39 126
39 39 40 40 11036
39 40 40 41 45
40 38 41 39 5
40 39 41 39 126
40 40 40 41 5591
40 40 41 40 6
40 40 41 41 5439
40 41 41 42 5633
40 41 41 41 3
41 42 42 42 4
41 42 42 43 11042
41 39 42 40 131
41 40 42 40 6
41 41 42 42 21
41 41 42 41 8
41 41 41 42 5413
42 42 42 43 18
42 42 43 42 4
42 42 43 43 3
42 40 43 40 1
42 40 43 41 136
42 43 43 43 91
42 43 43 44 10969
42 41 43 41 8
43 42 44 42 4
43 40 44 40 1
43 43 44 43 91
43 43 44 44 3
43 41 44 42 141
43 41 44 41 3
43 44 44 45 10872
43 44 44 44 97
44 42 45 42 5
44 42 45 43 140
44 40 45 41 1
44 45 45 46 8333
44 45 45 45 2539
44 43 45 43 91
44 41 45 41 3
44 44 45 45 3
44 44 45 44 97
45 42 46 42 5
45 46 46 46 86
45 46 46 47 8247
45 45 46 46 34
45 45 46 45 2508
45 43 46 43 87
45 43 46 44 144
45 41 46 42 4
45 44 46 45 2
45 44 46 44 95
46 50 46 51 2
46 51 47 51 2
46 48 46 49 2
46 48 47 48 15
46 47 46 48 17
46 47 47 47 102
46 47 47 48 8128
46 42 47 43 9
46 46 47 46 89
46 46 47 47 31
46 49 46 50 2
46 45 47 46 3
46 45 47 45 2507
46 43 47 43 87
46 44 47 45 146
46 44 47 44 93
47 49 48 50 2
47 46 48 46 89
47 46 48 47 3
47 45 48 46 140
47 45 48 45 2513
47 51 48 51 2
47 43 48 44 96
47 44 48 45 1
47 44 48 44 92
47 47 48 48 34
47 47 48 47 99
47 48 47 49 2
47 48 48 49 4249
47 48 48 48 3892
48 50 49 51 2
48 51 49 51 2
48 47 49 48 3
48 47 49 47 99
48 48 49 49 3
48 48 49 48 3923
48 49 49 50 482
48 49 49 49 3767
48 46 49 46 102
48 46 49 47 127
48 45 49 46 4
48 45 49 45 2510
48 44 49 45 188
49 50 50 50 185
49 50 50 51 297
49 46 50 46 105
49 46 50 47 1
49 49 50 50 1
49 49 50 49 3769
49 45 50 46 2684
49 45 50 45 14
49 51 50 51 4
49 47 50 48 131
49 47 50 47 95
49 48 50 49 2
49 48 50 48 3924
50 50 51 50 184
50 50 51 51 2
50 49 51 50 3
50 49 51 49 3768
50 46 51 47 2794
50 45 50 46 5
50 45 51 46 8
50 45 51 45 1
50 51 51 52 9
50 51 51 51 292
50 47 51 48 3
50 47 51 47 93
50 48 51 49 109
50 48 51 48 3946
51 50 52 50 180
51 50 52 51 7
51 51 52 51 294
51 48 52 48 3949
51 47 52 47 6
51 47 52 48 2888
51 52 52 52 9
51 49 52 50 86
51 49 52 49 3791
51 46 52 47 2
51 46 51 47 7
51 45 51 46 1
52 52 53 52 9
52 50 53 50 241
52 50 53 51 25
52 49 53 49 3791
52 51 53 51 301
52 47 53 48 8
52 48 53 49 4594
52 48 53 48 2243
53 52 54 52 9
53 50 54 50 233
53 50 54 51 8
53 49 54 50 3541
53 49 54 49 4844
53 51 54 51 326
53 48 54 49 2251
54 52 55 52 9
54 50 55 50 3767
54 50 55 51 7
54 49 55 50 7095
54 51 55 52 1
54 51 55 51 333
55 52 56 52 10
55 50 56 51 10862
55 51 56 51 340
56 52 57 52 10
56 51 57 52 11202
57 52 58 53 11212
58 53 59 54 11212
59 54 60 55 11212
60 55 61 56 11212
61 56 62 57 11212
62 57 63 58 11212
63 58 64 59 11212
64 59 65 60 11212
65 60 66 61 11212
66 61 67 62 11212
67 62 68 63 11212
68 63 69 64 11212
69 64 70 65 11212
70 65 71 66 11212
71 66 72 67 11212
72 67 73 68 11212
73 68 74 69 11212
74 69 75 70 11212
75 70 76 71 11212
76 71 77 72 11212
77 72 78 73 11212
78 73 79 74 11212
79 74 80 75 11212
80 75 81 76 11212
81 76 82 77 11212
82 77 83 78 11212
83 78 84 79 11212
84 79 85 80 11212
85 80 86 81 11212
86 81 87 82 11212
87 82 88 83 11212
88 83 89 84 11212
89 84 90 85 11212
90 85 91 86 11212
91 86 92 87 11212
92 87 93 88 11212
93 88 94 89 11212
94 89 95 90 11212
95 90 96 91 11212
96 91 97 92 11212
97 92 98 93 11212
98 93 99 94 11212
99 94 100 95 11212
100 95 101 96 11212
101 96 102 97 11212
102 97 103 98 11212
103 98 104 99 11212
104 99 105 100 11212
105 100 106 101 11212
106 101 107 102 11212
107 102 108 103 11212
108 103 109 104 11212
109 104 110 105 11212
110 105 111 106 11212
111 106 112 107 11212
112 107 113 108 11212
113 108 114 109 11212
114 109 115 110 11212
115 110 116 111 11212
116 111 117 112 11212
117 112 118 113 11212
118 113 119 114 11212
119 114 120 115 11212
120 115 121 116 11212
121 116 122 117 11212
122 117 123 118 11212
123 118 124 119 11212
124 119 125 120 11212
125 120 126 121 11212
126 121 127 122 11212
127 122 128 123 11212
128 123 129 124 11212
129 124 130 125 11212
130 125 131 126 11212
131 126 132 127 11212
132 127 133 128 11212
133 128 134 129 11212
134 129 135 130 11212
135 130 136 131 11212
136 131 137 132 11212
137 132 138 133 11212
138 133 139 134 11212
139 134 140 135 11212
140 135 141 136 11212
141 136 142 137 11212
142 137 143 138 11212
143 138 144 139 11212
144 139 145 140 11212
145 140 146 141 11212
146 141 147 142 11212
147 142 148 143 11212
148 143 149 144 11212
149 144 150 145 11212
150 145 151 146 11212
151 146 152 147 11212
152 147 153 148 11212
153 148 154 149 11212
154 149 155 150 11212
155 150 156 151 11212
156 151 157 152 11212
157 152 158 153 11212
158 153 159 154 11212
159 154 160 155 11212
160 155 161 156 11212
161 156 162 157 11212
