0 0 1 1 11212
1 1 2 2 11212
2 2 3 3 11212
3 3 4 4 11212
4 4 5 5 11212
5 5 6 6 11212
6 6 7 7 11212
7 7 8 8 11212
8 8 9 9 11212
9 9 10 10 11212
10 10 11 11 11212
11 11 12 12 11212
12 12 13 13 11212
13 13 14 14 11212
14 14 15 15 11212
15 15 16 16 11212
16 16 17 17 11212
17 17 18 18 11212
18 18 19 18 100
18 18 19 19 11112
19 18 20 19 100
19 19 20 19 11052
19 19 20 20 60
20 19 21 20 11152
20 20 21 20 60
21 20 22 21 11212
22 21 23 22 11212
23 22 24 23 11212
24 23 25 24 11212
25 24 26 25 11212
26 25 27 26 11212
27 26 28 27 11212
28 27 29 28 11212
29 28 30 29 11212
30 29 31 30 11212
31 30 32 31 11212
32 31 33 32 11212
33 32 34 33 11212
34 33 35 34 11212
35 34 36 35 11212
36 35 37 36 11212
37 36 38 37 11212
38 37 39 38 11212
39 38 40 38 2
39 38 40 39 11210
40 38 41 38 2
40 39 41 39 1
40 39 41 40 11209
41 38 42 38 2
41 39 42 39 1
41 40 42 41 11209
42 38 43 39 2
42 39 43 39 1
42 41 43 42 11209
43 42 44 43 11209
43 39 44 40 3
44 40 45 41 3
44 43 45 43 4
44 43 45 44 11205
45 43 46 43 4
45 41 46 42 3
45 44 46 45 11198
45 44 46 44 7
46 42 47 43 3
46 46 47 47 1
46 45 46 46 1
46 45 47 46 11003
46 45 47 45 194
46 43 47 43 4
46 44 47 45 2
46 44 47 44 5
47 46 47 47 1
47 46 48 46 5270
47 46 48 47 5732
47 45 48 46 5
47 45 48 45 191
47 43 48 43 4
47 43 48 44 3
47 44 48 44 5
47 47 48 47 2
48 46 49 46 5272
48 46 49 47 3
48 45 49 46 20
48 45 49 45 171
48 43 49 43 4
48 44 49 45 3
48 44 49 44 5
48 47 49 48 9
48 47 49 47 5725
49 46 50 46 5242
49 46 50 47 50
49 45 50 46 3
49 45 50 45 171
49 43 50 44 4
49 44 50 44 5
49 48 50 49 6
49 48 50 48 4
49 47 50 48 4
49 47 50 47 5723
49 47 49 48 1
50 49 51 50 1
50 49 51 49 5
50 46 51 46 5245
50 45 51 45 171
50 44 51 45 9
50 48 51 48 8
50 47 51 48 167
50 47 51 47 5606
51 50 52 50 1
51 49 52 49 5
51 46 52 46 5245
51 45 52 46 92
51 45 52 45 88
51 48 52 49 7
51 48 52 48 168
51 47 52 48 66
51 47 52 47 5540
52 50 53 50 1
52 49 53 49 12
52 46 53 46 105
52 46 53 47 5232
52 45 53 46 4
52 45 53 45 84
52 48 53 49 35
52 48 53 48 199
52 47 53 47 5540
53 50 54 50 1
53 46 54 46 94
53 46 54 47 15
53 49 54 50 1
53 49 54 49 46
53 45 54 46 82
53 45 54 45 2
53 48 54 48 199
53 47 54 48 50
53 47 54 47 10722
54 50 55 50 2
54 49 55 49 46
54 46 55 46 1
54 46 55 47 175
54 45 55 45 2
54 48 55 48 249
54 47 55 48 49
54 47 55 47 10688
55 50 56 50 2
55 46 56 46 1
55 49 56 49 46
55 45 56 46 2
55 48 56 49 32
55 48 56 48 266
55 47 56 47 155
55 47 56 48 10708
56 50 57 50 2
56 46 56 47 3
56 49 57 50 1
56 49 57 49 77
56 47 56 48 158
56 48 57 49 11132
57 50 58 50 2
57 50 58 51 1
57 49 58 50 11209
58 50 59 51 11211
58 51 59 52 1
59 52 60 52 1
59 51 60 52 11211
60 52 61 53 11212
61 53 62 54 11212
62 54 63 55 11212
63 55 64 56 11212
64 56 65 57 11212
65 57 66 58 11212
66 58 67 59 11212
67 59 68 60 11212
68 60 69 61 11212
69 61 70 62 11212
70 62 71 63 11212
71 63 72 64 11212
72 64 73 65 11212
73 65 74 66 11212
74 66 75 67 11212
75 67 76 68 11212
76 68 77 69 11212
77 69 78 70 11212
78 70 79 71 11212
79 71 80 72 11212
80 72 81 73 11212
81 73 82 74 11212
82 74 83 75 11212
83 75 84 76 11212
84 76 85 77 11212
85 77 86 78 11212
86 78 87 79 11212
87 79 88 80 11212
88 80 89 81 11212
89 81 90 82 11212
90 82 91 83 11212
91 83 92 84 11212
92 84 93 85 11212
93 85 94 86 11212
94 86 95 87 11212
95 87 96 88 11212
96 88 97 89 11212
97 89 98 90 11212
98 90 99 91 11212
99 91 100 92 11212
100 92 101 93 11212
101 93 102 94 11212
102 94 103 95 11212
103 95 104 96 11212
104 96 105 97 11212
105 97 106 98 11212
106 98 107 99 11212
107 99 108 100 11212
108 100 109 101 11212
109 101 110 102 11212
110 102 111 103 11212
111 103 112 104 11212
112 104 113 105 11212
113 105 114 106 11212
114 106 115 107 11212
115 107 116 108 11212
116 108 117 109 11212
117 109 118 110 11212
118 110 119 111 11212
119 111 120 112 11212
120 112 121 113 11212
121 113 122 114 11212
122 114 123 115 11212
123 115 124 116 11212
124 116 125 117 11212
125 117 126 118 11212
126 118 127 119 11212
127 119 128 120 11212
128 120 129 121 11212
129 121 130 122 11212
130 122 131 123 11212
131 123 132 124 11212
132 124 133 125 11212
133 125 134 126 11212
134 126 135 127 11212
135 127 136 128 11212
136 128 137 129 11212
137 129 138 130 11212
138 130 139 131 11212
139 131 140 132 11212
140 132 141 133 11212
141 133 142 134 11212
142 134 143 135 11212
143 135 144 136 11212
144 136 145 137 11212
145 137 146 138 11212
146 138 147 139 11212
147 139 148 140 11212
148 140 149 141 11212
149 141 150 142 11212
150 142 151 143 11212
151 143 152 144 11212
152 144 153 145 11212
153 145 154 146 11212
154 146 155 147 11212
155 147 156 148 11212
156 148 157 149 11212
157 149 158 150 11212
158 150 159 151 11212
159 151 160 152 11212
160 152 161 153 11212
161 153 162 154 11212
162 154 163 155 11212
163 155 164 156 11212
164 156 165 157 11212
165 157 166 158 11212
166 158 167 159 11212
