0 0 1 1 11212
1 1 2 2 11212
2 2 3 3 11212
3 3 4 4 11212
4 4 5 5 11212
5 5 6 6 11212
6 6 7 7 11212
7 7 8 8 11212
8 8 9 9 11212
9 9 10 10 11212
10 10 11 11 11212
11 11 12 12 11212
12 12 13 13 11212
13 13 14 14 11212
14 14 15 15 11212
15 15 16 16 11212
16 16 17 17 11212
17 17 18 18 11212
18 18 19 19 11212
19 19 20 20 11212
20 20 21 21 11212
21 21 22 22 11212
22 22 23 23 11212
23 23 24 24 11212
24 24 25 25 11212
25 25 26 26 11212
26 26 27 27 11212
27 27 28 28 11212
28 28 29 29 11212
29 29 30 30 11212
30 30 31 31 11212
31 31 32 32 11212
32 32 33 33 11212
33 33 34 34 11212
34 34 35 35 11212
35 35 36 36 11212
36 36 37 37 11212
37 37 38 38 11197
37 37 38 37 15
38 38 39 38 18
38 38 39 39 11179
38 37 39 38 15
39 38 40 39 33
39 39 40 39 16
39 39 40 40 11163
40 39 41 39 2
40 39 41 40 47
40 40 41 40 5531
40 40 41 41 5632
41 39 42 39 2
41 40 42 40 1
41 40 42 41 5577
41 41 42 42 21
41 41 42 41 5611
42 42 43 42 15
42 42 43 43 6
42 39 43 40 2
42 40 43 40 1
42 41 43 42 11188
43 42 44 43 11203
43 40 44 40 3
43 43 44 44 6
44 40 45 41 3
44 43 45 43 4
44 43 45 44 11199
44 44 45 45 6
45 45 46 46 6
45 43 46 43 4
45 41 46 42 3
45 44 46 45 11192
45 44 46 44 7
46 42 47 43 3
46 46 47 47 7
46 45 46 46 1
46 45 47 46 11101
46 45 47 45 90
46 43 47 43 4
46 44 47 45 2
46 44 47 44 5
47 46 47 47 1
47 46 48 46 5227
47 46 48 47 5873
47 45 48 46 4
47 45 48 45 88
47 43 48 43 4
47 43 48 44 3
47 44 48 44 5
47 47 48 48 8
48 49 49 50 2
48 46 49 46 5228
48 46 49 47 3
48 45 49 45 88
48 43 49 43 4
48 44 49 45 3
48 44 49 44 5
48 48 49 49 12
48 48 49 48 2
48 48 48 49 2
48 47 49 48 530
48 47 49 47 5335
48 47 48 48 8
49 50 50 51 3
49 48 50 49 404
49 48 50 48 127
49 48 49 49 1
49 47 50 48 65
49 47 50 47 5273
49 46 50 46 5227
49 46 50 47 1
49 49 50 50 4
49 49 50 49 8
49 49 49 50 1
49 45 50 46 3
49 45 50 45 88
49 43 50 44 4
49 44 50 44 5
50 50 51 50 4
50 51 51 52 2
50 51 51 51 1
50 48 51 49 67
50 48 51 48 125
50 47 51 47 5274
50 46 51 46 5230
50 49 51 50 167
50 49 51 49 245
50 45 51 45 88
50 44 51 45 9
51 50 52 50 164
51 50 52 51 7
51 51 52 51 1
51 48 52 48 125
51 47 52 47 5274
51 52 52 52 2
51 46 52 46 5230
51 49 52 50 66
51 49 52 49 246
51 45 52 46 92
51 45 52 45 5
52 50 53 50 195
52 50 53 51 35
52 51 53 51 8
52 48 53 48 125
52 47 53 48 44
52 47 53 47 5230
52 52 53 52 2
52 46 53 46 4
52 46 53 47 5318
52 49 53 49 246
52 45 53 45 5
53 50 54 50 195
53 51 54 52 1
53 51 54 51 42
53 48 54 49 48
53 48 54 48 122
53 47 53 48 1
53 47 54 47 153
53 47 54 48 10394
53 52 54 52 2
53 49 54 49 246
53 46 54 46 1
53 46 54 47 3
53 45 54 46 5
54 52 55 52 3
54 50 55 50 195
54 46 55 47 6
54 49 55 50 53
54 49 55 49 242
54 51 55 51 42
54 47 54 48 3
54 47 55 47 153
54 48 54 49 1
54 48 55 49 10518
55 52 56 52 3
55 50 56 50 209
55 50 56 51 39
55 49 56 50 10760
55 51 56 51 42
55 47 56 48 159
56 52 57 52 1
56 52 57 53 2
56 50 57 51 11128
56 49 56 50 159
56 51 57 52 8
56 51 57 51 73
56 48 56 49 159
57 52 58 52 1
57 52 58 53 14
57 53 58 53 2
57 51 57 52 6
57 51 58 52 11195
58 52 59 53 7414
58 52 58 53 3782
58 53 59 54 3798
59 53 59 54 3737
59 53 60 54 3677
59 54 60 55 7535
60 54 60 55 3667
60 54 61 55 10
60 55 61 56 11202
61 56 62 57 11212
61 55 61 56 10
62 57 63 58 11212
63 58 64 59 11212
64 59 65 60 11212
65 60 66 61 11212
66 61 67 62 11212
67 62 68 63 11212
68 63 69 64 11212
69 64 70 65 11212
70 65 71 66 11212
71 66 72 67 11212
72 67 73 68 11212
73 68 74 69 11212
74 69 75 70 11212
75 70 76 71 11212
76 71 77 72 11212
77 72 78 73 11212
78 73 79 74 11212
79 74 80 75 11212
80 75 81 76 11212
81 76 82 77 11212
82 77 83 78 11212
83 78 84 79 11212
84 79 85 80 11212
85 80 86 81 11212
86 81 87 82 11212
87 82 88 83 11212
88 83 89 84 11212
89 84 90 85 11212
90 85 91 86 11212
91 86 92 87 11212
92 87 93 88 11212
93 88 94 89 11212
94 89 95 90 11212
95 90 96 91 11212
96 91 97 92 11212
97 92 98 93 11212
98 93 99 94 11212
99 94 100 95 11212
100 95 101 96 11212
101 96 102 97 11212
102 97 103 98 11212
103 98 104 99 11212
104 99 105 100 11212
105 100 106 101 11212
106 101 107 102 11212
107 102 108 103 11212
108 103 109 104 11212
109 104 110 105 11212
110 105 111 106 11212
111 106 112 107 11212
112 107 113 108 11212
113 108 114 109 11212
114 109 115 110 11212
115 110 116 111 11212
116 111 117 112 11212
117 112 118 113 11212
118 113 119 114 11212
119 114 120 115 11212
120 115 121 116 11212
121 116 122 117 11212
122 117 123 118 11212
123 118 124 119 11212
124 119 125 120 11212
125 120 126 121 11212
126 121 127 122 11212
127 122 128 123 11212
128 123 129 124 11212
129 124 130 125 11212
130 125 131 126 11212
131 126 132 127 11212
132 127 133 128 11212
133 128 134 129 11212
134 129 135 130 11212
135 130 136 131 11212
136 131 137 132 11212
137 132 138 133 11212
138 133 139 134 11212
139 134 140 135 11212
140 135 141 136 11212
141 136 142 137 11212
142 137 143 138 11212
143 138 144 139 11212
144 139 145 140 11212
145 140 146 141 11212
146 141 147 142 11212
147 142 148 143 11212
148 143 149 144 11212
149 144 150 145 11212
150 145 151 146 11212
151 146 152 147 11212
152 147 153 148 11212
153 148 154 149 11212
154 149 155 150 11212
155 150 156 151 11212
156 151 157 152 11212
157 152 158 153 11212
158 153 159 154 11212
159 154 160 155 11212
160 155 161 156 11212
161 156 162 157 11212
162 157 163 158 11212
163 158 164 159 11212
164 159 165 160 11212
165 160 166 161 11212
166 161 167 162 11212
