0 0 1 1 11212
1 1 2 2 11212
2 2 3 3 11212
3 3 4 4 11212
4 4 5 5 11212
5 5 6 6 11212
6 6 7 7 11212
7 7 8 8 11212
8 8 9 9 11212
9 9 10 10 11212
10 10 11 11 11212
11 11 12 12 11212
12 12 13 13 11212
13 13 14 14 11212
14 14 15 15 11212
15 15 16 16 11212
16 16 17 17 11212
17 17 18 18 11212
18 18 19 19 11212
19 19 20 20 11212
20 20 21 21 11212
21 21 22 22 11212
22 22 23 23 11212
23 23 24 24 11212
24 24 25 25 11212
25 25 26 26 11212
26 26 27 27 11212
27 27 28 28 11212
28 28 29 29 11212
29 29 30 30 11212
30 30 31 31 11212
31 31 32 32 11212
32 32 33 33 11212
33 33 34 34 11212
34 34 35 35 11212
35 35 36 36 11212
36 36 37 37 11212
37 37 38 38 11212
38 38 39 38 6
38 38 39 39 11206
39 38 40 38 6
39 39 40 39 259
39 39 40 40 10947
40 38 41 38 6
40 39 41 39 259
40 40 41 40 6
40 40 41 41 10941
41 38 42 39 6
41 39 42 39 259
41 40 42 40 6
41 41 42 42 10937
41 41 42 41 4
42 42 43 42 7
42 42 43 43 10930
42 39 43 40 265
42 40 43 40 6
42 41 43 41 4
43 42 44 42 7
43 40 44 41 271
43 43 44 43 74
43 43 44 44 10856
43 41 44 41 4
44 42 45 42 7
44 43 45 43 74
44 41 45 42 274
44 41 45 41 1
44 44 45 45 10731
44 44 45 44 125
45 42 46 42 2
45 42 46 43 279
45 45 46 46 8206
45 45 46 45 2525
45 43 46 43 74
45 41 46 41 1
45 44 46 44 125
46 42 47 42 2
46 46 46 47 1
46 46 47 46 136
46 46 47 47 8069
46 45 47 46 24
46 45 47 45 2501
46 43 47 43 75
46 43 47 44 278
46 41 47 42 1
46 44 47 45 5
46 44 47 44 120
46 47 47 48 1
47 42 48 42 2
47 42 48 43 1
47 46 48 46 148
47 46 48 47 12
47 45 48 46 6
47 45 48 45 2500
47 43 48 43 75
47 44 48 45 227
47 44 48 44 171
47 48 48 48 2
47 47 47 48 1
47 47 48 48 4203
47 47 48 47 3865
48 42 49 42 2
48 49 49 49 1
48 46 49 46 153
48 46 49 47 1
48 45 49 46 20
48 45 49 45 2707
48 43 49 43 65
48 43 49 44 11
48 44 49 44 171
48 48 49 49 135
48 48 49 48 4069
48 48 48 49 1
48 47 49 48 4
48 47 49 47 3873
49 48 50 49 44
49 48 50 48 4029
49 47 50 48 2
49 47 50 47 3872
49 42 50 42 2
49 49 50 50 55
49 49 50 49 81
49 46 50 46 155
49 46 50 47 18
49 45 50 46 2
49 45 50 45 2705
49 43 50 43 65
49 44 50 45 53
49 44 50 44 129
50 50 51 50 5
50 50 51 51 50
50 48 51 48 4031
50 47 51 48 1
50 47 51 47 3889
50 42 51 42 2
50 49 51 50 27
50 49 51 49 98
50 46 51 46 157
50 45 51 46 13
50 45 51 45 2745
50 43 51 43 65
50 44 51 44 129
51 50 52 50 19
51 50 52 51 13
51 51 52 52 2
51 51 52 51 48
51 48 52 48 4032
51 47 52 47 3889
51 42 52 42 2
51 49 52 49 98
51 46 52 46 113
51 46 52 47 57
51 45 52 46 2
51 45 52 45 2743
51 43 52 43 63
51 43 52 44 2
51 44 52 44 129
52 50 53 50 19
52 51 53 51 61
52 48 53 49 20
52 48 53 48 4012
52 47 53 48 3834
52 47 53 47 112
52 52 53 52 2
52 42 53 43 2
52 49 53 49 98
52 46 53 46 98
52 46 53 47 17
52 45 53 46 5
52 45 53 45 2738
52 43 53 43 63
52 44 53 45 57
52 44 53 44 74
53 50 54 50 19
53 51 54 51 61
53 48 54 49 3998
53 48 54 48 3848
53 47 54 48 23
53 47 54 47 106
53 52 54 52 2
53 49 54 50 1
53 49 54 49 117
53 46 54 46 93
53 46 54 47 10
53 45 54 46 106
53 45 54 45 2689
53 43 54 44 65
53 44 54 45 3
53 44 54 44 71
54 50 55 50 18
54 50 55 51 2
54 51 55 51 61
54 48 55 48 3871
54 47 55 48 7
54 47 55 47 109
54 52 55 52 2
54 49 55 50 376
54 49 55 49 3739
54 46 55 46 104
54 46 55 47 95
54 45 55 46 3
54 45 55 45 2689
54 44 55 45 136
55 50 56 50 171
55 50 56 51 223
55 51 56 51 63
55 48 56 49 11
55 48 56 48 3867
55 47 56 48 113
55 47 56 47 91
55 52 56 52 2
55 49 56 49 3739
55 46 56 46 101
55 46 56 47 6
55 45 56 46 2825
56 52 57 52 2
56 50 57 50 171
56 46 57 47 2926
56 49 57 50 8
56 49 57 49 3742
56 51 57 52 3
56 51 57 51 283
56 48 57 49 92
56 48 57 48 3888
56 47 57 48 6
56 47 57 47 91
57 52 58 52 5
57 50 58 50 172
57 50 58 51 7
57 49 58 50 76
57 49 58 49 3758
57 51 58 51 283
57 48 58 48 3894
57 47 58 48 3017
58 52 59 52 5
58 50 59 50 214
58 50 59 51 34
58 49 59 50 1
58 49 59 49 3757
58 51 59 51 290
58 48 59 49 6911
59 52 60 52 5
59 50 60 50 212
59 50 60 51 3
59 49 60 50 10668
59 51 60 51 324
60 52 61 52 5
60 50 61 51 10880
60 51 61 51 327
61 52 62 52 5
61 51 62 52 11207
62 52 63 53 11212
63 53 64 54 11212
64 54 65 55 11212
65 55 66 56 11212
66 56 67 57 11212
67 57 68 58 11212
68 58 69 59 11212
69 59 70 60 11212
70 60 71 61 11212
71 61 72 62 11212
72 62 73 63 11212
73 63 74 64 11212
74 64 75 65 11212
75 65 76 66 11212
76 66 77 67 11212
77 67 78 68 11212
78 68 79 69 11212
79 69 80 70 11212
80 70 81 71 11212
81 71 82 72 11212
82 72 83 73 11212
83 73 84 74 11212
84 74 85 75 11212
85 75 86 76 11212
86 76 87 77 11212
87 77 88 78 11212
88 78 89 79 11212
89 79 90 80 11212
90 80 91 81 11212
91 81 92 82 11212
92 82 93 83 11212
93 83 94 84 11212
94 84 95 85 11212
95 85 96 86 11212
96 86 97 87 11212
97 87 98 88 11212
98 88 99 89 11212
99 89 100 90 11212
100 90 101 91 11212
101 91 102 92 11212
102 92 103 93 11212
103 93 104 94 11212
104 94 105 95 11212
105 95 106 96 11212
106 96 107 97 11212
107 97 108 98 11212
108 98 109 99 11212
109 99 110 100 11212
110 100 111 101 11212
111 101 112 102 11212
112 102 113 103 11212
113 103 114 104 11212
114 104 115 105 11212
115 105 116 106 11212
116 106 117 107 11212
117 107 118 108 11212
118 108 119 109 11212
119 109 120 110 11212
120 110 121 111 11212
121 111 122 112 11212
122 112 123 113 11212
123 113 124 114 11212
124 114 125 115 11212
125 115 126 116 11212
126 116 127 117 11212
127 117 128 118 11212
128 118 129 119 11212
129 119 130 120 11212
130 120 131 121 11212
131 121 132 122 11212
132 122 133 123 11212
133 123 134 124 11212
134 124 135 125 11212
135 125 136 126 11212
136 126 137 127 11212
137 127 138 128 11212
138 128 139 129 11212
139 129 140 130 11212
140 130 141 131 11212
141 131 142 132 11212
142 132 143 133 11212
143 133 144 134 11212
144 134 145 135 11212
145 135 146 136 11212
146 136 147 137 11212
147 137 148 138 11212
148 138 149 139 11212
149 139 150 140 11212
150 140 151 141 11212
151 141 152 142 11212
152 142 153 143 11212
153 143 154 144 11212
154 144 155 145 11212
155 145 156 146 11212
156 146 157 147 11212
157 147 158 148 11212
158 148 159 149 11212
159 149 160 150 11212
160 150 161 151 11212
161 151 162 152 11212
162 152 163 153 11212
163 153 164 154 11212
164 154 165 155 11212
165 155 166 156 11212
166 156 167 157 11212
