0 0 1 1 11212
1 1 2 2 11212
2 2 3 3 11212
3 3 4 4 11212
4 4 5 5 11212
5 5 6 6 11212
6 6 7 7 11212
7 7 8 8 11212
8 8 9 9 11212
9 9 10 10 11212
10 10 11 11 11212
11 11 12 12 11212
12 12 13 13 11212
13 13 14 14 11212
14 14 15 15 11212
15 15 16 16 11212
16 16 17 17 11212
17 17 18 18 11212
18 18 18 19 100
18 18 19 19 11112
18 19 19 20 100
19 19 19 20 11052
19 19 20 20 60
19 20 20 21 11152
20 21 21 22 11212
20 20 20 21 60
21 22 22 23 11212
22 23 23 24 11212
23 24 24 25 11212
24 25 25 26 11212
25 26 26 27 11212
26 27 27 28 11212
27 28 28 29 11212
28 29 29 30 11212
29 30 30 31 11212
30 31 31 32 11212
31 32 32 33 11212
32 33 33 34 11212
33 34 34 35 11212
34 35 35 36 11212
35 36 36 37 11212
36 37 37 38 11197
36 37 37 37 15
37 38 38 38 18
37 38 38 39 11179
37 37 38 38 15
38 38 39 39 33
38 39 39 39 14
38 39 39 40 11165
39 39 40 40 47
39 40 40 40 5533
39 40 40 41 5632
40 40 41 41 5580
40 41 41 42 21
40 41 41 41 5611
41 42 42 42 15
41 42 42 43 6
41 41 42 42 11191
42 42 43 43 11206
42 43 43 44 6
43 43 44 44 11206
43 44 44 45 6
44 45 45 46 6
44 44 45 45 11206
45 46 46 47 8
45 46 45 47 102
45 45 46 46 11102
45 45 45 46 104
45 47 46 48 102
46 46 46 47 130
46 46 47 47 10972
46 47 46 48 126
46 47 47 48 12
46 48 47 49 228
47 50 48 51 4
47 49 47 50 4
47 49 48 50 11147
47 48 48 49 6
47 48 47 49 10923
47 47 48 48 55
47 47 47 48 10917
48 50 49 51 11202
48 50 48 51 3
48 49 48 50 58
48 51 49 52 7
48 48 49 49 3
48 48 48 49 52
49 52 50 53 13
49 52 49 53 1
49 50 49 51 3
49 53 50 53 1
49 49 49 50 3
49 51 50 52 11198
49 51 49 52 7
50 52 50 53 3783
50 52 51 53 7415
50 53 51 54 3797
51 53 52 54 3678
51 53 51 54 3737
51 54 52 55 7534
52 54 52 55 3668
52 54 53 55 10
52 55 53 56 11202
53 56 54 57 11212
53 55 53 56 10
54 57 55 58 11212
55 58 56 59 11212
56 59 57 60 11212
57 60 58 61 11212
58 61 59 62 11212
59 62 60 63 11212
60 63 61 64 11212
61 64 62 65 11212
62 65 63 66 11212
63 66 64 67 11212
64 67 65 68 11212
65 68 66 69 11212
66 69 67 70 11212
67 70 68 71 11212
68 71 69 72 11212
69 72 70 73 11212
70 73 71 74 11212
71 74 72 75 11212
72 75 73 76 11212
73 76 74 77 11212
74 77 75 78 11212
75 78 76 79 11212
76 79 77 80 11212
77 80 78 81 11212
78 81 79 82 11212
79 82 80 83 11212
80 83 81 84 11212
81 84 82 85 11212
82 85 83 86 11212
83 86 84 87 11212
84 87 85 88 11212
85 88 86 89 11212
86 89 87 90 11212
87 90 88 91 11212
88 91 89 92 11212
89 92 90 93 11212
90 93 91 94 11212
91 94 92 95 11212
92 95 93 96 11212
93 96 94 97 11212
94 97 95 98 11212
95 98 96 99 11212
96 99 97 100 11212
97 100 98 101 11212
98 101 99 102 11212
99 102 100 103 11212
100 103 101 104 11212
101 104 102 105 11212
102 105 103 106 11212
103 106 104 107 11212
104 107 105 108 11212
105 108 106 109 11212
106 109 107 110 11212
107 110 108 111 11212
108 111 109 112 11212
109 112 110 113 11212
110 113 111 114 11212
111 114 112 115 11212
112 115 113 116 11212
113 116 114 117 11212
114 117 115 118 11212
115 118 116 119 11212
116 119 117 120 11212
117 120 118 121 11212
118 121 119 122 11212
119 122 120 123 11212
120 123 121 124 11212
121 124 122 125 11212
122 125 123 126 11212
123 126 124 127 11212
124 127 125 128 11212
125 128 126 129 11212
126 129 127 130 11212
127 130 128 131 11212
128 131 129 132 11212
129 132 130 133 11212
130 133 131 134 11212
131 134 132 135 11212
132 135 133 136 11212
133 136 134 137 11212
134 137 135 138 11212
135 138 136 139 11212
136 139 137 140 11212
137 140 138 141 11212
138 141 139 142 11212
139 142 140 143 11212
140 143 141 144 11212
141 144 142 145 11212
142 145 143 146 11212
143 146 144 147 11212
144 147 145 148 11212
145 148 146 149 11212
146 149 147 150 11212
147 150 148 151 11212
148 151 149 152 11212
149 152 150 153 11212
150 153 151 154 11212
151 154 152 155 11212
152 155 153 156 11212
153 156 154 157 11212
154 157 155 158 11212
155 158 156 159 11212
156 159 157 160 11212
157 160 158 161 11212
158 161 159 162 11212
