0 0 1 1 11212
1 1 2 2 11212
2 2 3 3 11212
3 3 4 4 11212
4 4 5 5 11212
5 5 6 6 11212
6 6 7 7 11212
7 7 8 8 11212
8 8 9 9 11212
9 9 10 10 11212
10 10 11 11 11212
11 11 12 12 11212
12 12 13 13 11212
13 13 14 14 11212
14 14 15 15 11212
15 15 16 16 11212
16 16 17 17 11212
17 17 18 18 11212
18 18 18 19 100
18 18 19 19 11112
18 19 19 20 100
19 19 19 20 11052
19 19 20 20 60
19 20 20 21 11152
20 21 21 22 11212
20 20 20 21 60
21 22 22 23 11212
22 23 23 24 11212
23 24 24 25 11212
24 25 25 26 11212
25 26 26 27 11212
26 27 27 28 11212
27 28 28 29 11212
28 29 29 30 11212
29 30 30 31 11212
30 31 31 32 11212
31 32 32 33 11212
32 33 33 34 11212
33 34 34 35 11212
34 35 35 36 11212
35 36 36 37 11212
36 37 37 38 11212
37 38 38 38 6
37 38 38 39 11206
38 38 39 38 6
38 39 39 39 257
38 39 39 40 10949
39 38 40 38 6
39 39 40 39 257
39 40 40 40 5
39 40 40 41 10944
40 38 41 39 6
40 39 41 39 257
40 40 41 40 5
40 41 41 42 10940
40 41 41 41 4
41 42 42 42 7
41 42 42 43 10933
41 39 42 40 263
41 40 42 40 5
41 41 42 41 4
42 42 43 42 7
42 40 43 41 268
42 43 43 43 74
42 43 43 44 10859
42 41 43 41 4
43 42 44 42 7
43 43 44 43 74
43 41 44 42 271
43 41 44 41 1
43 44 44 45 10738
43 44 44 44 121
44 42 45 42 2
44 42 45 43 276
44 45 45 46 8217
44 45 45 45 2521
44 43 45 43 74
44 41 45 41 1
44 44 45 44 121
45 41 46 42 1
45 48 46 49 36
45 48 46 48 36
45 47 46 47 1
45 47 46 48 2
45 47 45 48 72
45 42 46 42 2
45 46 46 46 86
45 46 46 47 8056
45 46 45 47 75
45 45 46 46 27
45 45 46 45 2498
45 43 46 43 69
45 43 46 44 277
45 43 45 44 4
45 44 46 45 5
45 44 46 44 116
45 44 45 45 4
46 48 46 49 38
46 48 47 49 2
46 48 47 48 94
46 47 46 48 96
46 47 47 48 7876
46 47 47 47 86
46 42 47 43 3
46 49 47 50 15
46 49 47 49 59
46 46 46 47 1
46 46 47 46 88
46 46 47 47 30
46 45 46 46 6
46 45 47 46 9
46 45 47 45 2493
46 43 46 44 3
46 43 47 43 66
46 44 46 45 5
46 44 47 45 289
46 44 47 44 102
47 50 47 51 1
47 50 48 50 170
47 50 48 51 285
47 51 48 51 1
47 48 47 49 4111
47 48 48 49 22
47 48 48 48 3865
47 47 47 48 28
47 47 48 48 115
47 47 48 47 89
47 49 47 50 441
47 49 48 49 3731
47 46 47 47 116
47 46 48 46 245
47 46 48 47 6
47 45 47 46 270
47 45 48 46 2666
47 45 48 45 14
47 43 47 44 69
47 44 48 44 3
47 44 47 45 168
48 50 49 50 171
48 50 48 51 2
48 51 49 52 5
48 51 49 51 283
48 48 49 49 92
48 48 49 48 3888
48 47 49 48 6
48 47 49 47 89
48 49 49 50 8
48 49 49 49 3742
48 49 48 50 3
48 46 49 46 1
48 46 49 47 2925
48 45 48 46 15
48 44 49 45 2
48 44 48 45 1
49 50 50 50 172
49 50 50 51 7
49 51 50 51 283
49 48 50 48 3894
49 47 50 48 3016
49 52 50 52 5
49 49 50 50 76
49 49 50 49 3758
49 46 50 47 1
49 46 49 47 2
49 45 49 46 2
50 52 51 52 5
50 50 51 50 214
50 50 51 51 34
50 49 51 50 1
50 49 51 49 3757
50 51 51 51 290
50 47 51 48 1
50 48 51 49 6910
51 52 52 52 5
51 50 52 50 212
51 50 52 51 3
51 49 52 50 10667
51 51 52 51 324
51 48 52 49 1
52 52 53 52 5
52 50 53 51 10880
52 49 52 50 1
52 51 53 51 327
53 52 54 52 5
53 51 54 52 11207
54 52 55 53 11212
55 53 56 54 11212
56 54 57 55 11212
57 55 58 56 11212
58 56 59 57 11212
59 57 60 58 11212
60 58 61 59 11212
61 59 62 60 11212
62 60 63 61 11212
63 61 64 62 11212
64 62 65 63 11212
65 63 66 64 11212
66 64 67 65 11212
67 65 68 66 11212
68 66 69 67 11212
69 67 70 68 11212
70 68 71 69 11212
71 69 72 70 11212
72 70 73 71 11212
73 71 74 72 11212
74 72 75 73 11212
75 73 76 74 11212
76 74 77 75 11212
77 75 78 76 11212
78 76 79 77 11212
79 77 80 78 11212
80 78 81 79 11212
81 79 82 80 11212
82 80 83 81 11212
83 81 84 82 11212
84 82 85 83 11212
85 83 86 84 11212
86 84 87 85 11212
87 85 88 86 11212
88 86 89 87 11212
89 87 90 88 11212
90 88 91 89 11212
91 89 92 90 11212
92 90 93 91 11212
93 91 94 92 11212
94 92 95 93 11212
95 93 96 94 11212
96 94 97 95 11212
97 95 98 96 11212
98 96 99 97 11212
99 97 100 98 11212
100 98 101 99 11212
101 99 102 100 11212
102 100 103 101 11212
103 101 104 102 11212
104 102 105 103 11212
105 103 106 104 11212
106 104 107 105 11212
107 105 108 106 11212
108 106 109 107 11212
109 107 110 108 11212
110 108 111 109 11212
111 109 112 110 11212
112 110 113 111 11212
113 111 114 112 11212
114 112 115 113 11212
115 113 116 114 11212
116 114 117 115 11212
117 115 118 116 11212
118 116 119 117 11212
119 117 120 118 11212
120 118 121 119 11212
121 119 122 120 11212
122 120 123 121 11212
123 121 124 122 11212
124 122 125 123 11212
125 123 126 124 11212
126 124 127 125 11212
127 125 128 126 11212
128 126 129 127 11212
129 127 130 128 11212
130 128 131 129 11212
131 129 132 130 11212
132 130 133 131 11212
133 131 134 132 11212
134 132 135 133 11212
135 133 136 134 11212
136 134 137 135 11212
137 135 138 136 11212
138 136 139 137 11212
139 137 140 138 11212
140 138 141 139 11212
141 139 142 140 11212
142 140 143 141 11212
143 141 144 142 11212
144 142 145 143 11212
145 143 146 144 11212
146 144 147 145 11212
147 145 148 146 11212
148 146 149 147 11212
149 147 150 148 11212
150 148 151 149 11212
151 149 152 150 11212
152 150 153 151 11212
153 151 154 152 11212
154 152 155 153 11212
155 153 156 154 11212
156 154 157 155 11212
157 155 158 156 11212
158 156 159 157 11212
