-8
-8
-8
-8
-8
-8
-8
-8
-8
-8
-8
-8
-8
-8
-8
-8
-8
-7.923973193
-7.923973193
-7.923973193
-7.923973193
-7.923973193
-7.923973193
-7.923973193
-7.923973193
-7.697497718
-7.697497718
-7.697497718
-7.697497718
-7.697497718
-7.697497718
-7.697497718
-7.697497718
-7.697497718
-7.697497718
-7.713754635
-7.586114256
-7.586114256
-7.586114256
-7.586114256
-7.586114256
-7.586114256
-7.586114256
-7.586114256
-7.586114256
-7.586114256
-7.586114256
-7.586114256
-7.586114256
-7.586114256
-7.586114256
-7.586114256
-7.586114256
-7.586114256
-7.586114256
-7.586114256
-7.586114256
-7.586114256
-7.586114256
-7.586114256
-7.586114256
-7.586114256
-7.586114256
-7.586114256
-7.586114256
-7.586114256
-7.586114256
-7.586114256
-7.465214676
-7.465214676
-7.465214676
-7.465214676
-7.465214676
-7.465214676
-7.465214676
-7.465214676
-7.465214676
-7.465214676
-7.465214676
-7.465214676
-7.465214676
-7.465214676
-7.465214676
-7.465214676
-7.465214676
-7.465214676
-7.465214676
-7.465214676
-7.465214676
-7.465214676
-7.465214676
-7.465214676
-7.465214676
-7.465214676
-7.465214676
-7.307627085
-7.307627085
-7.307627085
-7.307627085
-7.307627085
-7.307627085
-7.307627085
-7.307627085
-7.465214676
-7.307627085
-7.307627085
-7.307627085
-7.307627085
-7.307627085
-7.307627085
-7.307627085
-7.307627085
-7.307627085
-7.307627085
-7.307627085
-7.307627085
-7.307627085
-7.307627085
-7.307627085
-7.307627085
-7.307627085
-7.307627085
-7.307627085
-7.307627085
-7.307627085
-7.307627085
-7.307627085
-7.307627085
-7.307627085
-7.307627085
-7.307627085
-7.307627085
-7.307627085
-7.307627085
-7.307627085
-7.307627085
-7.307627085
-7.307627085
-7.307627085
-7.307627085
-7.307627085
-7.307627085
-7.307627085
-7.307627085
-7.307627085
-7.307627085
-7.307627085
-7.307627085
-7.307627085
-7.307627085
-7.307627085
-7.307627085
-7.307627085
-7.307627085
-7.307627085
-7.307627085
-7.307627085
-7.307627085
-7.307627085
-7.307627085
-7.307627085
-7.307627085
-7.307627085
-7.307627085
-7.307627085
-7.307627085
-7.307627085
-7.29008187
-7.29008187
-7.29008187
-7.29008187
-7.29008187
-7.29008187
-7.29008187
-7.29008187
-7.29008187
-7.29008187
-7.29008187
-7.29008187
-7.29008187
-7.29008187
-7.29008187
-7.29008187
-7.29008187
-7.29008187
-7.29008187
-7.29008187
-7.29008187
-7.29008187
-7.29008187
-7.29008187
-7.030544558
-7.030544558
-7.030544558
-7.030544558
-7.030544558
-7.030544558
-7.030544558
-7.030544558
-7.030544558
-7.030544558
-7.030544558
-7.030544558
-7.030544558
-7.030544558
-7.030544558
-7.030544558
-7.030544558
-7.030544558
-7.030544558
-7.030544558
-7.030544558
-7.030544558
-7.030544558
-7.030544558
-7.030544558
-7.030544558
-7.030544558
-6.982588882
-6.982588882
-6.982588882
-6.982588882
-6.982588882
-6.982588882
-6.982588882
-6.788485606
-6.788485606
-6.788485606
-6.788485606
-6.788485606
