-0.8
-0.8
-0.8
-0.8
-0.8
-0.8
-0.8
-0.8
-0.8
-0.8
-0.8
-0.8
-0.8
-0.8
-0.8
-0.8
-0.8
-0.6579254507
-0.6579254507
-0.6579254507
-0.6579254507
-0.6579254507
-0.6579254507
-0.6579254507
-0.6579254507
-0.4732275252
-0.4732275252
-0.4732275252
-0.4732275252
-0.4732275252
-0.4732275252
-0.4732275252
-0.4732275252
-0.4732275252
-0.4732275252
-0.3441704417
-0.1570212369
-0.1570212369
-0.1570212369
-0.1570212369
-0.1570212369
-0.1570212369
-0.1570212369
-0.1570212369
-0.1570212369
-0.1570212369
-0.1570212369
-0.1570212369
-0.1570212369
-0.1570212369
-0.1570212369
-0.1570212369
-0.1570212369
-0.1570212369
-0.1570212369
-0.1570212369
-0.1570212369
-0.1570212369
-0.1570212369
-0.1570212369
-0.1570212369
-0.1570212369
-0.1570212369
-0.1570212369
-0.1570212369
-0.1570212369
-0.1570212369
-0.1570212369
-0.1585661444
-0.1585661444
-0.1585661444
-0.1585661444
-0.1585661444
-0.1585661444
-0.1585661444
-0.1585661444
-0.1585661444
-0.1585661444
-0.1585661444
-0.1585661444
-0.1585661444
-0.1585661444
-0.1585661444
-0.1585661444
-0.1585661444
-0.1585661444
-0.1585661444
-0.1585661444
-0.1585661444
-0.1585661444
-0.1585661444
-0.1585661444
-0.1585661444
-0.1585661444
-0.1585661444
-0.0883875197
-0.0883875197
-0.0883875197
-0.0883875197
-0.0883875197
-0.0883875197
-0.0883875197
-0.0883875197
-0.1585661444
-0.0883875197
-0.0883875197
-0.0883875197
-0.0883875197
-0.0883875197
-0.0883875197
-0.0883875197
-0.0883875197
-0.0883875197
-0.0883875197
-0.0883875197
-0.0883875197
-0.0883875197
-0.0883875197
-0.0883875197
-0.0883875197
-0.0883875197
-0.0883875197
-0.0883875197
-0.0883875197
-0.0883875197
-0.0883875197
-0.0883875197
-0.0883875197
-0.0883875197
-0.0883875197
-0.0883875197
-0.0883875197
-0.0883875197
-0.0883875197
-0.0883875197
-0.0883875197
-0.0883875197
-0.0883875197
-0.0883875197
-0.0883875197
-0.0883875197
-0.0883875197
-0.0883875197
-0.0883875197
-0.0883875197
-0.0883875197
-0.0883875197
-0.0883875197
-0.0883875197
-0.0883875197
-0.0883875197
-0.0883875197
-0.0883875197
-0.0883875197
-0.0883875197
-0.0883875197
-0.0883875197
-0.0883875197
-0.0883875197
-0.0883875197
-0.0883875197
-0.0883875197
-0.0883875197
-0.0883875197
-0.0883875197
-0.0883875197
-0.0883875197
-0.1713764135
-0.1713764135
-0.1713764135
-0.1713764135
-0.1713764135
-0.1713764135
-0.1713764135
-0.1713764135
-0.1713764135
-0.1713764135
-0.1713764135
-0.1713764135
-0.1713764135
-0.1713764135
-0.1713764135
-0.1713764135
-0.1713764135
-0.1713764135
-0.1713764135
-0.1713764135
-0.1713764135
-0.1713764135
-0.1713764135
-0.1713764135
-0.2469886313
-0.2469886313
-0.2469886313
-0.2469886313
-0.2469886313
-0.2469886313
-0.2469886313
-0.2469886313
-0.2469886313
-0.2469886313
-0.2469886313
-0.2469886313
-0.2469886313
-0.2469886313
-0.2469886313
-0.2469886313
-0.2469886313
-0.2469886313
-0.2469886313
-0.2469886313
-0.2469886313
-0.2469886313
-0.2469886313
-0.2469886313
-0.2469886313
-0.2469886313
-0.2469886313
-0.1918310159
-0.1918310159
-0.1918310159
-0.1918310159
-0.1918310159
-0.1918310159
-0.1918310159
-0.2158009987
-0.2158009987
-0.2158009987
-0.2158009987
-0.2158009987
