0
0
0
0
0
0
0
0
0
0
0
0
0
0
0
0
0
-0.01312950398
-0.01312950398
-0.01312950398
-0.01312950398
-0.01312950398
-0.01312950398
-0.01312950398
-0.01312950398
-0.0004153743862
-0.0004153743862
-0.0004153743862
-0.0004153743862
-0.0004153743862
-0.0004153743862
-0.0004153743862
-0.0004153743862
-0.0004153743862
-0.0004153743862
0.0303385197
0.04351946066
0.04351946066
0.04351946066
0.04351946066
0.04351946066
0.04351946066
0.04351946066
0.04351946066
0.04351946066
0.04351946066
0.04351946066
0.04351946066
0.04351946066
0.04351946066
0.04351946066
0.04351946066
0.04351946066
0.04351946066
0.04351946066
0.04351946066
0.04351946066
0.04351946066
0.04351946066
0.04351946066
0.04351946066
0.04351946066
0.04351946066
0.04351946066
0.04351946066
0.04351946066
0.04351946066
0.04351946066
0.0004653027746
0.0004653027746
0.0004653027746
0.0004653027746
0.0004653027746
0.0004653027746
0.0004653027746
0.0004653027746
0.0004653027746
0.0004653027746
0.0004653027746
0.0004653027746
0.0004653027746
0.0004653027746
0.0004653027746
0.0004653027746
0.0004653027746
0.0004653027746
0.0004653027746
0.0004653027746
0.0004653027746
0.0004653027746
0.0004653027746
0.0004653027746
0.0004653027746
0.0004653027746
0.0004653027746
0.01916998702
0.01916998702
0.01916998702
0.01916998702
0.01916998702
0.01916998702
0.01916998702
0.01916998702
0.0004653027746
0.01916998702
0.01916998702
0.01916998702
0.01916998702
0.01916998702
0.01916998702
0.01916998702
0.01916998702
0.01916998702
0.01916998702
0.01916998702
0.01916998702
0.01916998702
0.01916998702
0.01916998702
0.01916998702
0.01916998702
0.01916998702
0.01916998702
0.01916998702
0.01916998702
0.01916998702
0.01916998702
0.01916998702
0.01916998702
0.01916998702
0.01916998702
0.01916998702
0.01916998702
0.01916998702
0.01916998702
0.01916998702
0.01916998702
0.01916998702
0.01916998702
0.01916998702
0.01916998702
0.01916998702
0.01916998702
0.01916998702
0.01916998702
0.01916998702
0.01916998702
0.01916998702
0.01916998702
0.01916998702
0.01916998702
0.01916998702
0.01916998702
0.01916998702
0.01916998702
0.01916998702
0.01916998702
0.01916998702
0.01916998702
0.01916998702
0.01916998702
0.01916998702
0.01916998702
0.01916998702
0.01916998702
0.01916998702
0.01916998702
0.005238986339
0.005238986339
0.005238986339
0.005238986339
0.005238986339
0.005238986339
0.005238986339
0.005238986339
0.005238986339
0.005238986339
0.005238986339
0.005238986339
0.005238986339
0.005238986339
0.005238986339
0.005238986339
0.005238986339
0.005238986339
0.005238986339
0.005238986339
0.005238986339
0.005238986339
0.005238986339
0.005238986339
0.004400355214
0.004400355214
0.004400355214
0.004400355214
0.004400355214
0.004400355214
0.004400355214
0.004400355214
0.004400355214
0.004400355214
0.004400355214
0.004400355214
0.004400355214
0.004400355214
0.004400355214
0.004400355214
0.004400355214
0.004400355214
0.004400355214
0.004400355214
0.004400355214
0.004400355214
0.004400355214
0.004400355214
0.004400355214
0.004400355214
0.004400355214
0.002575927815
0.002575927815
0.002575927815
0.002575927815
0.002575927815
0.002575927815
0.002575927815
-0.007591212999
-0.007591212999
-0.007591212999
-0.007591212999
-0.007591212999
