-6.5
-6.5
-6.5
-6.5
-6.5
-6.43938448
-6.461382122
-6.425352732
-6.425352732
-6.425352732
-6.425352732
-6.425352732
-6.425352732
-6.425352732
-6.425352732
-6.481146162
-6.481146162
-6.481146162
-6.481146162
-6.481146162
-6.481146162
-6.481146162
-6.481146162
-6.481146162
-6.481146162
-6.481146162
-6.481146162
-6.481146162
-6.481146162
-6.481146162
-6.481146162
-6.481146162
-6.481146162
-6.524173939
-6.524173939
-6.524173939
-6.524173939
-6.524173939
-6.524173939
-6.524173939
-6.524173939
-6.524173939
-6.524173939
-6.560836727
-6.531237513
-6.531237513
-6.531237513
-6.531237513
-6.531237513
-6.531237513
-6.511690613
-6.511690613
-6.481146162
-6.511690613
-6.511690613
-6.511690613
-6.511690613
-6.511690613
-6.511690613
-6.540551964
-6.494477319
-6.494477319
-6.485886515
-6.446147996
-6.446147996
-6.446147996
-6.446147996
-6.446147996
-6.446147996
-6.446147996
-6.446147996
-6.446147996
-6.423921487
-6.423921487
-6.423921487
-6.423921487
-6.423921487
-6.423921487
-6.423921487
-6.425038214
-6.425038214
-6.425038214
-6.425038214
-6.425038214
-6.425038214
-6.425038214
-6.425038214
-6.396385798
-6.339443983
-6.339443983
-6.339443983
-6.356461502
-6.356461502
-6.356461502
-6.356461502
-6.356461502
-6.356461502
-6.356461502
-6.300781499
-6.300781499
-6.300781499
-6.300781499
-6.300781499
-6.300781499
-6.300781499
-6.300781499
-6.300781499
-6.233146738
-6.271300397
-6.263691713
-6.263691713
-6.264631325
-6.223227045
-6.223227045
-6.216266495
-6.216266495
-6.216266495
-6.216266495
-6.264959199
-6.264959199
-6.265369781
-6.265369781
-6.265369781
-6.265369781
-6.265369781
-6.265369781
-6.265369781
-6.265369781
-6.21651905
-6.21651905
-6.21651905
-6.21651905
-6.221972428
-6.221972428
-6.221972428
-6.221972428
-6.221972428
-6.221972428
-6.220301973
-6.220301973
-6.220301973
-6.230912428
-6.111019256
-6.166833974
-6.166833974
-6.166833974
-6.166833974
-6.166833974
-6.166833974
-6.166833974
-6.166833974
-6.166833974
-6.169701412
-6.21651905
-6.169701412
-6.124941784
-6.124941784
-6.124941784
-6.131551482
-6.131551482
-6.131551482
-6.088548743
-6.088548743
-6.088548743
-6.088548743
-6.088548743
-6.093942723
-6.093942723
-6.093942723
-6.093942723
-6.093942723
-6.093942723
-6.093942723
-6.093735167
-6.093735167
-6.093735167
-6.093735167
-6.093735167
-6.059458681
-6.058103363
-6.058103363
-6.058103363
-6.058103363
-6.058103363
-6.058103363
-6.058103363
-6.058103363
-6.058103363
-6.058103363
-6.058103363
-6.058103363
-6.058103363
-6.058103363
-6.059150447
-6.059150447
-6.059150447
-6.059150447
-6.059150447
-6.059150447
-6.059150447
-6.059150447
-6.059150447
-6.043031503
-6.043031503
-6.093735167
-6.043031503
-6.043031503
-6.065892459
-6.065892459
-6.065892459
-6.065892459
-6.065892459
-6.065892459
-6.027814897
-6.027814897
-6.027814897
-6.027814897
-6.005086507
-6.005086507
-6.005086507
-6.005086507
-6.003715381
-6.003715381
-6.003715381
-5.920147329
-5.920147329
-5.920147329
-5.920147329
-5.920147329
-5.915159235
-5.937811969
-5.937811969
-5.937811969
-5.937811969
-5.937811969
-5.937811969
-5.937811969
-5.937811969
-5.937811969
-5.96490633
-5.96490633
-5.928878016
-5.928502974
-5.928502974
-5.928502974
-5.928502974
-5.928502974
-5.928502974
-5.928502974
-5.928502974
-5.928502974
-5.928502974
-5.928502974
-5.918908222
-5.918908222
-6.003715381
-5.918908222
-5.918908222
-5.918908222
-5.918908222
-5.918908222
-5.918908222
-5.918908222
-5.918908222
-5.918908222
-5.918908222
-5.937012883
-5.937012883
-5.903018143
-5.903018143
-5.903018143
-5.903018143
-5.903018143
-5.903018143
-5.903018143
-5.903018143
-5.903018143
-5.903018143
-5.903018143
-5.903018143
-5.903018143
-5.903018143
-5.903018143
-5.903018143
-5.903018143
-5.903018143
-5.903018143
-5.903018143
-5.903018143
-5.903018143
-5.903018143
-5.903018143
-5.903018143
-5.903018143
-5.903018143
-5.903018143
-5.903018143
-5.903018143
-5.903018143
-5.903018143
-5.914914307
-5.914914307
-5.914914307
-5.894733394
-5.871062419
-5.871062419
-5.903018143
-5.871062419
-5.871062419
-5.871062419
-5.871062419
-5.871062419
-5.871062419
-5.825226609
-5.880787606
-5.908759734
-5.908759734
-5.908759734
-5.908759734
-5.908759734
-5.908759734
-5.908759734
-5.908759734
-5.908759734
-5.908759734
-5.908759734
-5.908759734
-5.908759734
-5.908759734
-5.908759734
-5.908759734
-5.908759734
-5.908759734
-5.922489989
-5.922489989
-5.922489989
-5.922489989
-5.922489989
-5.922489989
-5.922489989
-5.881686147
-5.881686147
-5.881686147
-5.881686147
-5.881686147
-5.881686147
-5.881686147
-5.881686147
-5.869311882
-5.869311882
-5.869311882
-5.869311882
-5.89377726
-5.89377726
-5.89377726
-5.884997405
-5.908048929
-5.904171805
-5.904171805
-5.904171805
-5.904171805
-5.904171805
-5.904171805
-5.869292136
-5.923417533
-5.923417533
-5.898454376
-5.898454376
-5.898454376
-5.898454376
-5.898454376
-5.898454376
-5.898454376
-5.898454376
-5.898454376
-5.961603222
-5.961603222
-5.961603222
-5.961603222
-5.961603222
-5.961603222
-5.968888916
-5.968888916
-5.968888916
-5.942088186
-5.942088186
-5.941352842
-5.959900884
-5.959900884
-5.959900884
-5.959900884
-5.98711917
-5.98711917
-5.973187267
-5.973187267
-5.973187267
-5.973187267
-5.973187267
-5.973187267
-5.973187267
-5.973187267
-5.986503464
-5.986503464
-5.986503464
-5.986503464
-6.016241521
-6.016241521
-6.016241521
-6.016241521
-6.049059121
-6.060276005
-6.021091142
-6.021091142
-6.021091142
-6.021080153
-6.021080153
-6.029813674
-6.029813674
-6.023280413
-6.023280413
-6.091550605
-6.104717572
-6.104717572
-6.104717572
-6.104717572
-6.104717572
-6.104717572
-6.048335973
-6.048335973
-6.048335973
-6.048335973
-6.121823637
-6.121823637
-6.121823637
-6.121823637
-6.121823637
-6.121823637
-6.121823637
-6.087342001
-6.087342001
-6.087342001
-6.087342001
-6.07718164
-6.061196701
-6.061196701
-6.061196701
-6.061196701
-6.061196701
-6.061196701
-6.061196701
-6.069081292
-6.069081292
-6.069081292
-6.091487699
-6.091487699
-6.091487699
-6.074345612
-6.074345612
-6.074345612
-6.074345612
-6.050567444
-6.050567444
-6.071935954
-6.071935954
-6.031964265
-6.015971711
-5.966040762
-5.966040762
-5.966040762
-5.966040762
-5.966040762
-5.966040762
-5.966040762
-5.966040762
-5.966040762
-5.987550782
-5.967745661
-5.967745661
-5.941269174
-5.923504578
-5.972443594
-5.97486228
-6.012661245
-6.012661245
-6.012661245
-5.977005623
-5.996124495
-5.996124495
-5.996124495
-5.996124495
-5.99394344
-5.99394344
-5.984213798
-5.984213798
-5.984213798
-5.984213798
-5.984213798
-5.984213798
-6.009887861
-5.971542984
-5.971542984
-5.971542984
-5.971542984
-5.988996091
-5.988996091
-5.988996091
-5.988996091
-5.988996091
-6.014460686
-6.014460686
-5.969941923
-5.969941923
-5.969941923
-5.969941923
-5.982462734
-5.982462734
-5.982462734
-5.982462734
-5.982462734
-6.010557156
-6.010557156
-6.051318792
-6.051318792
-5.998757175
-5.998757175
-6.014144366
-6.014144366
-5.989060304
-6.022932148
-6.022932148
-6.022932148
-6.022932148
-6.014797409
-6.014797409
-6.014797409
-5.966892174
-5.966892174
-5.966892174
-5.966892174
-5.966892174
-5.966892174
-5.966892174
-5.966892174
-5.966892174
-5.976630249
-5.976630249
-5.976630249
-5.976630249
-5.976630249
-5.994133856
-6.020344816
-6.020344816
-6.020344816
-6.025079826
-6.025079826
-6.025079826
-6.025079826
-6.025079826
-6.025079826
-6.025079826
-6.025079826
-6.025079826
-6.037395206
-6.037395206
-6.037395206
-6.037395206
-6.037395206
-6.037395206
-6.037395206
-6.037395206
-6.037395206
-6.026823037
-6.026823037
-6.026823037
-6.026823037
-6.026823037
-6.026823037
-5.977236641
-5.977236641
-6.01613502
-6.02702353
-6.009834632
-6.009834632
-6.009834632
-6.009834632
-6.009834632
-6.014178473
-6.028235245
-6.028235245
-6.028235245
-6.028235245
-5.977993073
-5.977993073
-5.977993073
-5.977993073
-6.044019883
-6.044019883
-6.044019883
-6.044019883
-6.044019883
-6.057674157
-6.057674157
-6.048833949
-6.048833949
-6.048833949
-6.048833949
-6.051655307
-6.051655307
-6.051655307
-6.051655307
-6.051655307
-6.051655307
-6.023537107
-6.023537107
-6.023537107
-6.023537107
-6.023537107
-6.062365113
-6.062365113
-6.062365113
-6.062365113
-6.062365113
-6.062365113
-6.05817312
-6.05817312
-6.05817312
-6.05817312
-6.05817312
-6.05817312
-6.05817312
-6.024574688
-6.024574688
-6.024574688
-6.024574688
-6.024574688
-6.024574688
-6.024574688
-6.115324668
-6.115324668
-6.115324668
-6.115324668
-6.115324668
-6.115324668
-6.115324668
-6.115324668
-6.115324668
-6.115324668
-6.115324668
-6.115324668
-6.186054606
-6.186054606
-6.186054606
-6.186054606
-6.186054606
-6.186054606
-6.186054606
-6.186054606
-6.186054606
-6.186054606
-6.186054606
-6.186054606
-6.186054606
-6.186054606
-6.186054606
-6.186054606
-6.186054606
-6.178809623
-6.178809623
-6.178809623
-6.183013302
-6.183013302
-6.183013302
-6.183013302
-6.183013302
-6.136770445
-6.203543857
-6.203543857
-6.211579574
-6.211579574
-6.177122258
-6.177122258
-6.177122258
-6.177122258
-6.163848609
-6.163848609
-6.163848609
-6.163848609
-6.163848609
-6.163848609
-6.163848609
-6.163848609
-6.163848609
-6.163848609
-6.163848609
-6.118367251
-6.118367251
-6.118367251
-6.198307489
-6.198307489
-6.198307489
-6.198307489
-6.198307489
-6.198307489
-6.198307489
-6.198307489
-6.198307489
-6.198307489
-6.155328206
-6.155328206
-6.155328206
-6.155328206
-6.155328206
-6.155328206
-6.155328206
-6.155328206
-6.155328206
-6.218756717
-6.218756717
-6.218756717
-6.218756717
-6.218756717
-6.194498294
-6.194498294
-6.194498294
-6.166459925
-6.166459925
-6.166459925
-6.166459925
-6.166459925
-6.166459925
-6.166459925
-6.166459925
-6.166459925
-6.166459925
-6.212337265
-6.212337265
-6.212337265
-6.212337265
-6.18850294
-6.18850294
-6.18850294
-6.18850294
-6.18850294
-6.18850294
-6.18850294
-6.18850294
-6.18850294
-6.18850294
-6.18850294
-6.18850294
-6.18850294
-6.18850294
-6.167574718
-6.178106137
-6.178106137
-6.178106137
-6.178106137
-6.178106137
-6.171431324
-6.171431324
-6.171431324
-6.171431324
-6.171431324
-6.171431324
-6.171431324
-6.171431324
-6.171431324
-6.171431324
-6.171431324
-6.171431324
-6.119746486
-6.119746486
-6.119746486
-6.119746486
-6.119746486
-6.119746486
-6.119746486
-6.119746486
-6.119746486
-6.143454974
-6.143454974
-6.143454974
-6.143454974
-6.098056326
-6.098056326
-6.098056326
-6.098056326
-6.098056326
-6.098056326
-6.111452553
-6.111452553
-6.111452553
-6.111452553
-6.109160391
-6.109160391
-6.109160391
-6.138708061
-6.138708061
-6.138708061
-6.138708061
-6.138708061
-6.145427723
-6.145427723
-6.145427723
-6.145427723
-6.145347015
-6.145347015
-6.145347015
-6.145347015
-6.145347015
-6.145347015
-6.082465042
-6.082465042
-6.082465042
-6.082465042
-6.134267801
-6.134267801
-6.134267801
-6.134267801
-6.134267801
-6.134267801
-6.134267801
-6.134267801
-6.134267801
-6.134267801
-6.134267801
-6.086387964
-6.086387964
-6.086387964
-6.086387964
-6.086387964
-6.086387964
-6.118240986
-6.118240986
-6.118240986
-6.118240986
-6.094645187
-6.094645187
-6.094645187
-6.094645187
-6.102979821
-6.102979821
-6.102979821
-6.102979821
-6.102979821
-6.102979821
-6.102979821
-6.102979821
-6.102979821
-6.102979821
-6.102979821
-6.102979821
-6.102979821
-6.133977481
-6.148000155
-6.148000155
-6.123108055
-6.123108055
-6.123108055
-6.123108055
-6.123108055
-6.123108055
-6.10018426
-6.10018426
-6.10018426
-6.10018426
-6.10018426
-6.10018426
-6.10018426
-6.09920313
-6.09920313
-6.09920313
-6.09920313
-6.09920313
-6.067017825
-6.067017825
-6.067017825
-6.067017825
-6.067017825
-6.067017825
-6.067017825
-6.067017825
-6.067017825
-6.067017825
-6.067017825
-6.067017825
-6.067017825
-6.067017825
-6.067017825
-6.079340374
-6.079340374
-6.079340374
-6.079340374
-6.079340374
-6.079340374
-6.079340374
-6.079340374
-6.079340374
-6.079340374
-6.079340374
-6.004205449
-6.07316016
-6.07316016
-6.029315243
-6.029315243
-6.029315243
-6.029315243
-6.029315243
-6.029315243
-6.029315243
-6.029315243
-6.029315243
-6.04228816
-6.04228816
-6.04228816
-6.04228816
-6.04228816
-5.99001293
-5.99001293
-5.99001293
-5.99001293
-5.991303766
-5.991303766
-5.957752636
-5.961140546
-5.963532919
-5.963532919
-5.963532919
-5.963532919
-5.963532919
-5.963532919
-5.963532919
-5.963532919
-5.963532919
-5.963532919
-5.963532919
-5.963532919
-5.963532919
-5.963532919
-5.963532919
-5.961950522
-5.949838004
-5.949838004
-5.949838004
-5.949838004
-5.949838004
-5.949838004
-5.949838004
-5.984991141
-5.984991141
-5.89234958
-5.966605602
-5.966605602
-5.966605602
-5.966605602
-5.929684865
-5.929684865
-5.929684865
-5.929684865
-5.929684865
-5.929684865
-5.929684865
-5.929684865
-5.929684865
-5.929684865
-5.922266688
-5.922266688
-5.922266688
-5.922266688
-5.922266688
-5.922266688
-5.922266688
-5.90648952
-5.895462083
-5.895462083
-5.931646043
-5.931646043
-5.917112557
-5.917112557
-5.907098594
-5.907098594
-5.907098594
-5.907098594
-5.907098594
-5.907098594
-5.907098594
-5.907098594
-5.907098594
-5.907098594
-5.91066385
-5.91066385
-5.91066385
-5.91066385
-5.91066385
-5.91066385
-5.91066385
-5.91066385
-5.91066385
-5.91066385
-5.91066385
-5.91066385
-5.91066385
-5.91066385
-5.894199617
-5.894199617
-5.894199617
-5.894199617
-5.894199617
-5.894199617
-5.894199617
-5.912401627
-5.912401627
-5.912401627
-5.912401627
-5.916286874
-5.916286874
-5.916286874
-5.916286874
-5.851118624
-5.855901592
-5.870818641
-5.870818641
-5.870818641
-5.870818641
-5.870818641
-5.870818641
-5.870818641
-5.870818641
-5.831115802
-5.831115802
-5.831115802
-5.854727552
-5.854727552
-5.854727552
-5.854727552
-5.854727552
-5.854727552
-5.854727552
-5.854727552
-5.858629096
-5.858629096
-5.858629096
-5.858629096
-5.858091497
-5.858091497
-5.858091497
-5.858091497
-5.807608872
-5.807608872
-5.767657011
-5.767657011
-5.767657011
-5.760948593
-5.760948593
-5.760948593
-5.760948593
-5.760948593
-5.760948593
-5.760948593
-5.814496864
-5.814496864
-5.814496864
-5.814496864
-5.814496864
-5.814496864
-5.814496864
-5.814496864
-5.814496864
-5.814496864
-5.814496864
-5.814496864
-5.814496864
-5.814496864
-5.814496864
-5.814496864
-5.814496864
-5.814496864
-5.814496864
-5.814496864
-5.814496864
-5.814496864
-5.81137876
-5.81137876
-5.81137876
-5.81137876
-5.81137876
-5.81137876
-5.81137876
-5.81137876
-5.81137876
-5.883348859
-5.883348859
-5.883348859
-5.883348859
-5.81093031
-5.81093031
-5.81093031
-5.81093031
-5.81093031
-5.81093031
-5.799570554
-5.759370975
-5.759370975
-5.759370975
-5.759370975
-5.759370975
-5.759370975
-5.759370975
-5.759370975
-5.759370975
-5.759370975
-5.759370975
-5.759370975
-5.770019098
-5.770019098
-5.770019098
-5.770019098
-5.775927448
-5.775927448
-5.739569175
-5.739569175
-5.739569175
-5.739569175
-5.739569175
-5.739569175
-5.739569175
-5.74810204
-5.74810204
-5.74810204
-5.74810204
-5.74810204
-5.74810204
-5.721870928
-5.721870928
-5.721870928
-5.721870928
-5.721870928
-5.721870928
-5.721870928
-5.721870928
-5.721870928
-5.721870928
-5.721870928
-5.721870928
-5.752024192
-5.752024192
-5.752024192
-5.752024192
-5.752024192
-5.813725633
-5.815802975
-5.815802975
-5.815802975
-5.739866105
-5.739866105
-5.739866105
-5.739866105
-5.739866105
-5.697366215
-5.697366215
-5.697366215
-5.697366215
-5.697366215
-5.697366215
-5.777061466
-5.777061466
-5.788099975
-5.792798962
-5.792798962
-5.786157665
-5.786157665
-5.750796444
-5.750796444
-5.763190439
-5.763190439
-5.763190439
-5.763190439
-5.763190439
-5.763190439
-5.763190439
-5.800484319
-5.800484319
-5.800484319
-5.800484319
-5.800484319
-5.800484319
-5.800484319
-5.800484319
-5.800484319
-5.800484319
-5.800484319
-5.800484319
-5.800484319
-5.749355844
-5.749355844
-5.749355844
-5.749355844
-5.736372785
-5.736372785
-5.737724878
-5.737724878
-5.737724878
-5.740880625
-5.740880625
-5.730052542
-5.730052542
-5.730052542
-5.740880625
-5.730052542
-5.772252191
-5.772252191
-5.772252191
-5.787830625
-5.787830625
-5.787830625
-5.787830625
-5.742136511
-5.742136511
-5.742136511
-5.742136511
-5.742136511
-5.742136511
-5.742136511
-5.742136511
-5.742136511
-5.742136511
-5.750536296
-5.750536296
-5.750536296
-5.750536296
-5.750536296
-5.750536296
-5.750536296
-5.750536296
-5.750536296
-5.750536296
-5.750536296
-5.750536296
-5.750536296
-5.750536296
-5.750536296
-5.750536296
-5.750536296
-5.750536296
-5.750536296
-5.750536296
-5.750536296
-5.750536296
-5.750536296
-5.750536296
-5.750536296
-5.750536296
-5.742277157
-5.692045971
-5.692045971
-5.761983204
-5.761983204
-5.753677353
-5.753677353
-5.704102971
-5.704102971
-5.704102971
-5.672295983
-5.672295983
-5.672295983
-5.672295983
-5.68705256
-5.68705256
-5.68705256
-5.725944377
-5.725944377
-5.725944377
-5.725944377
-5.725944377
-5.725944377
-5.745230652
-5.745230652
-5.745230652
-5.745230652
-5.745230652
-5.786796778
-5.786796778
-5.786796778
-5.786796778
-5.786796778
-5.786796778
-5.786796778
-5.786796778
-5.813965516
-5.753532769
-5.753532769
-5.753532769
-5.753532769
-5.753532769
-5.753532769
-5.753532769
-5.753532769
-5.753532769
-5.753532769
-5.77560764
-5.77560764
-5.77560764
-5.77560764
-5.77560764
-5.77560764
-5.77560764
-5.77560764
-5.77560764
-5.77560764
-5.77560764
-5.77560764
-5.759038704
-5.759038704
-5.759038704
-5.759038704
-5.759038704
-5.759038704
-5.759038704
-5.759038704
-5.759038704
-5.776875246
-5.776875246
-5.776875246
-5.776875246
-5.776875246
-5.776875246
-5.776875246
-5.776875246
-5.776875246
-5.785269706
-5.785269706
-5.785269706
-5.785269706
-5.785269706
-5.785269706
-5.785269706
-5.785269706
-5.785269706
-5.785269706
-5.785269706
-5.785269706
-5.785269706
-5.785269706
-5.785269706
-5.785269706
-5.802166256
-5.802166256
-5.802166256
-5.802166256
-5.802166256
-5.802166256
-5.802166256
-5.802166256
-5.747218795
-5.729626117
-5.729626117
-5.797088508
-5.797088508
-5.802166256
-5.797088508
-5.797088508
-5.797088508
-5.797088508
-5.797088508
-5.769465087
-5.769465087
-5.775662652
-5.775662652
-5.778447285
-5.778447285
-5.778447285
-5.778447285
-5.747420235
-5.747420235
-5.747420235
-5.747420235
-5.747420235
-5.739059827
-5.747829212
-5.699602092
-5.699602092
-5.728717567
-5.728717567
-5.664528036
-5.635441802
-5.635441802
-5.635441802
-5.635441802
-5.635441802
-5.662843123
-5.662843123
-5.662843123
-5.704469362
-5.704469362
-5.704469362
-5.704469362
-5.704469362
-5.674655417
-5.674655417
-5.674655417
-5.674655417
-5.674655417
-5.674655417
-5.674655417
-5.674655417
-5.674550959
-5.674550959
-5.674550959
-5.674550959
-5.674550959
-5.674550959
-5.674550959
-5.674550959
-5.674550959
-5.674550959
-5.674550959
-5.674550959
-5.674550959
-5.674550959
-5.674550959
-5.618076467
-5.648724731
-5.723154273
-5.723154273
-5.723154273
-5.723154273
-5.723154273
-5.739074292
-5.655252114
-5.713759698
-5.651908722
-5.651908722
-5.70450631
-5.650688944
-5.650688944
-5.650688944
-5.650688944
-5.738671095
-5.738671095
-5.73243335
-5.73243335
-5.73243335
-5.73243335
-5.73243335
-5.73243335
-5.73243335
-5.73243335
-5.73243335
-5.73243335
-5.73243335
-5.713978818
-5.713978818
-5.713978818
-5.713978818
-5.689592536
-5.719070716
-5.719070716
-5.719070716
-5.719070716
-5.719070716
-5.719070716
-5.719070716
-5.712306158
-5.712306158
-5.712306158
-5.712306158
-5.712306158
-5.712306158
-5.712306158
-5.712306158
-5.712306158
-5.702890772
-5.702890772
-5.702890772
-5.702890772
-5.702890772
-5.750389699
-5.750389699
-5.750389699
-5.750389699
-5.750389699
-5.750389699
-5.764143195
-5.764143195
-5.764143195
-5.764143195
-5.764143195
-5.764143195
-5.764143195
-5.764143195
-5.780077198
-5.780077198
-5.780077198
-5.780077198
-5.780077198
-5.780077198
-5.780077198
-5.780077198
-5.780077198
-5.780077198
-5.78412592
-5.78412592
-5.78412592
-5.78412592
-5.78412592
-5.78412592
-5.724855595
-5.769945917
-5.769945917
-5.769945917
-5.769945917
-5.769945917
-5.779535216
-5.779535216
-5.779535216
-5.779535216
-5.779535216
-5.779535216
-5.779535216
-5.779535216
-5.779535216
-5.784510301
-5.784510301
-5.822264214
-5.822264214
-5.874112738
-5.874112738
-5.874112738
-5.874112738
-5.874112738
-5.874112738
-5.874112738
-5.874112738
-5.874112738
-5.874112738
-5.874112738
-5.874112738
-5.874112738
-5.880799025
-5.880799025
-5.880799025
-5.880799025
-5.820821591
-5.820821591
-5.820821591
-5.807729124
-5.807729124
-5.807729124
-5.807729124
-5.807729124
-5.850617726
-5.850617726
-5.850617726
-5.855581898
-5.855581898
-5.855581898
-5.855581898
-5.844931294
-5.844931294
-5.811100533
-5.811100533
-5.811100533
-5.811100533
-5.811100533
-5.825365106
-5.825365106
-5.825365106
-5.825365106
-5.825365106
-5.813555118
-5.813555118
-5.813555118
-5.813555118
-5.813555118
-5.813555118
-5.787218739
-5.787218739
-5.787218739
-5.787218739
-5.787218739
-5.787218739
-5.787218739
-5.845991424
-5.845991424
-5.845991424
-5.845991424
-5.845991424
-5.845991424
-5.845991424
-5.845991424
-5.845991424
-5.845991424
-5.845991424
-5.845991424
-5.845991424
-5.845991424
-5.847348837
-5.847348837
-5.847348837
-5.847348837
-5.847348837
-5.847348837
-5.847348837
-5.847348837
-5.847348837
-5.847348837
-5.847348837
-5.893157058
-5.894730375
-5.894730375
-5.894730375
-5.894730375
-5.894730375
-5.894730375
-5.894730375
-5.894730375
-5.906347681
-5.906347681
-5.906347681
-5.906347681
-5.906347681
-5.906347681
-5.906347681
-5.906347681
-5.906347681
-5.906347681
-5.906347681
-5.906347681
-5.906347681
-5.906347681
-5.906347681
-5.906347681
-5.906347681
-5.906347681
-5.906347681
-5.906347681
-5.906347681
-5.906347681
-5.906347681
-5.842151376
-5.842151376
-5.842151376
-5.842151376
-5.842151376
-5.842151376
-5.842151376
-5.842151376
-5.820912428
-5.820912428
-5.820912428
-5.820912428
-5.820912428
-5.820912428
-5.820912428
-5.826750599
-5.867542554
-5.867542554
-5.867542554
-5.816782195
-5.852773119
-5.852773119
-5.852773119
-5.828350096
-5.818463908
-5.818463908
-5.820480737
-5.820480737
-5.820480737
-5.820480737
-5.791711441
-5.791711441
-5.791711441
-5.791711441
-5.791711441
-5.791711441
-5.791711441
-5.791711441
-5.791711441
-5.789470065
-5.789470065
-5.789470065
-5.789470065
-5.789470065
-5.789470065
-5.789470065
-5.789470065
-5.789470065
-5.789470065
-5.789470065
-5.789470065
-5.813577825
-5.813577825
-5.813577825
-5.754526058
-5.754526058
-5.754526058
-5.774063105
-5.774063105
-5.774063105
-5.774063105
-5.774063105
-5.774063105
-5.774063105
-5.774063105
-5.812567848
-5.812567848
-5.812567848
-5.800456163
-5.798629924
-5.798629924
-5.798629924
-5.798629924
-5.805446966
-5.805446966
-5.805446966
-5.85283069
-5.85283069
-5.85283069
-5.85283069
-5.85283069
-5.85283069
-5.867477539
-5.867477539
-5.867477539
-5.867477539
-5.867477539
-5.867477539
-5.867477539
-5.867477539
-5.867477539
-5.867477539
-5.867477539
-5.867477539
-5.837079337
-5.837079337
-5.837079337
-5.837079337
-5.837079337
-5.858731274
-5.858731274
-5.858731274
-5.858731274
-5.858731274
-5.858731274
-5.858731274
-5.858731274
-5.858731274
-5.858731274
-5.858731274
-5.858731274
-5.858731274
-5.858731274
-5.858731274
-5.832553938
-5.832553938
-5.820203514
-5.820203514
-5.820203514
-5.820203514
-5.820203514
-5.820203514
-5.775746905
-5.808366248
-5.808366248
-5.77576536
-5.77576536
-5.785601208
-5.785601208
-5.785601208
-5.760689176
-5.760689176
-5.760689176
-5.760689176
-5.75240453
-5.75240453
-5.814960186
-5.814960186
-5.814960186
-5.824539375
-5.824539375
-5.805572144
-5.805572144
-5.805572144
-5.805572144
-5.805572144
-5.805572144
-5.783641163
-5.783641163
-5.783641163
-5.783641163
-5.783641163
-5.783641163
-5.783641163
-5.706211034
-5.706211034
-5.706211034
-5.70827281
-5.70827281
-5.70827281
-5.70827281
-5.70827281
-5.707577532
-5.707577532
-5.707577532
-5.706814244
-5.706814244
-5.706814244
-5.706814244
-5.706814244
-5.746863195
-5.746863195
-5.746863195
-5.746863195
-5.746863195
-5.746863195
-5.746863195
-5.746863195
-5.746863195
-5.746863195
-5.746863195
-5.746863195
-5.746863195
-5.746863195
-5.746863195
-5.746863195
-5.746863195
-5.746863195
-5.746863195
-5.746863195
-5.746863195
-5.746863195
-5.761260843
-5.761260843
-5.761260843
-5.761260843
-5.761260843
-5.761260843
-5.761260843
-5.761260843
-5.761260843
-5.736698347
-5.734862229
-5.734862229
-5.698950923
-5.698950923
-5.683959857
-5.694910847
-5.694910847
-5.694910847
-5.694910847
-5.694910847
-5.694910847
-5.694910847
-5.694910847
-5.694910847
-5.694910847
-5.694910847
-5.694910847
-5.694261572
-5.735240235
-5.735240235
-5.735240235
-5.735240235
-5.735240235
-5.735240235
-5.735240235
-5.735240235
-5.735240235
-5.735240235
-5.735240235
-5.6583227
-5.6583227
-5.6583227
-5.6583227
-5.6583227
-5.6583227
-5.6583227
-5.696702864
-5.696702864
-5.696702864
-5.696702864
-5.696702864
-5.696702864
-5.696702864
-5.696702864
-5.72644501
-5.72644501
-5.72644501
-5.72644501
-5.72644501
-5.696990828
-5.696990828
-5.696990828
-5.696990828
-5.696990828
-5.696990828
-5.696990828
-5.696990828
-5.687056135
-5.687056135
-5.687056135
-5.687056135
