-0.65
-0.65
-0.65
-0.65
-0.65
-0.5637863847
-0.5144999725
-0.3868553848
-0.3868553848
-0.3868553848
-0.3868553848
-0.3868553848
-0.3868553848
-0.3868553848
-0.3868553848
-0.2083352134
-0.2083352134
-0.2083352134
-0.2083352134
-0.2083352134
-0.2083352134
-0.2083352134
-0.2083352134
-0.2083352134
-0.2083352134
-0.2083352134
-0.2083352134
-0.2083352134
-0.2083352134
-0.2083352134
-0.2083352134
-0.2083352134
-0.2083352134
-0.1062043321
-0.1062043321
-0.1062043321
-0.1062043321
-0.1062043321
-0.1062043321
-0.1062043321
-0.1062043321
-0.1062043321
-0.1062043321
-0.1404975109
-0.2067048345
-0.2067048345
-0.2067048345
-0.2067048345
-0.2067048345
-0.2067048345
-0.2112364719
-0.2112364719
-0.2083352134
-0.2112364719
-0.2112364719
-0.2112364719
-0.2112364719
-0.2112364719
-0.2112364719
-0.2851766269
-0.3418136461
-0.3418136461
-0.2806908426
-0.2573005769
-0.2573005769
-0.2573005769
-0.2573005769
-0.2573005769
-0.2573005769
-0.2573005769
-0.2573005769
-0.2573005769
-0.2344335597
-0.2344335597
-0.2344335597
-0.2344335597
-0.2344335597
-0.2344335597
-0.2344335597
-0.2611256414
-0.2611256414
-0.2611256414
-0.2611256414
-0.2611256414
-0.2611256414
-0.2611256414
-0.2611256414
-0.1922288847
-0.3204583227
-0.3204583227
-0.3204583227
-0.3772973517
-0.3772973517
-0.3772973517
-0.3772973517
-0.3772973517
-0.3772973517
-0.3772973517
-0.383112915
-0.383112915
-0.383112915
-0.383112915
-0.383112915
-0.383112915
-0.383112915
-0.383112915
-0.383112915
-0.2888054199
-0.2873955022
-0.2469181124
-0.2469181124
-0.1858682759
-0.1548080154
-0.1548080154
-0.2644370946
-0.2644370946
-0.2644370946
-0.2644370946
-0.224847292
-0.224847292
-0.2100085297
-0.2100085297
-0.2100085297
-0.2100085297
-0.2100085297
-0.2100085297
-0.2100085297
-0.2100085297
-0.1795113945
-0.1795113945
-0.1795113945
-0.1795113945
-0.1936240122
-0.1936240122
-0.1936240122
-0.1936240122
-0.1936240122
-0.1936240122
-0.1613093313
-0.1613093313
-0.1613093313
-0.1213896102
-0.1388042141
-0.1738972169
-0.1738972169
-0.1738972169
-0.1738972169
-0.1738972169
-0.1738972169
-0.1738972169
-0.1738972169
-0.1738972169
-0.1595086401
-0.1795113945
-0.1595086401
-0.1413333455
-0.1413333455
-0.1413333455
-0.06930395212
-0.06930395212
-0.06930395212
-0.127860648
-0.127860648
-0.127860648
-0.127860648
-0.127860648
-0.1476500897
-0.1476500897
-0.1476500897
-0.1476500897
-0.1476500897
-0.1476500897
-0.1476500897
-0.1989618682
-0.1989618682
-0.1989618682
-0.1989618682
-0.1989618682
-0.1627419643
-0.06980040319
-0.06980040319
-0.06980040319
-0.06980040319
-0.06980040319
-0.06980040319
-0.06980040319
-0.06980040319
-0.06980040319
-0.06980040319
-0.06980040319
-0.06980040319
-0.06980040319
-0.06980040319
-0.179988293
-0.179988293
-0.179988293
-0.179988293
-0.179988293
-0.179988293
-0.179988293
-0.179988293
-0.179988293
-0.1492073661
-0.1492073661
-0.1989618682
-0.1492073661
-0.1492073661
-0.1453885081
-0.1453885081
-0.1453885081
-0.1453885081
-0.1453885081
-0.1453885081
-0.1949898473
-0.1949898473
-0.1949898473
-0.1949898473
-0.1709347613
-0.1709347613
-0.1709347613
-0.1709347613
-0.1607870168
-0.1607870168
-0.1607870168
-0.1407618274
-0.1407618274
-0.1407618274
-0.1407618274
-0.1407618274
-0.1381204908
-0.1318345745
-0.1318345745
-0.1318345745
-0.1318345745
-0.1318345745
-0.1318345745
-0.1318345745
-0.1318345745
-0.1318345745
-0.1938261917
-0.1938261917
-0.1583120662
-0.157150199
-0.157150199
-0.157150199
-0.157150199
-0.157150199
-0.157150199
-0.157150199
-0.157150199
-0.157150199
-0.157150199
-0.157150199
-0.2274299782
-0.2274299782
-0.1607870168
-0.2274299782
-0.2274299782
-0.2274299782
-0.2274299782
-0.2274299782
-0.2274299782
-0.2274299782
-0.2274299782
-0.2274299782
-0.2274299782
-0.2119850925
-0.2119850925
-0.1668154806
-0.1668154806
-0.1668154806
-0.1668154806
-0.1668154806
-0.1668154806
-0.1668154806
-0.1668154806
-0.1668154806
-0.1668154806
-0.1668154806
-0.1668154806
-0.1668154806
-0.1668154806
-0.1668154806
-0.1668154806
-0.1668154806
-0.1668154806
-0.1668154806
-0.1668154806
-0.1668154806
-0.1668154806
-0.1668154806
-0.1668154806
-0.1668154806
-0.1668154806
-0.1668154806
-0.1668154806
-0.1668154806
-0.1668154806
-0.1668154806
-0.1668154806
-0.2842541812
-0.2842541812
-0.2842541812
-0.1751699838
-0.3188163836
-0.3188163836
-0.1668154806
-0.3188163836
-0.3188163836
-0.3188163836
-0.3188163836
-0.3188163836
-0.3188163836
-0.1866788869
-0.2654505242
-0.2772592237
-0.2772592237
-0.2772592237
-0.2772592237
-0.2772592237
-0.2772592237
-0.2772592237
-0.2772592237
-0.2772592237
-0.2772592237
-0.2772592237
-0.2772592237
-0.2772592237
-0.2772592237
-0.2772592237
-0.2772592237
-0.2772592237
-0.2772592237
-0.2314820863
-0.2314820863
-0.2314820863
-0.2314820863
-0.2314820863
-0.2314820863
-0.2314820863
-0.2626028799
-0.2626028799
-0.2626028799
-0.2626028799
-0.2626028799
-0.2626028799
-0.2626028799
-0.2626028799
-0.08540020201
-0.08540020201
-0.08540020201
-0.08540020201
-0.1858962049
-0.1858962049
-0.1858962049
-0.1691397025
-0.1677405415
-0.1467082711
-0.1467082711
-0.1467082711
-0.1467082711
-0.1467082711
-0.1467082711
-0.1567331735
-0.1860542798
-0.1860542798
-0.1929226672
-0.1929226672
-0.1929226672
-0.1929226672
-0.1929226672
-0.1929226672
-0.1929226672
-0.1929226672
-0.1929226672
-0.1820730834
-0.1820730834
-0.1820730834
-0.1820730834
-0.1820730834
-0.1820730834
-0.158060809
-0.158060809
-0.158060809
-0.1477140026
-0.1477140026
-0.1413567829
-0.1584351354
-0.1584351354
-0.1584351354
-0.1584351354
-0.1823201975
-0.1823201975
-0.09116707121
-0.09116707121
-0.09116707121
-0.09116707121
-0.09116707121
-0.09116707121
-0.09116707121
-0.09116707121
-0.1397763463
-0.1397763463
-0.1397763463
-0.1397763463
-0.08904766163
-0.08904766163
-0.08904766163
-0.08904766163
-0.2287113926
-0.2224286907
-0.2310869126
-0.2310869126
-0.2310869126
-0.2666386924
-0.2666386924
-0.3341182105
-0.3341182105
-0.3513604302
-0.3513604302
-0.2799135369
-0.2458073518
-0.2458073518
-0.2458073518
-0.2458073518
-0.2458073518
-0.2458073518
-0.2066986985
-0.2066986985
-0.2066986985
-0.2066986985
-0.2056836834
-0.2056836834
-0.2056836834
-0.2056836834
-0.2056836834
-0.2056836834
-0.2056836834
-0.2528483913
-0.2528483913
-0.2528483913
-0.2528483913
-0.2695981129
-0.1316284608
-0.1316284608
-0.1316284608
-0.1316284608
-0.1316284608
-0.1316284608
-0.1316284608
-0.2295579393
-0.2295579393
-0.2295579393
-0.1624681849
-0.1624681849
-0.1624681849
-0.1771761306
-0.1771761306
-0.1771761306
-0.1771761306
-0.1605907929
-0.1605907929
-0.2030483947
-0.2030483947
-0.2479979234
-0.2181207843
-0.1294970381
-0.1294970381
-0.1294970381
-0.1294970381
-0.1294970381
-0.1294970381
-0.1294970381
-0.1294970381
-0.1294970381
-0.08240692681
-0.08380938126
-0.08380938126
-0.09407846219
-0.1001544957
-0.1220850396
-0.1084612312
-0.2635648672
-0.2635648672
-0.2635648672
-0.2828978415
-0.3107764262
-0.3107764262
-0.3107764262
-0.3107764262
-0.2593334372
-0.2593334372
-0.238648333
-0.238648333
-0.238648333
-0.238648333
-0.238648333
-0.238648333
-0.1870013148
-0.1475886277
-0.1475886277
-0.1475886277
-0.1475886277
-0.2148183925
-0.2148183925
-0.2148183925
-0.2148183925
-0.2148183925
-0.2315216723
-0.2315216723
-0.2491200854
-0.2491200854
-0.2491200854
-0.2491200854
-0.211816024
-0.211816024
-0.211816024
-0.211816024
-0.211816024
-0.08607417813
-0.08607417813
-0.09742945754
-0.09742945754
-0.06697225416
-0.06697225416
-0.1246755992
-0.1246755992
-0.09378502107
-0.1042769948
-0.1042769948
-0.1042769948
-0.1042769948
-0.161070244
-0.161070244
-0.161070244
-0.1851296995
-0.1851296995
-0.1851296995
-0.1851296995
-0.1851296995
-0.1851296995
-0.1851296995
-0.1851296995
-0.1851296995
-0.1721415305
-0.1721415305
-0.1721415305
-0.1721415305
-0.1721415305
-0.1869150732
-0.1793074386
-0.1793074386
-0.1793074386
-0.1841002426
-0.1841002426
-0.1841002426
-0.1841002426
-0.1841002426
-0.1841002426
-0.1841002426
-0.1841002426
-0.1841002426
-0.1669542405
-0.1669542405
-0.1669542405
-0.1669542405
-0.1669542405
-0.1669542405
-0.1669542405
-0.1669542405
-0.1669542405
-0.1216695536
-0.1216695536
-0.1216695536
-0.1216695536
-0.1216695536
-0.1216695536
-0.09345473719
-0.09345473719
-0.1619881676
-0.2316652905
-0.1471303372
-0.1471303372
-0.1471303372
-0.1471303372
-0.1471303372
-0.1434020217
-0.2512360188
-0.2512360188
-0.2512360188
-0.2512360188
-0.1739619715
-0.1739619715
-0.1739619715
-0.1739619715
-0.1607108215
-0.1607108215
-0.1607108215
-0.1607108215
-0.1607108215
-0.1447693321
-0.1447693321
-0.2674157487
-0.2674157487
-0.2674157487
-0.2674157487
-0.3554123271
-0.3554123271
-0.3554123271
-0.3554123271
-0.3554123271
-0.3554123271
-0.3137799392
-0.3137799392
-0.3137799392
-0.3137799392
-0.3137799392
-0.2122367572
-0.2122367572
-0.2122367572
-0.2122367572
-0.2122367572
-0.2122367572
-0.1867367072
-0.1867367072
-0.1867367072
-0.1867367072
-0.1867367072
-0.1867367072
-0.1867367072
-0.1392177644
-0.1392177644
-0.1392177644
-0.1392177644
-0.1392177644
-0.1392177644
-0.1392177644
-0.09887637794
-0.09887637794
-0.09887637794
-0.09887637794
-0.09887637794
-0.09887637794
-0.09887637794
-0.09887637794
-0.09887637794
-0.09887637794
-0.09887637794
-0.09887637794
-0.07267589154
-0.07267589154
-0.07267589154
-0.07267589154
-0.07267589154
-0.07267589154
-0.07267589154
-0.07267589154
-0.07267589154
-0.07267589154
-0.07267589154
-0.07267589154
-0.07267589154
-0.07267589154
-0.07267589154
-0.07267589154
-0.07267589154
-0.08290118881
-0.08290118881
-0.08290118881
-0.1658647261
-0.1658647261
-0.1658647261
-0.1658647261
-0.1658647261
-0.1415680333
-0.2184835567
-0.2184835567
-0.1865474327
-0.1865474327
-0.1079446248
-0.1079446248
-0.1079446248
-0.1079446248
-0.2159190293
-0.2159190293
-0.2159190293
-0.2159190293
-0.2159190293
-0.2159190293
-0.2159190293
-0.2159190293
-0.2159190293
-0.2159190293
-0.2159190293
-0.1488825101
-0.1488825101
-0.1488825101
-0.148215226
-0.148215226
-0.148215226
-0.148215226
-0.148215226
-0.148215226
-0.148215226
-0.148215226
-0.148215226
-0.148215226
-0.1157417866
-0.1157417866
-0.1157417866
-0.1157417866
-0.1157417866
-0.1157417866
-0.1157417866
-0.1157417866
-0.1157417866
-0.2685431022
-0.2685431022
-0.2685431022
-0.2685431022
-0.2685431022
-0.2266129294
-0.2266129294
-0.2266129294
-0.1677773623
-0.1677773623
-0.1677773623
-0.1677773623
-0.1677773623
-0.1677773623
-0.1677773623
-0.1677773623
-0.1677773623
-0.1677773623
-0.1625092437
-0.1625092437
-0.1625092437
-0.1625092437
-0.1680665006
-0.1680665006
-0.1680665006
-0.1680665006
-0.1680665006
-0.1680665006
-0.1680665006
-0.1680665006
-0.1680665006
-0.1680665006
-0.1680665006
-0.1680665006
-0.1680665006
-0.1680665006
-0.1765454929
-0.06298789816
-0.06298789816
-0.06298789816
-0.06298789816
-0.06298789816
-0.09546821595
-0.09546821595
-0.09546821595
-0.09546821595
-0.09546821595
-0.09546821595
-0.09546821595
-0.09546821595
-0.09546821595
-0.09546821595
-0.09546821595
-0.09546821595
-0.1812855692
-0.1812855692
-0.1812855692
-0.1812855692
-0.1812855692
-0.1812855692
-0.1812855692
-0.1812855692
-0.1812855692
-0.1971923499
-0.1971923499
-0.1971923499
-0.1971923499
-0.202795273
-0.202795273
-0.202795273
-0.202795273
-0.202795273
-0.202795273
-0.1541845092
-0.1541845092
-0.1541845092
-0.1541845092
-0.1725827338
-0.1725827338
-0.1725827338
-0.1634462183
-0.1634462183
-0.1634462183
-0.1634462183
-0.1634462183
-0.1314648598
-0.1314648598
-0.1314648598
-0.1314648598
-0.2512773257
-0.2512773257
-0.2512773257
-0.2512773257
-0.2512773257
-0.2512773257
-0.1878395043
-0.1878395043
-0.1878395043
-0.1878395043
-0.1864442097
-0.1864442097
-0.1864442097
-0.1864442097
-0.1864442097
-0.1864442097
-0.1864442097
-0.1864442097
-0.1864442097
-0.1864442097
-0.1864442097
-0.140283598
-0.140283598
-0.140283598
-0.140283598
-0.140283598
-0.140283598
-0.2911051502
-0.2911051502
-0.2911051502
-0.2911051502
-0.270985247
-0.270985247
-0.270985247
-0.270985247
-0.2466202279
-0.2466202279
-0.2466202279
-0.2466202279
-0.2466202279
-0.2466202279
-0.2466202279
-0.2466202279
-0.2466202279
-0.2466202279
-0.2466202279
-0.2466202279
-0.2466202279
-0.1878096518
-0.1956621164
-0.1956621164
-0.2435706868
-0.2435706868
-0.2435706868
-0.2435706868
-0.2435706868
-0.2435706868
-0.1464206897
-0.1464206897
-0.1464206897
-0.1464206897
-0.1464206897
-0.1464206897
-0.1464206897
-0.1828171175
-0.1828171175
-0.1828171175
-0.1828171175
-0.1828171175
-0.1478912014
-0.1478912014
-0.1478912014
-0.1478912014
-0.1478912014
-0.1478912014
-0.1478912014
-0.1478912014
-0.1478912014
-0.1478912014
-0.1478912014
-0.1478912014
-0.1478912014
-0.1478912014
-0.1478912014
-0.1076147004
-0.1076147004
-0.1076147004
-0.1076147004
-0.1076147004
-0.1076147004
-0.1076147004
-0.1076147004
-0.1076147004
-0.1076147004
-0.1076147004
-0.1521454207
-0.2094149414
-0.2094149414
-0.1785496444
-0.1785496444
-0.1785496444
-0.1785496444
-0.1785496444
-0.1785496444
-0.1785496444
-0.1785496444
-0.1785496444
-0.220960077
-0.220960077
-0.220960077
-0.220960077
-0.220960077
-0.2853249757
-0.2853249757
-0.2853249757
-0.2853249757
-0.2818058923
-0.2818058923
-0.1712380907
-0.1358440765
-0.1446252051
-0.1446252051
-0.1446252051
-0.1446252051
-0.1446252051
-0.1446252051
-0.1446252051
-0.1446252051
-0.1446252051
-0.1446252051
-0.1446252051
-0.1446252051
-0.1446252051
-0.1446252051
-0.1446252051
-0.1312100321
-0.1557154394
-0.1557154394
-0.1557154394
-0.1557154394
-0.1557154394
-0.1557154394
-0.1557154394
-0.2865390598
-0.2865390598
-0.3154769331
-0.22337312
-0.22337312
-0.22337312
-0.22337312
-0.1296109948
-0.1296109948
-0.1296109948
-0.1296109948
-0.1296109948
-0.1296109948
-0.1296109948
-0.1296109948
-0.1296109948
-0.1296109948
-0.1158207521
-0.1158207521
-0.1158207521
-0.1158207521
-0.1158207521
-0.1158207521
-0.1158207521
-0.1135134102
-0.2475036207
-0.2475036207
-0.1504398062
-0.1504398062
-0.1463190999
-0.1463190999
-0.2316330371
-0.2316330371
-0.2316330371
-0.2316330371
-0.2316330371
-0.2316330371
-0.2316330371
-0.2316330371
-0.2316330371
-0.2316330371
-0.1721279862
-0.1721279862
-0.1721279862
-0.1721279862
-0.1721279862
-0.1721279862
-0.1721279862
-0.1721279862
-0.1721279862
-0.1721279862
-0.1721279862
-0.1721279862
-0.1721279862
-0.1721279862
-0.1807058641
-0.1807058641
-0.1807058641
-0.1807058641
-0.1807058641
-0.1807058641
-0.1807058641
-0.1767257397
-0.1767257397
-0.1767257397
-0.1767257397
-0.1718791453
-0.1718791453
-0.1718791453
-0.1718791453
-0.2332380556
-0.1908524712
-0.09771362645
-0.09771362645
-0.09771362645
-0.09771362645
-0.09771362645
-0.09771362645
-0.09771362645
-0.09771362645
-0.2502052105
-0.2502052105
-0.2502052105
-0.3524545403
-0.3524545403
-0.3524545403
-0.3524545403
-0.3524545403
-0.3524545403
-0.3524545403
-0.3524545403
-0.2937051724
-0.2937051724
-0.2937051724
-0.2937051724
-0.2249663028
-0.2249663028
-0.2249663028
-0.2249663028
-0.1741535914
-0.1741535914
-0.1404234034
-0.1404234034
-0.1404234034
-0.2240424577
-0.2240424577
-0.2240424577
-0.2240424577
-0.2240424577
-0.2240424577
-0.2240424577
-0.1782940937
-0.1782940937
-0.1782940937
-0.1782940937
-0.1782940937
-0.1782940937
-0.1782940937
-0.1782940937
-0.1782940937
-0.1782940937
-0.1782940937
-0.1782940937
-0.1782940937
-0.1782940937
-0.1782940937
-0.1782940937
-0.1782940937
-0.1782940937
-0.1782940937
-0.1782940937
-0.1782940937
-0.1782940937
-0.1453553228
-0.1453553228
-0.1453553228
-0.1453553228
-0.1453553228
-0.1453553228
-0.1453553228
-0.1453553228
-0.1453553228
-0.1527595162
-0.1527595162
-0.1527595162
-0.1527595162
-0.1719889866
-0.1719889866
-0.1719889866
-0.1719889866
-0.1719889866
-0.1719889866
-0.1986526817
-0.1665128816
-0.1665128816
-0.1665128816
-0.1665128816
-0.1665128816
-0.1665128816
-0.1665128816
-0.1665128816
-0.1665128816
-0.1665128816
-0.1665128816
-0.1665128816
-0.2040837986
-0.2040837986
-0.2040837986
-0.2040837986
-0.1350995464
-0.1350995464
-0.1754326324
-0.1754326324
-0.1754326324
-0.1754326324
-0.1754326324
-0.1754326324
-0.1754326324
-0.3080637192
-0.3080637192
-0.3080637192
-0.3080637192
-0.3080637192
-0.3080637192
-0.328055868
-0.328055868
-0.328055868
-0.328055868
-0.328055868
-0.328055868
-0.328055868
-0.328055868
-0.328055868
-0.328055868
-0.328055868
-0.328055868
-0.299914415
-0.299914415
-0.299914415
-0.299914415
-0.299914415
-0.3109650774
-0.177544457
-0.177544457
-0.177544457
-0.2231064073
-0.2231064073
-0.2231064073
-0.2231064073
-0.2231064073
-0.2402179939
-0.2402179939
-0.2402179939
-0.2402179939
-0.2402179939
-0.2402179939
-0.161895851
-0.161895851
-0.2281228592
-0.1626241093
-0.1626241093
-0.1910724377
-0.1910724377
-0.2518427016
-0.2518427016
-0.1683948161
-0.1683948161
-0.1683948161
-0.1683948161
-0.1683948161
-0.1683948161
-0.1683948161
-0.1799869211
-0.1799869211
-0.1799869211
-0.1799869211
-0.1799869211
-0.1799869211
-0.1799869211
-0.1799869211
-0.1799869211
-0.1799869211
-0.1799869211
-0.1799869211
-0.1799869211
-0.2365367004
-0.2365367004
-0.2365367004
-0.2365367004
-0.1841052274
-0.1841052274
-0.229339703
-0.229339703
-0.229339703
-0.1804459326
-0.1804459326
-0.1706582676
-0.1706582676
-0.1706582676
-0.1804459326
-0.1706582676
-0.1165848006
-0.1165848006
-0.1165848006
-0.1087183741
-0.1087183741
-0.1087183741
-0.1087183741
-0.1699858555
-0.1699858555
-0.1699858555
-0.1699858555
-0.1699858555
-0.1699858555
-0.1699858555
-0.1699858555
-0.1699858555
-0.1699858555
-0.1519250089
-0.1519250089
-0.1519250089
-0.1519250089
-0.1519250089
-0.1519250089
-0.1519250089
-0.1519250089
-0.1519250089
-0.1519250089
-0.1519250089
-0.1519250089
-0.1519250089
-0.1519250089
-0.1519250089
-0.1519250089
-0.1519250089
-0.1519250089
-0.1519250089
-0.1519250089
-0.1519250089
-0.1519250089
-0.1519250089
-0.1519250089
-0.1519250089
-0.1519250089
-0.1546090501
-0.2679659067
-0.2679659067
-0.2639682506
-0.2639682506
-0.187375681
-0.187375681
-0.2814141415
-0.2814141415
-0.2814141415
-0.151149789
-0.151149789
-0.151149789
-0.151149789
-0.1131634026
-0.1131634026
-0.1131634026
-0.1703887306
-0.1703887306
-0.1703887306
-0.1703887306
-0.1703887306
-0.1703887306
-0.2690025328
-0.2690025328
-0.2690025328
-0.2690025328
-0.2690025328
-0.3316233455
-0.3316233455
-0.3316233455
-0.3316233455
-0.3316233455
-0.3316233455
-0.3316233455
-0.3316233455
-0.1357441833
-0.1432728173
-0.1432728173
-0.1432728173
-0.1432728173
-0.1432728173
-0.1432728173
-0.1432728173
-0.1432728173
-0.1432728173
-0.1432728173
-0.1818559907
-0.1818559907
-0.1818559907
-0.1818559907
-0.1818559907
-0.1818559907
-0.1818559907
-0.1818559907
-0.1818559907
-0.1818559907
-0.1818559907
-0.1818559907
-0.1082462144
-0.1082462144
-0.1082462144
-0.1082462144
-0.1082462144
-0.1082462144
-0.1082462144
-0.1082462144
-0.1082462144
-0.1251873564
-0.1251873564
-0.1251873564
-0.1251873564
-0.1251873564
-0.1251873564
-0.1251873564
-0.1251873564
-0.1251873564
-0.1653803521
-0.1653803521
-0.1653803521
-0.1653803521
-0.1653803521
-0.1653803521
-0.1653803521
-0.1653803521
-0.1653803521
-0.1653803521
-0.1653803521
-0.1653803521
-0.1653803521
-0.1653803521
-0.1653803521
-0.1653803521
-0.1333341828
-0.1333341828
-0.1333341828
-0.1333341828
-0.1333341828
-0.1333341828
-0.1333341828
-0.1333341828
-0.1140423119
-0.1000609384
-0.1000609384
-0.1139258801
-0.1139258801
-0.1333341828
-0.1139258801
-0.1139258801
-0.1139258801
-0.1139258801
-0.1139258801
-0.1247673806
-0.1247673806
-0.2087697703
-0.2087697703
-0.1923834002
-0.1923834002
-0.1923834002
-0.1923834002
-0.1636718569
-0.1636718569
-0.1636718569
-0.1636718569
-0.1636718569
-0.1871635735
-0.1625625785
-0.09633225785
-0.09633225785
-0.1643070619
-0.1643070619
-0.1055808524
-0.07604252167
-0.07604252167
-0.07604252167
-0.07604252167
-0.07604252167
-0.0927790763
-0.0927790763
-0.0927790763
-0.1100119976
-0.1100119976
-0.1100119976
-0.1100119976
-0.1100119976
-0.1672401449
-0.1672401449
-0.1672401449
-0.1672401449
-0.1672401449
-0.1672401449
-0.1672401449
-0.1672401449
-0.111790135
-0.111790135
-0.111790135
-0.111790135
-0.111790135
-0.111790135
-0.111790135
-0.111790135
-0.111790135
-0.111790135
-0.111790135
-0.111790135
-0.111790135
-0.111790135
-0.111790135
-0.121264652
-0.2137772502
-0.3437637842
-0.3437637842
-0.3437637842
-0.3437637842
-0.3437637842
-0.3106163345
-0.4029177384
-0.3866482896
-0.2506165553
-0.2506165553
-0.2303092763
-0.2659881313
-0.2659881313
-0.2659881313
-0.2659881313
-0.3487554863
-0.3487554863
-0.3752174117
-0.3752174117
-0.3752174117
-0.3752174117
-0.3752174117
-0.3752174117
-0.3752174117
-0.3752174117
-0.3752174117
-0.3752174117
-0.3752174117
-0.23717607
-0.23717607
-0.23717607
-0.23717607
-0.1837976343
-0.198124266
-0.198124266
-0.198124266
-0.198124266
-0.198124266
-0.198124266
-0.198124266
-0.1298930453
-0.1298930453
-0.1298930453
-0.1298930453
-0.1298930453
-0.1298930453
-0.1298930453
-0.1298930453
-0.1298930453
-0.2492166326
-0.2492166326
-0.2492166326
-0.2492166326
-0.2492166326
-0.1599089958
-0.1599089958
-0.1599089958
-0.1599089958
-0.1599089958
-0.1599089958
-0.2324859581
-0.2324859581
-0.2324859581
-0.2324859581
-0.2324859581
-0.2324859581
-0.2324859581
-0.2324859581
-0.2653075986
-0.2653075986
-0.2653075986
-0.2653075986
-0.2653075986
-0.2653075986
-0.2653075986
-0.2653075986
-0.2653075986
-0.2653075986
-0.3263777476
-0.3263777476
-0.3263777476
-0.3263777476
-0.3263777476
-0.3263777476
-0.2723312264
-0.1843020287
-0.1843020287
-0.1843020287
-0.1843020287
-0.1843020287
-0.1307637351
-0.1307637351
-0.1307637351
-0.1307637351
-0.1307637351
-0.1307637351
-0.1307637351
-0.1307637351
-0.1307637351
-0.2278547261
-0.2278547261
-0.122773553
-0.122773553
-0.1255738598
-0.1255738598
-0.1255738598
-0.1255738598
-0.1255738598
-0.1255738598
-0.1255738598
-0.1255738598
-0.1255738598
-0.1255738598
-0.1255738598
-0.1255738598
-0.1255738598
-0.1316195889
-0.1316195889
-0.1316195889
-0.1316195889
-0.1694434178
-0.1694434178
-0.1694434178
-0.233053131
-0.233053131
-0.233053131
-0.233053131
-0.233053131
-0.1285811841
-0.1285811841
-0.1285811841
-0.1422641195
-0.1422641195
-0.1422641195
-0.1422641195
-0.2048262176
-0.2048262176
-0.2395560402
-0.2395560402
-0.2395560402
-0.2395560402
-0.2395560402
-0.1717250794
-0.1717250794
-0.1717250794
-0.1717250794
-0.1717250794
-0.2929401085
-0.2929401085
-0.2929401085
-0.2929401085
-0.2929401085
-0.2929401085
-0.1874954242
-0.1874954242
-0.1874954242
-0.1874954242
-0.1874954242
-0.1874954242
-0.1874954242
-0.3308972779
-0.3308972779
-0.3308972779
-0.3308972779
-0.3308972779
-0.3308972779
-0.3308972779
-0.3308972779
-0.3308972779
-0.3308972779
-0.3308972779
-0.3308972779
-0.3308972779
-0.3308972779
-0.238999389
-0.238999389
-0.238999389
-0.238999389
-0.238999389
-0.238999389
-0.238999389
-0.238999389
-0.238999389
-0.238999389
-0.238999389
-0.1059973405
-0.11645992
-0.11645992
-0.11645992
-0.11645992
-0.11645992
-0.11645992
-0.11645992
-0.11645992
-0.1268145178
-0.1268145178
-0.1268145178
-0.1268145178
-0.1268145178
-0.1268145178
-0.1268145178
-0.1268145178
-0.1268145178
-0.1268145178
-0.1268145178
-0.1268145178
-0.1268145178
-0.1268145178
-0.1268145178
-0.1268145178
-0.1268145178
-0.1268145178
-0.1268145178
-0.1268145178
-0.1268145178
-0.1268145178
-0.1268145178
-0.2539475875
-0.2539475875
-0.2539475875
-0.2539475875
-0.2539475875
-0.2539475875
-0.2539475875
-0.2539475875
-0.2738120218
-0.2738120218
-0.2738120218
-0.2738120218
-0.2738120218
-0.2738120218
-0.2738120218
-0.2408163997
-0.1985547112
-0.1985547112
-0.1985547112
-0.2693350538
-0.1818883259
-0.1818883259
-0.1818883259
-0.2474079871
-0.2757732552
-0.2757732552
-0.1863644559
-0.1863644559
-0.1863644559
-0.1863644559
-0.1962118104
-0.1962118104
-0.1962118104
-0.1962118104
-0.1962118104
-0.1962118104
-0.1962118104
-0.1962118104
-0.1962118104
-0.1655238667
-0.1655238667
-0.1655238667
-0.1655238667
-0.1655238667
-0.1655238667
-0.1655238667
-0.1655238667
-0.1655238667
-0.1655238667
-0.1655238667
-0.1655238667
-0.2180530747
-0.2180530747
-0.2180530747
-0.2026812899
-0.2026812899
-0.2026812899
-0.1142762145
-0.1142762145
-0.1142762145
-0.1142762145
-0.1142762145
-0.1142762145
-0.1142762145
-0.1142762145
-0.2291648015
-0.2291648015
-0.2291648015
-0.1500292294
-0.1770303425
-0.1770303425
-0.1770303425
-0.1770303425
-0.2226543854
-0.2226543854
-0.2226543854
-0.1001701796
-0.1001701796
-0.1001701796
-0.1001701796
-0.1001701796
-0.1001701796
-0.1121830314
-0.1121830314
-0.1121830314
-0.1121830314
-0.1121830314
-0.1121830314
-0.1121830314
-0.1121830314
-0.1121830314
-0.1121830314
-0.1121830314
-0.1121830314
-0.09112207582
-0.09112207582
-0.09112207582
-0.09112207582
-0.09112207582
-0.1143828225
-0.1143828225
-0.1143828225
-0.1143828225
-0.1143828225
-0.1143828225
-0.1143828225
-0.1143828225
-0.1143828225
-0.1143828225
-0.1143828225
-0.1143828225
-0.1143828225
-0.1143828225
-0.1143828225
-0.2614582177
-0.2614582177
-0.2764196945
-0.2764196945
-0.2764196945
-0.2764196945
-0.2764196945
-0.2764196945
-0.2493003385
-0.2652742322
-0.2652742322
-0.1442471014
-0.1442471014
-0.1828104449
-0.1828104449
-0.1828104449
-0.2639573244
-0.2639573244
-0.2639573244
-0.2639573244
-0.2024983294
-0.2024983294
-0.2089893795
-0.2089893795
-0.2089893795
-0.1660736033
-0.1660736033
-0.1648828331
-0.1648828331
-0.1648828331
-0.1648828331
-0.1648828331
-0.1648828331
-0.1522133358
-0.1522133358
-0.1522133358
-0.1522133358
-0.1522133358
-0.1522133358
-0.1522133358
-0.1366741421
-0.1366741421
-0.1366741421
-0.06902858835
-0.06902858835
-0.06902858835
-0.06902858835
-0.06902858835
-0.1923851965
-0.1923851965
-0.1923851965
-0.2740436969
-0.2740436969
-0.2740436969
-0.2740436969
-0.2740436969
-0.2377338653
-0.2377338653
-0.2377338653
-0.2377338653
-0.2377338653
-0.2377338653
-0.2377338653
-0.2377338653
-0.2377338653
-0.2377338653
-0.2377338653
-0.2377338653
-0.2377338653
-0.2377338653
-0.2377338653
-0.2377338653
-0.2377338653
-0.2377338653
-0.2377338653
-0.2377338653
-0.2377338653
-0.2377338653
-0.3070048733
-0.3070048733
-0.3070048733
-0.3070048733
-0.3070048733
-0.3070048733
-0.3070048733
-0.3070048733
-0.3070048733
-0.2749282607
-0.2760424831
-0.2760424831
-0.1452036486
-0.1452036486
-0.1756342082
-0.3253560638
-0.3253560638
-0.3253560638
-0.3253560638
-0.3253560638
-0.3253560638
-0.3253560638
-0.3253560638
-0.3253560638
-0.3253560638
-0.3253560638
-0.3253560638
-0.297980094
-0.1720069876
-0.1720069876
-0.1720069876
-0.1720069876
-0.1720069876
-0.1720069876
-0.1720069876
-0.1720069876
-0.1720069876
-0.1720069876
-0.1720069876
-0.2159415686
-0.2159415686
-0.2159415686
-0.2159415686
-0.2159415686
-0.2159415686
-0.2159415686
-0.2575613488
-0.2575613488
-0.2575613488
-0.2575613488
-0.2575613488
-0.2575613488
-0.2575613488
-0.2575613488
-0.1591780683
-0.1591780683
-0.1591780683
-0.1591780683
-0.1591780683
-0.1003794247
-0.1003794247
-0.1003794247
-0.1003794247
-0.1003794247
-0.1003794247
-0.1003794247
-0.1003794247
-0.07505113542
-0.07505113542
-0.07505113542
-0.07505113542
