0
0
0
0
0
-0.04698697324
-0.01986555479
-0.05075363722
-0.05075363722
-0.05075363722
-0.05075363722
-0.05075363722
-0.05075363722
-0.05075363722
-0.05075363722
-0.0138401554
-0.0138401554
-0.0138401554
-0.0138401554
-0.0138401554
-0.0138401554
-0.0138401554
-0.0138401554
-0.0138401554
-0.0138401554
-0.0138401554
-0.0138401554
-0.0138401554
-0.0138401554
-0.0138401554
-0.0138401554
-0.0138401554
-0.0138401554
-0.01343330786
-0.01343330786
-0.01343330786
-0.01343330786
-0.01343330786
-0.01343330786
-0.01343330786
-0.01343330786
-0.01343330786
-0.01343330786
0.03486792549
-0.0002637966319
-0.0002637966319
-0.0002637966319
-0.0002637966319
-0.0002637966319
-0.0002637966319
-0.03544415809
-0.03544415809
-0.0138401554
-0.03544415809
-0.03544415809
-0.03544415809
-0.03544415809
-0.03544415809
-0.03544415809
0.03094352483
-0.0009841981782
-0.0009841981782
0.0237682058
0.007990428754
0.007990428754
0.007990428754
0.007990428754
0.007990428754
0.007990428754
0.007990428754
0.007990428754
0.007990428754
0.004425198275
0.004425198275
0.004425198275
0.004425198275
0.004425198275
0.004425198275
0.004425198275
0.02397406635
0.02397406635
0.02397406635
0.02397406635
0.02397406635
0.02397406635
0.02397406635
0.02397406635
0.01308796114
-0.02265355287
-0.02265355287
-0.02265355287
0.003668354934
0.003668354934
0.003668354934
0.003668354934
0.003668354934
0.003668354934
0.003668354934
-0.01693521132
-0.01693521132
-0.01693521132
-0.01693521132
-0.01693521132
-0.01693521132
-0.01693521132
-0.01693521132
-0.01693521132
-0.04671132077
-0.008901906882
0.01320055891
0.01320055891
0.01285401479
-0.01868474134
-0.01868474134
-0.005605125728
-0.005605125728
-0.005605125728
-0.005605125728
0.02891894617
0.02891894617
0.03459750504
0.03459750504
0.03459750504
0.03459750504
0.03459750504
0.03459750504
0.03459750504
0.03459750504
0.009475086981
0.009475086981
0.009475086981
0.009475086981
0.002187099613
0.002187099613
0.002187099613
0.002187099613
0.002187099613
0.002187099613
0.01425587744
0.01425587744
0.01425587744
0.03467205332
-0.05219463427
-0.005310097867
-0.005310097867
-0.005310097867
-0.005310097867
-0.005310097867
-0.005310097867
-0.005310097867
-0.005310097867
-0.005310097867
-0.004557806312
0.009475086981
-0.004557806312
-0.02193486409
-0.02193486409
-0.02193486409
0.01952908614
0.01952908614
0.01952908614
-0.0004322019006
-0.0004322019006
-0.0004322019006
-0.0004322019006
-0.0004322019006
-0.01028879502
-0.01028879502
-0.01028879502
-0.01028879502
-0.01028879502
-0.01028879502
-0.01028879502
-0.005853970454
-0.005853970454
-0.005853970454
-0.005853970454
-0.005853970454
-0.01405150382
-0.01111726233
-0.01111726233
-0.01111726233
-0.01111726233
-0.01111726233
-0.01111726233
-0.01111726233
-0.01111726233
-0.01111726233
-0.01111726233
-0.01111726233
-0.01111726233
-0.01111726233
-0.01111726233
-0.0250219977
-0.0250219977
-0.0250219977
-0.0250219977
-0.0250219977
-0.0250219977
-0.0250219977
-0.0250219977
-0.0250219977
-0.03403865613
-0.03403865613
-0.005853970454
-0.03403865613
-0.03403865613
0.01338479691
0.01338479691
0.01338479691
0.01338479691
0.01338479691
0.01338479691
0.01540864517
0.01540864517
0.01540864517
0.01540864517
-0.0204972328
-0.0204972328
-0.0204972328
-0.0204972328
0.005149470875
0.005149470875
0.005149470875
-0.02715107984
-0.02715107984
-0.02715107984
-0.02715107984
-0.02715107984
-0.02711904727
0.02036573203
0.02036573203
0.02036573203
0.02036573203
0.02036573203
0.02036573203
0.02036573203
0.02036573203
0.02036573203
-0.01466737893
-0.01466737893
-0.02260211544
0.006235119126
0.006235119126
0.006235119126
0.006235119126
0.006235119126
0.006235119126
0.006235119126
0.006235119126
0.006235119126
0.006235119126
0.006235119126
0.01802038646
0.01802038646
0.005149470875
0.01802038646
0.01802038646
0.01802038646
0.01802038646
0.01802038646
0.01802038646
0.01802038646
0.01802038646
0.01802038646
0.01802038646
0.02679656426
0.02679656426
0.005800892021
0.005800892021
0.005800892021
0.005800892021
0.005800892021
0.005800892021
0.005800892021
0.005800892021
0.005800892021
0.005800892021
0.005800892021
0.005800892021
0.005800892021
0.005800892021
0.005800892021
0.005800892021
0.005800892021
0.005800892021
0.005800892021
0.005800892021
0.005800892021
0.005800892021
0.005800892021
0.005800892021
0.005800892021
0.005800892021
0.005800892021
0.005800892021
0.005800892021
0.005800892021
0.005800892021
0.005800892021
-0.000524927372
-0.000524927372
-0.000524927372
0.007216203087
-0.01574739033
-0.01574739033
0.005800892021
-0.01574739033
-0.01574739033
-0.01574739033
-0.01574739033
-0.01574739033
-0.01574739033
-0.05477658037
0.000701800344
-0.006459660497
-0.006459660497
-0.006459660497
-0.006459660497
-0.006459660497
-0.006459660497
-0.006459660497
-0.006459660497
-0.006459660497
-0.006459660497
-0.006459660497
-0.006459660497
-0.006459660497
-0.006459660497
-0.006459660497
-0.006459660497
-0.006459660497
-0.006459660497
0.01350782148
0.01350782148
0.01350782148
0.01350782148
0.01350782148
0.01350782148
0.01350782148
-0.01823863172
-0.01823863172
-0.01823863172
-0.01823863172
-0.01823863172
-0.01823863172
-0.01823863172
-0.01823863172
-0.001092172226
-0.001092172226
-0.001092172226
-0.001092172226
0.007786190822
0.007786190822
0.007786190822
-0.01541852044
-0.007902420852
-0.01546205812
-0.01546205812
-0.01546205812
-0.01546205812
-0.01546205812
-0.01546205812
-0.02811257941
0.01900886547
0.01900886547
-0.01100781108
-0.01100781108
-0.01100781108
-0.01100781108
-0.01100781108
-0.01100781108
-0.01100781108
-0.01100781108
-0.01100781108
0.01310135947
0.01310135947
0.01310135947
0.01310135947
0.01310135947
0.01310135947
0.03014966643
0.03014966643
0.03014966643
-9.072285675e-05
-9.072285675e-05
-0.01664591928
-0.002406810055
-0.002406810055
-0.002406810055
-0.002406810055
0.01562639168
0.01562639168
-0.007036488193
-0.007036488193
-0.007036488193
-0.007036488193
-0.007036488193
-0.007036488193
-0.007036488193
-0.007036488193
-0.0378003008
-0.0378003008
-0.0378003008
-0.0378003008
-0.01443820491
-0.01443820491
-0.01443820491
-0.01443820491
-0.01170070832
0.02165728538
-0.02719468141
-0.02719468141
-0.02719468141
-0.02479690698
-0.02479690698
-0.02880393839
-0.02880393839
-0.01978656011
-0.01978656011
-0.007763455615
0.01745585271
0.01745585271
0.01745585271
0.01745585271
0.01745585271
0.01745585271
-0.0287489028
-0.0287489028
-0.0287489028
-0.0287489028
0.02004523178
0.02004523178
0.02004523178
0.02004523178
0.02004523178
0.02004523178
0.02004523178
0.02073744174
0.02073744174
0.02073744174
0.02073744174
-0.008685305205
-0.01671002206
-0.01671002206
-0.01671002206
-0.01671002206
-0.01671002206
-0.01671002206
-0.01671002206
-0.01249256902
-0.01249256902
-0.01249256902
-0.008729725371
-0.008729725371
-0.008729725371
-0.01273744517
-0.01273744517
-0.01273744517
-0.01273744517
-0.01763201832
-0.01763201832
0.004606381259
0.004606381259
0.0249193318
0.02440452052
-0.02086245122
-0.02086245122
-0.02086245122
-0.02086245122
-0.02086245122
-0.02086245122
-0.02086245122
-0.02086245122
-0.02086245122
0.002292069115
0.005068896883
0.005068896883
-0.01877198147
-0.03566496975
-0.05450218003
-0.05294316501
-0.02030682115
-0.02030682115
-0.02030682115
-0.01909569562
-0.004648798993
-0.004648798993
-0.004648798993
-0.004648798993
-0.01330400582
-0.01330400582
0.004188180342
0.004188180342
0.004188180342
0.004188180342
0.004188180342
0.004188180342
0.02634903806
-0.01838083917
-0.01838083917
-0.01838083917
-0.01838083917
-0.006713426255
-0.006713426255
-0.006713426255
-0.006713426255
-0.006713426255
0.01670150618
0.01670150618
-0.02088979211
-0.02088979211
-0.02088979211
-0.02088979211
-0.00907316439
-0.00907316439
-0.00907316439
-0.00907316439
-0.00907316439
-0.004317421266
-0.004317421266
0.03805262529
0.03805262529
0.005817370251
0.005817370251
0.01762590076
0.01762590076
0.009861368555
0.0141535986
0.0141535986
0.0141535986
0.0141535986
0.01447388517
0.01447388517
0.01447388517
-0.01792239418
-0.01792239418
-0.01792239418
-0.01792239418
-0.01792239418
-0.01792239418
-0.01792239418
-0.01792239418
-0.01792239418
-0.02114941255
-0.02114941255
-0.02114941255
-0.02114941255
-0.02114941255
-0.00241230984
0.01174812516
0.01174812516
0.01174812516
0.003954357689
0.003954357689
0.003954357689
0.003954357689
0.003954357689
0.003954357689
0.003954357689
0.003954357689
0.003954357689
0.009072230412
0.009072230412
0.009072230412
0.009072230412
0.009072230412
0.009072230412
0.009072230412
0.009072230412
0.009072230412
0.01398548391
0.01398548391
0.01398548391
0.01398548391
0.01398548391
0.01398548391
-0.006337063472
-0.006337063472
0.03679425534
0.02559207747
0.003033228602
0.003033228602
0.003033228602
0.003033228602
0.003033228602
0.008938598155
0.02316603072
0.02316603072
0.02316603072
0.02316603072
-0.0278512657
-0.0278512657
-0.0278512657
-0.0278512657
0.006654945455
0.006654945455
0.006654945455
0.006654945455
0.006654945455
0.02891762968
0.02891762968
0.003620874191
0.003620874191
0.003620874191
0.003620874191
0.01326714404
0.01326714404
0.01326714404
0.01326714404
0.01326714404
0.01326714404
-0.003266008232
-0.003266008232
-0.003266008232
-0.003266008232
-0.003266008232
-0.003763029077
-0.003763029077
-0.003763029077
-0.003763029077
-0.003763029077
-0.003763029077
-0.007347676054
-0.007347676054
-0.007347676054
-0.007347676054
-0.007347676054
-0.007347676054
-0.007347676054
-0.03346055027
-0.03346055027
-0.03346055027
-0.03346055027
-0.03346055027
-0.03346055027
-0.03346055027
0.01891675755
0.01891675755
0.01891675755
0.01891675755
0.01891675755
0.01891675755
0.01891675755
0.01891675755
0.01891675755
0.01891675755
0.01891675755
0.01891675755
0.002940810045
0.002940810045
0.002940810045
0.002940810045
0.002940810045
0.002940810045
0.002940810045
0.002940810045
0.002940810045
0.002940810045
0.002940810045
0.002940810045
0.002940810045
0.002940810045
0.002940810045
0.002940810045
0.002940810045
0.01270030976
0.01270030976
0.01270030976
0.05078937893
0.05078937893
0.05078937893
0.05078937893
0.05078937893
-0.02708221232
0.01325977586
0.01325977586
-0.01102652187
-0.01102652187
0.0108458032
0.0108458032
0.0108458032
0.0108458032
-0.0005221019688
-0.0005221019688
-0.0005221019688
-0.0005221019688
-0.0005221019688
-0.0005221019688
-0.0005221019688
-0.0005221019688
-0.0005221019688
-0.0005221019688
-0.0005221019688
-0.02061611734
-0.02061611734
-0.02061611734
0.02295071753
0.02295071753
0.02295071753
0.02295071753
0.02295071753
0.02295071753
0.02295071753
0.02295071753
0.02295071753
0.02295071753
-0.01299665112
-0.01299665112
-0.01299665112
-0.01299665112
-0.01299665112
-0.01299665112
-0.01299665112
-0.01299665112
-0.01299665112
0.0544711597
0.0544711597
0.0544711597
0.0544711597
0.0544711597
0.01456776105
0.01456776105
0.01456776105
0.01153664906
0.01153664906
0.01153664906
0.01153664906
0.01153664906
0.01153664906
0.01153664906
0.01153664906
0.01153664906
0.01153664906
0.01638667365
0.01638667365
0.01638667365
0.01638667365
0.002009086039
0.002009086039
0.002009086039
0.002009086039
0.002009086039
0.002009086039
0.002009086039
0.002009086039
0.002009086039
0.002009086039
0.002009086039
0.002009086039
0.002009086039
0.002009086039
0.004125180782
0.0167611925
0.0167611925
0.0167611925
0.0167611925
0.0167611925
0.01410849646
0.01410849646
0.01410849646
0.01410849646
0.01410849646
0.01410849646
0.01410849646
0.01410849646
0.01410849646
0.01410849646
0.01410849646
0.01410849646
0.003164902951
0.003164902951
0.003164902951
0.003164902951
0.003164902951
0.003164902951
0.003164902951
0.003164902951
0.003164902951
0.00756630039
0.00756630039
0.00756630039
0.00756630039
-0.005510518077
-0.005510518077
-0.005510518077
-0.005510518077
-0.005510518077
-0.005510518077
-0.01601284675
-0.01601284675
-0.01601284675
-0.01601284675
-0.002620646997
-0.002620646997
-0.002620646997
0.01111514466
0.01111514466
0.01111514466
0.01111514466
0.01111514466
-0.0005189938757
-0.0005189938757
-0.0005189938757
-0.0005189938757
0.02281622736
0.02281622736
0.02281622736
0.02281622736
0.02281622736
0.02281622736
-0.03031374397
-0.03031374397
-0.03031374397
-0.03031374397
0.02187592134
0.02187592134
0.02187592134
0.02187592134
0.02187592134
0.02187592134
0.02187592134
0.02187592134
0.02187592134
0.02187592134
0.02187592134
0.01395115027
0.01395115027
0.01395115027
0.01395115027
0.01395115027
0.01395115027
0.004803061289
0.004803061289
0.004803061289
0.004803061289
0.01223771869
0.01223771869
0.01223771869
0.01223771869
0.006809635532
0.006809635532
0.006809635532
0.006809635532
0.006809635532
0.006809635532
0.006809635532
0.006809635532
0.006809635532
0.006809635532
0.006809635532
0.006809635532
0.006809635532
0.03484987218
0.02550111612
0.02550111612
-0.0004411577071
-0.0004411577071
-0.0004411577071
-0.0004411577071
-0.0004411577071
-0.0004411577071
-0.0328812129
-0.0328812129
-0.0328812129
-0.0328812129
-0.0328812129
-0.0328812129
-0.0328812129
0.009831505224
0.009831505224
0.009831505224
0.009831505224
0.009831505224
0.001391729662
0.001391729662
0.001391729662
0.001391729662
0.001391729662
0.001391729662
0.001391729662
0.001391729662
0.001391729662
0.001391729662
0.001391729662
0.001391729662
0.001391729662
0.001391729662
0.001391729662
0.02364575018
0.02364575018
0.02364575018
0.02364575018
0.02364575018
0.02364575018
0.02364575018
0.02364575018
0.02364575018
0.02364575018
0.02364575018
-0.01960063531
0.02747860273
0.02747860273
-0.007473545243
-0.007473545243
-0.007473545243
-0.007473545243
-0.007473545243
-0.007473545243
-0.007473545243
-0.007473545243
-0.007473545243
0.01757770468
0.01757770468
0.01757770468
0.01757770468
0.01757770468
0.004358255817
0.004358255817
0.004358255817
0.004358255817
-0.0008061515022
-0.0008061515022
-0.02464620137
-0.008879717433
0.01445603566
0.01445603566
0.01445603566
0.01445603566
0.01445603566
0.01445603566
0.01445603566
0.01445603566
0.01445603566
0.01445603566
0.01445603566
0.01445603566
0.01445603566
0.01445603566
0.01445603566
0.01879669055
0.005222737826
0.005222737826
0.005222737826
0.005222737826
0.005222737826
0.005222737826
0.005222737826
0.05215948493
0.05215948493
-0.05341165962
0.02458101522
0.02458101522
0.02458101522
0.02458101522
0.01257109167
0.01257109167
0.01257109167
0.01257109167
0.01257109167
0.01257109167
0.01257109167
0.01257109167
0.01257109167
0.01257109167
0.0206393023
0.0206393023
0.0206393023
0.0206393023
0.0206393023
0.0206393023
0.0206393023
0.008577580811
-0.007398150893
-0.007398150893
0.007558428641
0.007558428641
0.002737534275
0.002737534275
0.01610236578
0.01610236578
0.01610236578
0.01610236578
0.01610236578
0.01610236578
0.01610236578
0.01610236578
0.01610236578
0.01610236578
0.02718494724
0.02718494724
0.02718494724
0.02718494724
0.02718494724
0.02718494724
0.02718494724
0.02718494724
0.02718494724
0.02718494724
0.02718494724
0.02718494724
0.02718494724
0.02718494724
-0.02193220942
-0.02193220942
-0.02193220942
-0.02193220942
-0.02193220942
-0.02193220942
-0.02193220942
-0.004387221147
-0.004387221147
-0.004387221147
-0.004387221147
0.01161285439
0.01161285439
0.01161285439
0.01161285439
-0.01006373147
-0.01098721859
-0.001176022649
-0.001176022649
-0.001176022649
-0.001176022649
-0.001176022649
-0.001176022649
-0.001176022649
-0.001176022649
-0.01955706501
-0.01955706501
-0.01955706501
0.009079796646
0.009079796646
0.009079796646
0.009079796646
0.009079796646
0.009079796646
0.009079796646
0.009079796646
0.01952740787
0.01952740787
0.01952740787
0.01952740787
0.01031074724
0.01031074724
0.01031074724
0.01031074724
0.0001091578298
0.0001091578298
-0.02028667976
-0.02028667976
-0.02028667976
-0.025703969
-0.025703969
-0.025703969
-0.025703969
-0.025703969
-0.025703969
-0.025703969
-0.008029772515
-0.008029772515
-0.008029772515
-0.008029772515
-0.008029772515
-0.008029772515
-0.008029772515
-0.008029772515
-0.008029772515
-0.008029772515
-0.008029772515
-0.008029772515
-0.008029772515
-0.008029772515
-0.008029772515
-0.008029772515
-0.008029772515
-0.008029772515
-0.008029772515
-0.008029772515
-0.008029772515
-0.008029772515
0.001070536111
0.001070536111
0.001070536111
0.001070536111
0.001070536111
0.001070536111
0.001070536111
0.001070536111
0.001070536111
0.03478136847
0.03478136847
0.03478136847
0.03478136847
-0.02503133154
-0.02503133154
-0.02503133154
-0.02503133154
-0.02503133154
-0.02503133154
-0.008386992029
-0.019538915
-0.019538915
-0.019538915
-0.019538915
-0.019538915
-0.019538915
-0.019538915
-0.019538915
-0.019538915
-0.019538915
-0.019538915
-0.019538915
-0.008537483993
-0.008537483993
-0.008537483993
-0.008537483993
-0.01380640854
-0.01380640854
-0.03078471031
-0.03078471031
-0.03078471031
-0.03078471031
-0.03078471031
-0.03078471031
-0.03078471031
0.01176689644
0.01176689644
0.01176689644
0.01176689644
0.01176689644
0.01176689644
-0.02539596707
-0.02539596707
-0.02539596707
-0.02539596707
-0.02539596707
-0.02539596707
-0.02539596707
-0.02539596707
-0.02539596707
-0.02539596707
-0.02539596707
-0.02539596707
-0.007085818105
-0.007085818105
-0.007085818105
-0.007085818105
-0.007085818105
0.06272351341
0.03968572197
0.03968572197
0.03968572197
-0.0163117223
-0.0163117223
-0.0163117223
-0.0163117223
-0.0163117223
-0.02418643195
-0.02418643195
-0.02418643195
-0.02418643195
-0.02418643195
-0.02418643195
0.01467312822
0.01467312822
0.02000541893
0.006406647332
0.006406647332
0.01543423571
0.01543423571
-0.03164473741
-0.03164473741
-0.01649804218
-0.01649804218
-0.01649804218
-0.01649804218
-0.01649804218
-0.01649804218
-0.01649804218
0.01236470381
0.01236470381
0.01236470381
0.01236470381
0.01236470381
0.01236470381
0.01236470381
0.01236470381
0.01236470381
0.01236470381
0.01236470381
0.01236470381
0.01236470381
-0.03438956846
-0.03438956846
-0.03438956846
-0.03438956846
-0.01681701096
-0.01681701096
-0.02740070834
-0.02740070834
-0.02740070834
0.0004068259212
0.0004068259212
-0.03374349897
-0.03374349897
-0.03374349897
0.0004068259212
-0.03374349897
0.01716404829
0.01716404829
0.01716404829
0.01384750984
0.01384750984
0.01384750984
0.01384750984
0.01102931893
0.01102931893
0.01102931893
0.01102931893
0.01102931893
0.01102931893
0.01102931893
0.01102931893
0.01102931893
0.01102931893
0.02710319753
0.02710319753
0.02710319753
0.02710319753
0.02710319753
0.02710319753
0.02710319753
0.02710319753
0.02710319753
0.02710319753
0.02710319753
0.02710319753
0.02710319753
0.02710319753
0.02710319753
0.02710319753
0.02710319753
0.02710319753
0.02710319753
0.02710319753
0.02710319753
0.02710319753
0.02710319753
0.02710319753
0.02710319753
0.02710319753
0.03448548873
-0.02721601404
-0.02721601404
0.04192791871
0.04192791871
0.03260461177
0.03260461177
-0.01507537915
-0.01507537915
-0.01507537915
-0.04237135179
-0.04237135179
-0.04237135179
-0.04237135179
-0.04707674301
-0.04707674301
-0.04707674301
-0.0315173934
-0.0315173934
-0.0315173934
-0.0315173934
-0.0315173934
-0.0315173934
-0.02618782517
-0.02618782517
-0.02618782517
-0.02618782517
-0.02618782517
0.0003949796434
0.0003949796434
0.0003949796434
0.0003949796434
0.0003949796434
0.0003949796434
0.0003949796434
0.0003949796434
0.04724708969
-0.04601972893
-0.04601972893
-0.04601972893
-0.04601972893
-0.04601972893
-0.04601972893
-0.04601972893
-0.04601972893
-0.04601972893
-0.04601972893
0.00830693192
0.00830693192
0.00830693192
0.00830693192
0.00830693192
0.00830693192
0.00830693192
0.00830693192
0.00830693192
0.00830693192
0.00830693192
0.00830693192
-0.006324695949
-0.006324695949
-0.006324695949
-0.006324695949
-0.006324695949
-0.006324695949
-0.006324695949
-0.006324695949
-0.006324695949
-0.0141625495
-0.0141625495
-0.0141625495
-0.0141625495
-0.0141625495
-0.0141625495
-0.0141625495
-0.0141625495
-0.0141625495
-0.01675471166
-0.01675471166
-0.01675471166
-0.01675471166
-0.01675471166
-0.01675471166
-0.01675471166
-0.01675471166
-0.01675471166
-0.01675471166
-0.01675471166
-0.01675471166
-0.01675471166
-0.01675471166
-0.01675471166
-0.01675471166
-0.001722319581
-0.001722319581
-0.001722319581
-0.001722319581
-0.001722319581
-0.001722319581
-0.001722319581
-0.001722319581
-0.01909881119
-0.03399353869
-0.03399353869
0.01286051568
0.01286051568
-0.001722319581
0.01286051568
0.01286051568
0.01286051568
0.01286051568
0.01286051568
-0.002586005707
-0.002586005707
0.01110159015
0.01110159015
0.006789160521
0.006789160521
0.006789160521
0.006789160521
-0.01876793647
-0.01876793647
-0.01876793647
-0.01876793647
-0.01876793647
-0.008691109151
0.01942675435
-0.03296950076
-0.03296950076
0.0235223399
0.0235223399
-0.004740908876
-0.01788299039
-0.01788299039
-0.01788299039
-0.01788299039
-0.01788299039
-0.02159655756
-0.02159655756
-0.02159655756
0.04161322622
0.04161322622
0.04161322622
0.04161322622
0.04161322622
0.04374286338
0.04374286338
0.04374286338
0.04374286338
0.04374286338
0.04374286338
0.04374286338
0.04374286338
0.01840112115
0.01840112115
0.01840112115
0.01840112115
0.01840112115
0.01840112115
0.01840112115
0.01840112115
0.01840112115
0.01840112115
0.01840112115
0.01840112115
0.01840112115
0.01840112115
0.01840112115
-0.04620091916
-0.02966591023
0.01063618042
0.01063618042
0.01063618042
0.01063618042
0.01063618042
0.03053648908
-0.01392659447
0.0226479374
-0.04775994041
-0.04775994041
0.04470037797
-0.04327639029
-0.04327639029
-0.04327639029
-0.04327639029
0.05063264033
0.05063264033
0.03621132065
0.03621132065
0.03621132065
0.03621132065
0.03621132065
0.03621132065
0.03621132065
0.03621132065
0.03621132065
0.03621132065
0.03621132065
0.005732470637
0.005732470637
0.005732470637
0.005732470637
-0.01571046943
0.004645408982
0.004645408982
0.004645408982
0.004645408982
0.004645408982
0.004645408982
0.004645408982
-0.008610568871
-0.008610568871
-0.008610568871
-0.008610568871
-0.008610568871
-0.008610568871
-0.008610568871
-0.008610568871
-0.008610568871
-0.007243864436
-0.007243864436
-0.007243864436
-0.007243864436
-0.007243864436
0.0117997306
0.0117997306
0.0117997306
0.0117997306
0.0117997306
0.0117997306
-0.02564743627
-0.02564743627
-0.02564743627
-0.02564743627
-0.02564743627
-0.02564743627
-0.02564743627
-0.02564743627
-0.01608346265
-0.01608346265
-0.01608346265
-0.01608346265
-0.01608346265
-0.01608346265
-0.01608346265
-0.01608346265
-0.01608346265
-0.01608346265
-0.001012881278
-0.001012881278
-0.001012881278
-0.001012881278
-0.001012881278
-0.001012881278
-0.0524601957
-0.0009077464195
-0.0009077464195
-0.0009077464195
-0.0009077464195
-0.0009077464195
-0.001703049875
-0.001703049875
-0.001703049875
-0.001703049875
-0.001703049875
-0.001703049875
-0.001703049875
-0.001703049875
-0.001703049875
-0.004903131762
-0.004903131762
0.01934991797
0.01934991797
0.01661280856
0.01661280856
0.01661280856
0.01661280856
0.01661280856
0.01661280856
0.01661280856
0.01661280856
0.01661280856
0.01661280856
0.01661280856
0.01661280856
0.01661280856
0.02872984138
0.02872984138
0.02872984138
0.02872984138
-0.01613930723
-0.01613930723
-0.01613930723
-0.02774706875
-0.02774706875
-0.02774706875
-0.02774706875
-0.02774706875
0.02144884665
0.02144884665
0.02144884665
0.007284943939
0.007284943939
0.007284943939
0.007284943939
0.01116943183
0.01116943183
-0.006074045876
-0.006074045876
-0.006074045876
-0.006074045876
-0.006074045876
0.02303318229
0.02303318229
0.02303318229
0.02303318229
0.02303318229
0.001594509765
0.001594509765
0.001594509765
0.001594509765
0.001594509765
0.001594509765
-0.03130474475
-0.03130474475
-0.03130474475
-0.03130474475
-0.03130474475
-0.03130474475
-0.03130474475
0.009921828021
0.009921828021
0.009921828021
0.009921828021
0.009921828021
0.009921828021
0.009921828021
0.009921828021
0.009921828021
0.009921828021
0.009921828021
0.009921828021
0.009921828021
0.009921828021
0.01041194399
0.01041194399
0.01041194399
0.01041194399
0.01041194399
0.01041194399
0.01041194399
0.01041194399
0.01041194399
0.01041194399
0.01041194399
0.02263308292
0.01075543178
0.01075543178
0.01075543178
0.01075543178
0.01075543178
0.01075543178
0.01075543178
0.01075543178
0.01560350877
0.01560350877
0.01560350877
0.01560350877
0.01560350877
0.01560350877
0.01560350877
0.01560350877
0.01560350877
0.01560350877
0.01560350877
0.01560350877
0.01560350877
0.01560350877
0.01560350877
0.01560350877
0.01560350877
0.01560350877
0.01560350877
0.01560350877
0.01560350877
0.01560350877
0.01560350877
0.0005334869938
0.0005334869938
0.0005334869938
0.0005334869938
0.0005334869938
0.0005334869938
0.0005334869938
0.0005334869938
-0.01449362245
-0.01449362245
-0.01449362245
-0.01449362245
-0.01449362245
-0.01449362245
-0.01449362245
-0.01281672596
0.004200864344
0.004200864344
0.004200864344
-0.0222533929
0.01810669524
0.01810669524
0.01810669524
0.03070948523
0.001004496559
0.001004496559
0.02451684212
0.02451684212
0.02451684212
0.02451684212
0.001577308716
0.001577308716
0.001577308716
0.001577308716
0.001577308716
0.001577308716
0.001577308716
0.001577308716
0.001577308716
-0.01727089504
-0.01727089504
-0.01727089504
-0.01727089504
-0.01727089504
-0.01727089504
-0.01727089504
-0.01727089504
-0.01727089504
-0.01727089504
-0.01727089504
-0.01727089504
0.02339279153
0.02339279153
0.02339279153
-0.01791063179
-0.01791063179
-0.01791063179
-0.01354561068
-0.01354561068
-0.01354561068
-0.01354561068
-0.01354561068
-0.01354561068
-0.01354561068
-0.01354561068
0.01228665154
0.01228665154
0.01228665154
0.002314312728
-0.009944612416
-0.009944612416
-0.009944612416
-0.009944612416
-0.01911515388
-0.01911515388
-0.01911515388
-0.003405686105
-0.003405686105
-0.003405686105
-0.003405686105
-0.003405686105
-0.003405686105
0.01378250871
0.01378250871
0.01378250871
0.01378250871
0.01378250871
0.01378250871
0.01378250871
0.01378250871
0.01378250871
0.01378250871
0.01378250871
0.01378250871
-0.002310132131
-0.002310132131
-0.002310132131
-0.002310132131
-0.002310132131
0.003502042362
0.003502042362
0.003502042362
0.003502042362
0.003502042362
0.003502042362
0.003502042362
0.003502042362
0.003502042362
0.003502042362
0.003502042362
0.003502042362
0.003502042362
0.003502042362
0.003502042362
-0.009205934817
-0.009205934817
-0.02065464746
-0.02065464746
-0.02065464746
-0.02065464746
-0.02065464746
-0.02065464746
-0.03903702154
0.01044258827
0.01044258827
-0.01387186988
-0.01387186988
0.001782753691
0.001782753691
0.001782753691
-0.006744490894
-0.006744490894
-0.006744490894
-0.006744490894
-0.0139882715
-0.0139882715
0.01532285395
0.01532285395
0.01532285395
0.008638922352
0.008638922352
0.0006134722898
0.0006134722898
0.0006134722898
0.0006134722898
0.0006134722898
0.0006134722898
0.01896243734
0.01896243734
0.01896243734
0.01896243734
0.01896243734
0.01896243734
0.01896243734
-0.03063160339
-0.03063160339
-0.03063160339
-0.02051461453
-0.02051461453
-0.02051461453
-0.02051461453
-0.02051461453
-0.01880902262
-0.01880902262
-0.01880902262
-0.002053478991
-0.002053478991
-0.002053478991
-0.002053478991
-0.002053478991
0.03376558277
0.03376558277
0.03376558277
0.03376558277
0.03376558277
0.03376558277
0.03376558277
0.03376558277
0.03376558277
0.03376558277
0.03376558277
0.03376558277
0.03376558277
0.03376558277
0.03376558277
0.03376558277
0.03376558277
0.03376558277
0.03376558277
0.03376558277
0.03376558277
0.03376558277
0.01790892067
0.01790892067
0.01790892067
0.01790892067
0.01790892067
0.01790892067
0.01790892067
0.01790892067
0.01790892067
0.02613836702
0.02062909686
0.02062909686
0.01153368842
0.01153368842
-0.003278965523
0.01241009793
0.01241009793
0.01241009793
0.01241009793
0.01241009793
0.01241009793
0.01241009793
0.01241009793
0.01241009793
0.01241009793
0.01241009793
0.01241009793
0.01225451307
0.03193445809
0.03193445809
0.03193445809
0.03193445809
0.03193445809
0.03193445809
0.03193445809
0.03193445809
0.03193445809
0.03193445809
0.03193445809
-0.03434840873
-0.03434840873
-0.03434840873
-0.03434840873
-0.03434840873
-0.03434840873
-0.03434840873
0.01998440327
0.01998440327
0.01998440327
0.01998440327
0.01998440327
0.01998440327
0.01998440327
0.01998440327
0.01346000126
0.01346000126
0.01346000126
0.01346000126
0.01346000126
0.03173953295
0.03173953295
0.03173953295
0.03173953295
0.03173953295
0.03173953295
0.03173953295
0.03173953295
-0.01169566592
-0.01169566592
-0.01169566592
-0.01169566592
