0 1 1 2 9
0 0 1 1 109
0 0 0 1 9
1 1 1 2 32
1 1 2 2 77
1 3 2 4 1
1 2 1 3 1
1 2 2 3 40
2 4 3 5 1
2 3 3 4 78
2 2 3 3 39
2 2 2 3 38
3 4 4 5 103
3 4 3 5 4
3 3 4 4 10
3 3 3 4 29
3 5 4 6 5
4 6 5 7 46
4 4 4 5 3
4 4 5 5 7
4 5 4 6 41
4 5 5 6 65
5 6 6 7 5
5 6 5 7 67
5 7 6 8 113
5 5 5 6 7
6 8 7 9 118
6 7 6 8 5
7 9 8 10 118
8 10 9 11 118
9 11 10 12 118
10 12 11 13 118
11 13 12 14 118
12 14 13 15 118
13 15 14 16 118
14 16 15 17 118
15 17 16 18 118
16 18 17 19 118
17 19 18 20 118
18 20 19 21 118
19 21 20 22 118
20 22 21 23 118
21 23 22 24 118
22 24 23 25 118
23 25 24 26 118
24 26 25 27 118
25 27 26 28 118
26 28 27 29 118
27 29 28 30 118
28 30 29 31 118
29 31 30 32 118
30 32 31 33 118
31 33 32 34 118
32 34 33 35 118
33 35 34 36 118
34 36 35 37 118
35 37 36 38 118
36 38 36 39 3
36 38 37 39 115
36 39 37 40 3
37 39 38 40 114
37 39 37 40 1
37 40 38 41 4
38 40 38 41 29
38 40 39 41 85
38 41 39 42 33
39 42 40 43 57
39 41 39 42 24
39 41 40 42 61
40 42 40 43 59
40 42 41 43 2
40 43 41 44 116
41 43 41 44 2
41 44 42 45 118
42 45 43 46 118
43 46 44 47 118
44 47 45 48 118
45 48 46 49 118
46 49 47 50 118
47 50 48 51 118
48 51 49 52 118
49 52 50 53 118
50 53 51 54 118
51 54 52 55 118
52 55 53 56 118
53 56 54 57 118
54 57 55 58 118
55 58 56 59 118
56 59 56 60 34
56 59 57 60 84
56 60 56 61 34
56 63 56 64 34
56 64 57 65 34
56 61 56 62 34
56 62 56 63 34
57 60 57 61 31
57 60 58 60 2
57 60 58 61 51
57 63 57 64 31
57 64 57 65 31
57 61 57 62 31
57 65 58 66 65
57 62 57 63 31
58 60 59 61 2
58 63 58 64 33
58 64 58 65 33
58 61 59 61 12
58 61 59 62 6
58 61 58 62 33
58 66 59 67 98
58 65 58 66 33
58 62 58 63 33
59 67 60 68 100
59 63 59 64 2
59 64 59 65 2
59 66 59 67 2
59 61 60 61 9
59 61 60 62 5
59 65 59 66 2
59 62 59 63 2
59 62 60 63 3
59 62 60 62 1
60 63 61 64 3
60 61 61 61 2
60 61 61 62 7
60 68 61 69 100
60 62 61 63 6
61 69 61 70 1
61 69 62 70 99
61 63 62 64 11
61 70 62 71 1
61 64 62 65 3
61 61 62 61 2
61 62 61 63 5
61 62 62 63 2
62 63 63 64 2
62 64 63 65 11
62 71 63 72 2
62 70 63 71 98
62 70 62 71 1
62 61 63 61 2
62 65 63 66 3
63 72 64 73 2
63 64 64 65 2
63 71 64 72 98
63 66 64 67 1
63 66 64 66 2
63 61 64 61 2
63 65 64 66 11
64 67 65 67 1
64 67 65 68 1
64 72 64 73 89
64 72 65 73 9
64 61 65 61 1
64 61 65 62 1
64 66 64 67 1
64 66 65 67 14
64 73 65 74 91
64 65 64 66 2
65 74 66 75 92
65 67 66 68 15
65 61 66 62 1
65 73 66 74 8
65 73 65 74 1
65 68 66 69 1
65 62 66 63 1
66 69 67 70 1
66 74 67 75 3
66 74 66 75 5
66 63 67 64 1
66 75 67 76 97
66 68 67 69 15
66 62 67 63 1
67 69 68 70 15
67 77 68 78 1
67 63 67 64 1
67 70 68 70 1
67 64 68 65 2
67 75 68 76 3
67 76 67 77 1
67 76 68 77 96
68 77 69 78 98
68 70 69 71 16
68 76 69 77 1
68 76 68 77 2
68 78 69 79 1
68 65 69 66 2
69 77 69 78 1
69 71 70 72 16
69 66 70 67 2
69 78 70 79 99
69 79 70 80 1
70 67 71 68 2
70 72 71 73 16
70 80 71 81 1
70 79 71 80 99
71 81 72 82 1
71 73 72 74 16
71 68 72 69 2
71 80 72 81 99
72 69 73 70 2
72 74 73 75 16
72 81 73 82 99
72 82 73 83 1
73 83 74 84 1
73 70 74 71 2
73 75 74 76 16
73 82 74 83 99
74 84 75 85 1
74 71 75 72 2
74 83 75 84 99
74 76 75 77 16
75 84 76 85 99
75 85 76 86 1
75 77 76 78 16
75 72 76 73 2
76 74 76 75 2
76 77 77 78 1
76 77 76 78 1
76 85 77 86 99
76 75 76 76 2
76 73 76 74 2
76 86 77 87 1
76 76 76 77 2
76 78 77 79 17
77 87 78 88 2
77 86 77 87 1
77 86 78 87 98
77 78 78 79 1
77 79 78 80 17
78 87 78 88 1
78 87 79 88 97
78 88 78 89 1
78 88 79 89 2
78 89 79 90 1
78 80 79 81 18
78 79 78 80 1
79 81 80 82 18
79 90 80 91 1
79 88 80 89 96
79 88 79 89 1
79 89 80 90 3
80 92 81 93 5
80 90 81 91 8
80 90 80 91 5
80 89 81 90 85
80 89 81 89 1
80 89 80 90 10
80 91 81 92 1
80 91 80 92 5
80 82 81 83 18
81 92 82 93 2
81 93 82 94 5
81 90 81 91 1
81 90 82 91 84
81 83 82 84 18
81 89 82 90 1
81 91 81 92 1
81 91 82 92 8
82 84 83 85 18
82 92 83 93 9
82 92 82 93 1
82 90 83 91 1
82 93 83 94 2
82 93 82 94 1
82 94 83 95 6
82 91 83 92 81
82 91 83 91 1
82 91 82 92 2
83 92 84 93 81
83 85 84 86 18
83 93 84 94 9
83 95 84 96 6
83 94 84 95 2
83 91 84 92 2
84 92 85 93 2
84 93 85 94 81
84 95 85 96 2
84 94 85 95 9
84 86 85 87 18
84 96 85 97 6
85 87 86 88 18
85 93 86 94 2
85 95 86 96 9
85 97 86 98 6
85 94 86 95 81
85 96 86 97 2
86 98 87 99 6
86 88 87 89 18
86 95 87 96 81
86 94 87 95 2
86 97 87 98 2
86 96 87 97 9
87 98 88 99 2
87 99 88 100 6
87 95 88 96 2
87 89 88 90 18
87 97 88 98 9
87 96 88 97 81
88 99 89 100 5
88 98 88 99 3
88 98 89 99 9
88 90 89 91 18
88 97 88 98 3
88 97 89 98 80
88 96 88 97 2
88 100 89 101 1
88 100 89 100 5
89 99 90 100 1
89 99 89 100 10
89 98 90 99 78
89 98 89 99 2
89 101 90 102 1
89 91 90 92 18
89 100 90 101 20
90 92 90 93 1
90 92 91 93 17
90 99 91 100 78
90 93 90 94 1
90 95 91 96 1
90 102 91 103 1
90 94 90 95 1
90 101 91 102 20
90 100 91 101 1
91 95 91 96 3
91 94 91 95 3
91 102 92 103 20
91 103 92 104 1
91 93 92 94 14
91 93 91 94 3
91 101 92 102 1
91 100 92 101 78
91 96 92 97 4
92 104 93 105 1
92 103 93 104 20
92 102 93 103 1
92 97 93 98 4
92 94 93 95 14
92 101 93 102 78
93 104 94 105 20
93 103 94 104 1
93 98 94 99 4
93 95 94 96 14
93 102 94 103 78
93 105 94 106 1
94 104 95 105 1
94 99 95 100 4
94 103 95 104 78
94 106 95 106 1
94 96 95 97 14
94 105 95 106 20
95 104 96 105 78
95 106 96 106 1
95 106 96 107 20
95 97 96 98 14
95 105 96 106 1
95 100 96 101 4
96 98 97 99 14
96 106 97 106 1
96 106 97 107 1
96 101 97 102 4
96 105 97 106 76
96 105 97 105 2
96 107 97 108 19
96 107 97 107 1
97 103 98 104 2
97 99 98 100 12
97 99 97 100 2
97 106 98 106 4
97 106 98 107 73
97 101 97 102 2
97 102 98 103 4
97 102 97 103 2
97 108 98 109 18
97 108 98 108 1
97 105 98 105 2
97 100 97 101 2
97 107 98 108 1
97 107 98 107 1
98 104 99 105 3
98 102 98 103 1
98 108 99 109 1
98 108 99 108 1
98 107 99 108 73
98 107 99 107 1
98 109 99 110 18
98 103 98 104 1
98 103 99 104 4
98 106 99 106 4
98 101 98 102 1
98 100 98 101 1
98 100 99 101 10
98 100 99 100 1
98 105 99 105 2
99 104 99 105 1
99 104 100 105 4
99 102 99 103 1
99 108 100 109 73
99 108 100 108 1
99 107 100 107 1
99 109 100 110 1
99 103 99 104 1
99 106 100 106 4
99 101 99 102 1
99 101 100 102 9
99 100 100 101 1
99 105 100 106 6
99 110 100 111 16
99 110 100 110 2
100 102 101 103 9
100 108 101 108 1
100 111 101 112 11
100 111 101 111 5
100 107 101 107 1
100 109 101 109 1
100 109 101 110 72
100 106 101 107 10
100 101 101 102 1
100 105 101 106 4
100 110 101 111 3
101 102 102 103 1
101 108 102 108 1
101 111 102 112 3
101 111 102 111 5
101 107 102 108 11
101 112 102 113 11
101 109 102 110 1
101 103 102 104 9
101 106 102 107 4
101 110 102 111 72
102 112 103 113 3
102 104 103 105 9
102 103 103 104 1
102 108 103 109 11
102 108 103 108 1
102 111 103 112 71
102 111 103 111 6
102 107 103 108 4
102 110 103 111 1
102 113 103 114 11
103 109 104 110 11
103 104 104 105 1
103 112 104 113 71
103 108 104 109 5
103 111 104 111 7
103 114 104 115 11
103 105 104 106 9
103 113 104 114 3
104 109 105 110 5
104 106 105 107 9
104 114 105 115 3
104 111 105 111 7
104 105 105 106 1
104 115 105 116 11
104 110 105 111 11
104 113 105 114 68
104 113 105 113 3
105 108 105 109 1
105 111 106 112 17
105 111 106 111 1
105 114 106 115 68
105 115 106 116 3
105 107 106 108 9
105 107 105 108 1
105 109 105 110 1
105 116 106 117 11
105 106 105 107 1
105 110 106 111 6
105 113 106 113 3
106 112 107 113 17
106 116 107 117 3
106 108 107 109 9
106 111 107 112 7
106 117 107 118 11
106 115 107 116 68
106 113 107 113 3
107 109 108 110 9
107 119 108 120 2
107 112 108 113 7
107 116 108 116 10
107 116 108 117 58
107 118 108 119 9
107 118 107 119 2
107 117 108 118 3
107 114 108 115 1
107 113 108 114 18
107 113 108 113 1
107 113 107 114 1
108 119 109 119 1
108 119 109 120 8
108 120 109 121 2
108 116 109 116 10
108 118 109 119 10
108 114 109 115 18
108 117 109 118 47
108 117 109 117 4
108 117 108 118 7
108 115 109 116 1
108 110 109 111 9
108 113 109 114 8
109 120 110 121 8
109 118 109 119 2
109 118 110 119 38
109 118 110 118 7
109 111 110 112 9
109 114 110 115 8
109 115 110 116 18
109 121 110 122 2
109 119 110 119 1
109 119 110 120 12
109 116 110 116 8
109 116 110 117 3
109 117 110 117 4
110 112 111 113 8
110 112 110 113 1
110 119 111 119 4
110 119 111 120 35
110 116 111 117 26
110 120 111 120 5
110 120 111 121 7
110 118 111 119 2
110 118 111 118 5
110 122 111 123 2
110 117 111 118 5
110 117 111 117 2
110 115 111 116 8
110 113 111 114 1
110 121 111 122 8
111 123 112 123 2
111 119 112 119 4
111 119 112 120 2
111 116 112 117 8
111 120 112 120 5
111 120 112 121 35
111 118 112 119 6
111 118 112 118 4
111 117 112 118 28
111 114 112 115 1
111 122 112 123 8
111 113 112 114 8
111 121 112 122 4
111 121 112 121 3
112 123 113 123 4
112 123 113 124 6
112 120 113 120 4
112 120 113 121 3
112 118 113 119 31
112 118 113 118 1
112 114 113 115 8
112 122 113 123 5
112 115 113 116 1
112 121 112 122 1
112 121 113 122 33
112 121 113 121 4
112 119 113 119 4
112 119 113 120 6
112 117 113 118 8
113 124 114 124 6
113 124 114 125 1
113 123 114 123 8
113 123 114 124 11
113 123 113 124 1
113 120 114 120 5
113 120 114 121 2
113 120 113 121 3
113 118 114 119 4
113 118 113 119 5
113 122 114 123 17
113 122 114 122 5
113 122 113 123 11
113 115 114 116 4
113 115 113 116 4
113 121 114 122 5
113 121 114 121 5
113 119 114 120 40
113 116 114 117 5
114 124 115 124 23
114 123 114 124 6
114 123 115 124 6
114 123 115 123 15
114 120 115 121 48
114 122 114 123 2
114 122 115 123 4
114 122 115 122 6
114 121 114 122 2
114 121 115 121 5
114 119 114 120 3
114 119 115 120 1
114 116 114 117 3
114 116 115 117 1
114 125 115 125 1
114 117 115 118 8
115 124 116 124 26
115 124 116 125 3
115 123 116 124 8
115 123 116 123 11
115 120 116 121 1
115 120 115 121 7
115 118 116 119 1
115 118 115 119 7
115 122 116 122 6
115 121 116 122 60
115 119 115 120 7
115 125 116 125 1
115 117 116 118 1
116 119 117 120 1
116 124 117 124 33
116 124 117 125 1
116 123 117 123 11
116 118 117 119 1
116 125 117 125 3
116 125 117 126 1
116 122 117 123 66
116 121 117 122 1
117 119 117 120 1
117 124 118 124 33
117 123 118 124 79
117 120 117 121 2
117 125 118 125 3
117 125 118 126 1
117 122 118 123 1
117 122 117 123 2
117 126 118 126 1
117 121 117 122 2
118 123 119 124 1
118 124 119 125 112
118 125 119 125 3
118 126 119 126 2
119 124 120 125 1
119 125 120 126 115
119 126 120 126 2
120 125 120 126 1
