0 0 1 1 118
1 1 2 2 118
2 2 3 3 118
3 3 4 4 118
4 4 5 5 118
5 5 6 6 118
6 6 7 7 118
7 7 8 8 118
8 8 9 9 118
9 9 10 10 118
10 10 11 11 118
11 11 12 12 118
12 12 13 13 118
13 13 14 14 118
14 14 15 15 118
15 15 16 16 118
16 16 17 17 118
17 17 18 18 118
18 18 19 19 118
19 19 20 20 118
20 20 21 21 118
21 21 22 22 118
22 22 23 23 118
23 23 24 24 118
24 24 25 25 118
25 25 26 26 118
26 26 27 27 118
27 27 28 28 118
28 28 29 29 118
29 29 30 30 118
30 30 31 31 118
31 31 32 32 118
32 32 33 33 118
33 33 34 34 118
34 34 35 35 118
35 35 36 36 118
36 36 37 37 118
37 37 38 38 118
38 38 39 39 118
39 39 40 40 118
40 40 41 41 118
41 41 42 42 118
42 42 43 43 118
43 43 44 44 118
44 44 45 45 118
45 45 46 46 118
46 46 47 47 118
47 47 48 48 118
48 48 49 49 118
49 49 50 50 118
50 50 51 51 118
51 51 52 52 118
52 52 53 53 118
53 53 54 54 118
54 54 55 55 118
55 55 56 56 118
56 56 57 57 118
57 57 58 58 118
58 58 59 59 118
59 59 60 60 118
60 60 61 61 118
61 61 62 62 118
62 62 63 63 118
63 63 64 64 118
64 64 65 65 118
65 65 66 66 118
66 66 67 67 118
67 67 68 68 118
68 68 69 69 118
69 69 70 70 118
70 70 71 71 118
71 71 72 72 118
72 72 73 73 118
73 73 74 74 118
74 74 75 75 118
75 75 76 76 118
76 76 77 77 118
77 77 78 78 118
78 78 79 79 118
79 79 80 80 118
80 80 81 81 118
81 81 82 82 118
82 82 83 83 118
83 83 84 84 118
84 84 85 85 118
85 85 86 86 118
86 86 87 87 118
87 87 88 88 118
88 88 89 89 118
89 89 90 90 118
90 90 91 91 118
91 91 92 92 118
92 92 93 93 118
93 93 94 94 118
94 94 95 95 118
95 95 96 96 118
96 96 97 97 118
97 97 98 98 118
98 98 99 99 118
99 99 100 100 118
100 100 101 101 118
101 101 102 102 118
102 102 103 103 118
103 103 104 104 118
104 104 105 105 118
105 105 106 106 118
106 106 107 107 118
107 107 108 108 118
108 108 109 109 118
109 109 110 110 118
110 110 111 111 118
111 111 112 112 118
112 112 113 113 118
113 113 114 114 118
114 114 115 115 118
115 115 116 116 118
116 116 117 117 118
117 117 118 118 118
118 118 119 119 118
119 119 120 120 118
120 120 121 121 118
121 123 122 124 2
121 122 121 123 2
121 121 122 122 116
121 121 121 122 2
122 124 123 124 1
122 124 123 125 2
122 123 123 123 1
122 123 122 124 1
122 122 123 123 114
122 122 122 123 2
123 124 124 124 1
123 123 124 123 1
123 123 124 124 114
123 125 124 125 1
123 125 124 126 1
124 123 124 124 1
124 124 125 125 116
124 125 125 125 1
124 126 125 126 1
125 125 126 126 117
125 126 126 126 1
