0 1 1 2 18
0 0 1 1 487
0 0 0 1 18
1 1 1 2 47
1 1 2 2 440
1 3 2 4 8
1 2 1 3 8
1 2 2 3 57
2 4 3 5 12
2 4 2 5 1
2 3 3 4 95
2 3 2 4 5
2 2 3 3 397
2 2 2 3 43
2 5 3 6 1
3 6 4 7 1
3 4 4 5 103
3 4 3 5 48
3 3 4 4 341
3 3 3 4 56
3 5 4 6 60
4 6 5 7 134
4 4 4 5 55
4 4 5 5 286
4 7 5 7 1
4 5 4 6 74
4 5 5 6 84
5 6 6 7 73
5 6 5 7 202
5 7 6 8 337
5 5 6 6 95
5 5 5 6 191
6 8 7 9 444
6 6 6 7 57
6 6 7 7 38
6 7 6 8 107
6 7 7 8 23
7 8 8 9 15
7 8 7 9 41
7 7 8 8 5
7 7 7 8 33
7 9 8 10 485
8 8 8 9 4
8 8 9 9 1
8 9 8 10 15
8 9 9 10 4
8 10 9 11 500
9 11 10 12 505
9 9 9 10 1
9 10 9 11 5
10 12 11 13 505
11 13 12 14 505
12 14 13 15 505
13 15 14 16 505
14 16 15 17 505
15 18 16 19 1
15 17 16 18 504
15 17 15 18 1
16 18 17 19 504
16 19 17 20 1
17 19 18 20 504
17 20 18 21 1
18 21 19 22 1
18 20 19 21 504
19 22 20 23 1
19 21 20 22 504
20 22 21 23 503
20 22 20 23 1
20 23 21 24 2
21 24 22 25 2
21 23 22 24 503
22 25 23 26 3
22 24 22 25 1
22 24 23 25 502
23 25 24 26 502
23 26 24 27 3
24 27 25 28 3
24 26 25 27 502
25 27 26 28 502
25 28 26 29 3
26 28 27 29 502
26 29 27 30 3
27 30 28 31 3
27 29 28 30 502
28 30 29 31 502
28 31 29 32 3
29 32 30 33 3
29 31 30 32 502
30 33 31 34 3
30 32 31 33 502
31 33 32 34 500
31 33 31 34 2
31 34 32 35 5
32 35 33 36 5
32 34 33 35 500
33 35 33 36 1
33 35 34 36 499
33 36 34 37 6
34 36 35 37 498
34 36 34 37 1
34 37 35 38 7
35 38 36 39 8
35 37 35 38 1
35 37 36 38 497
36 38 36 39 14
36 38 37 39 483
36 39 37 40 22
37 39 38 40 461
37 39 37 40 22
37 40 38 41 44
38 40 38 41 82
38 40 39 41 379
38 41 39 42 126
39 42 40 43 199
39 41 39 42 73
39 41 40 42 306
40 42 40 43 276
40 42 41 43 30
40 43 41 44 475
41 43 42 44 7
41 43 41 44 23
41 44 42 45 498
42 45 43 46 500
42 44 42 45 2
42 44 43 45 5
43 46 44 47 504
43 45 43 46 4
43 45 44 46 1
44 46 45 47 1
44 47 45 48 504
45 47 46 48 1
45 48 46 49 504
46 49 47 50 505
46 48 46 49 1
47 50 48 51 505
48 51 49 52 505
49 52 50 53 505
50 53 51 54 505
51 54 52 55 505
52 55 53 56 505
53 56 54 56 1
53 56 54 57 504
54 56 55 57 1
54 57 55 57 2
54 57 55 58 502
55 59 56 60 1
55 57 56 58 3
55 58 56 59 495
55 58 56 58 6
55 58 55 59 1
56 59 56 60 18
56 59 57 59 35
56 59 57 60 442
56 60 57 61 6
56 60 56 61 13
56 63 56 64 13
56 64 56 65 1
56 64 57 65 12
56 61 56 62 13
56 65 57 66 1
56 58 57 59 8
56 58 57 58 1
56 62 56 63 13
57 63 57 64 10
57 64 57 65 10
57 61 57 62 10
57 61 58 61 5
57 61 58 62 2
57 58 58 59 1
57 59 58 59 1
57 59 58 60 42
57 60 57 61 11
57 60 58 60 116
57 60 58 61 315
57 66 58 67 2
57 62 57 63 10
57 65 57 66 1
57 65 58 66 21
58 67 59 68 3
58 63 58 64 2
58 64 59 65 1
58 64 58 65 1
58 61 59 61 91
58 61 59 62 225
58 61 58 62 4
58 59 59 60 2
58 60 59 60 1
58 60 59 61 157
58 66 59 67 21
58 66 58 67 1
58 65 58 66 1
58 62 59 63 3
58 62 59 62 1
58 62 58 63 2
59 67 60 68 25
59 63 59 64 4
59 63 60 64 10
59 64 59 65 4
59 61 60 61 2
59 61 60 62 246
59 68 60 69 3
59 60 60 61 3
59 66 59 67 4
59 62 59 63 11
59 62 60 63 164
59 62 60 62 51
59 65 59 66 4
59 65 60 66 1
60 67 60 68 2
60 63 60 64 5
60 63 61 63 38
60 63 61 64 121
60 64 60 65 3
60 64 61 64 1
60 64 61 65 11
60 61 60 62 1
60 61 61 62 4
60 68 60 69 1
60 68 61 69 26
60 69 61 70 4
60 66 60 67 2
60 66 61 67 2
60 62 61 63 297
60 62 61 62 1
60 65 60 66 3
61 69 61 70 3
61 69 62 70 23
61 67 62 68 3
61 63 62 64 340
61 70 62 71 7
61 64 61 65 6
61 64 62 64 11
61 64 62 65 105
61 66 61 67 1
61 62 61 63 5
61 65 61 66 1
61 65 62 66 16
62 71 63 72 8
62 64 63 64 1
62 64 63 65 350
62 70 63 71 22
62 70 62 71 1
62 66 63 67 19
62 68 63 69 3
62 65 63 66 98
62 65 63 65 4
62 65 62 66 3
63 69 64 70 3
63 67 64 67 1
63 67 64 68 19
63 64 64 65 1
63 72 64 73 8
63 71 64 72 22
63 66 63 67 1
63 66 64 67 87
63 66 64 66 10
63 65 64 66 354
64 67 65 67 5
64 67 65 68 83
64 72 64 73 14
64 72 65 73 8
64 70 65 71 3
64 66 65 67 364
64 73 65 74 22
64 68 65 69 18
64 68 65 68 1
64 65 65 66 1
65 74 66 75 25
65 69 66 69 1
65 69 66 70 17
65 69 65 70 2
65 67 66 68 369
65 70 65 71 2
65 71 66 72 5
65 66 66 67 1
65 73 66 74 5
65 73 65 74 3
65 68 66 69 70
65 68 66 68 12
65 68 65 69 2
66 74 67 75 4
66 74 66 75 1
66 69 67 69 6
66 69 67 70 60
66 69 66 70 5
66 67 67 68 1
66 71 66 72 1
66 75 67 76 26
66 72 67 73 6
66 70 67 71 21
66 70 66 71 1
66 68 67 69 381
67 69 68 70 387
67 75 67 76 2
67 75 68 76 2
67 72 67 73 2
67 72 68 73 1
67 70 67 71 4
67 70 68 70 5
67 70 68 71 51
67 71 67 72 3
67 71 68 72 22
67 73 68 74 8
67 68 68 69 1
67 76 68 77 28
68 69 69 70 1
68 74 69 75 13
68 77 69 78 29
68 70 69 71 392
68 71 69 71 6
68 71 69 72 38
68 71 68 72 7
68 72 69 73 24
68 72 68 73 5
68 73 69 74 1
68 73 68 74 5
68 76 69 77 1
68 76 68 77 1
69 74 69 75 4
69 74 70 75 1
69 70 69 71 1
69 71 70 72 399
69 75 69 76 1
69 75 70 76 16
69 78 70 79 31
69 77 69 78 2
69 72 69 73 7
69 72 70 73 31
69 73 69 74 4
69 73 70 74 26
69 73 70 73 1
69 76 69 77 1
70 74 70 75 1
70 74 71 74 2
70 74 71 75 24
70 72 71 73 399
70 75 71 76 1
70 75 70 76 1
70 73 70 74 1
70 73 71 74 30
70 73 71 73 1
70 76 71 77 17
70 79 71 80 31
71 74 71 75 1
71 74 72 74 4
71 74 72 75 27
71 77 72 78 18
71 75 71 76 1
71 75 72 75 2
71 75 72 76 22
71 73 72 74 400
71 76 72 77 1
71 76 71 77 1
71 80 72 81 31
72 74 73 75 404
72 81 73 82 31
72 77 72 78 1
72 77 73 78 1
72 75 72 76 1
72 75 73 75 11
72 75 73 76 17
72 80 73 81 1
72 76 72 77 1
72 76 73 77 21
72 76 73 76 1
72 78 72 79 1
72 78 73 79 18
72 79 72 80 1
73 81 74 82 1
73 77 74 78 20
73 77 73 78 2
73 75 74 76 415
73 76 74 77 8
73 76 74 76 9
73 76 73 77 1
73 78 74 79 1
73 78 73 79 2
73 82 74 83 31
73 79 74 80 20
74 77 75 77 1
74 77 75 78 7
74 83 75 84 31
74 76 75 77 424
74 80 75 81 20
74 78 75 78 1
74 78 75 79 19
74 79 75 80 1
74 82 75 83 1
75 84 76 85 31
75 81 76 82 20
75 77 76 78 425
75 83 76 84 1
75 80 76 81 1
75 78 76 78 2
75 78 76 79 6
75 79 76 80 19
76 81 77 82 1
76 84 77 85 1
76 85 77 86 31
76 80 77 81 19
76 78 77 79 427
76 79 77 80 6
76 82 77 83 20
77 81 77 82 4
77 81 78 82 17
77 85 78 86 1
77 83 78 84 24
77 80 77 81 2
77 80 78 81 4
77 86 78 87 31
77 82 77 83 4
77 82 78 83 1
77 79 78 80 427
78 81 79 82 4
78 84 79 85 26
78 87 79 88 31
78 83 78 84 2
78 83 79 84 1
78 86 79 87 1
78 80 79 81 427
78 82 78 83 2
78 82 79 83 15
79 84 80 85 1
79 84 79 85 1
79 81 80 82 427
79 87 80 88 1
79 88 80 89 31
79 85 80 86 27
79 83 80 84 14
79 83 79 84 1
79 82 80 83 4
80 84 81 85 14
80 85 81 86 1
80 88 81 89 1
80 83 81 84 4
80 89 81 90 31
80 86 81 87 27
80 82 81 83 427
81 84 81 85 1
81 84 82 85 3
81 87 82 88 28
81 90 82 91 31
81 85 81 86 1
81 85 82 86 14
81 83 82 84 427
81 89 82 90 1
81 86 81 87 1
81 86 82 87 1
82 84 83 85 427
82 87 83 88 1
82 87 82 88 1
82 85 83 86 2
82 85 82 86 1
82 90 83 91 1
82 88 83 89 29
82 91 83 92 31
82 86 83 87 14
82 86 82 87 1
83 92 84 93 31
83 87 84 88 15
83 87 83 88 2
83 88 84 89 1
83 88 83 89 2
83 85 84 86 426
83 85 83 86 1
83 89 84 90 31
83 86 83 87 3
83 91 84 92 1
84 92 85 93 1
84 87 84 88 1
84 93 85 94 31
84 90 85 91 32
84 88 84 89 1
84 88 85 89 15
84 89 84 90 1
84 89 85 90 1
84 86 84 87 1
84 86 85 87 425
85 87 86 88 425
85 90 86 91 1
85 93 86 94 1
85 94 86 95 31
85 89 86 90 15
85 91 86 92 32
86 92 87 93 32
86 88 87 89 425
86 90 87 91 15
86 95 87 96 31
86 94 87 94 1
86 91 87 92 1
87 92 88 93 1
87 93 88 94 32
87 94 88 94 1
87 89 88 90 425
87 91 88 92 15
87 96 88 97 31
88 92 88 93 1
88 92 89 93 15
88 93 88 94 1
88 93 89 94 1
88 90 88 91 1
88 90 89 91 424
88 97 89 98 31
88 94 89 95 34
88 91 88 92 1
89 92 89 93 2
89 98 90 99 31
89 93 90 94 15
89 93 89 94 2
89 95 90 96 35
89 94 90 95 2
89 94 89 95 1
89 91 90 92 422
89 91 89 92 2
90 92 90 93 3
90 92 91 93 419
90 99 91 100 31
90 93 90 94 3
90 95 90 96 3
90 95 91 96 2
90 94 90 95 3
90 94 91 95 15
90 96 91 97 38
91 93 92 94 418
91 93 91 94 1
91 95 92 96 15
91 95 91 96 1
91 94 91 95 1
91 97 92 98 39
91 96 92 97 2
91 96 91 97 1
91 100 92 101 31
92 98 93 99 39
92 97 93 98 2
92 101 93 102 31
92 94 93 95 418
92 96 93 97 15
93 98 94 99 2
93 99 94 100 39
93 95 94 96 418
93 102 94 103 31
93 97 94 98 15
94 99 95 100 2
94 103 95 104 31
94 98 95 99 15
94 96 95 97 418
94 100 95 101 39
95 104 96 105 31
95 98 95 99 2
95 99 95 100 2
95 99 96 100 15
95 97 95 98 2
95 97 96 98 416
95 101 96 102 41
95 100 95 101 2
95 100 96 101 2
96 99 96 100 1
96 98 97 99 415
96 98 96 99 1
96 101 97 102 2
96 101 96 102 2
96 102 97 103 43
96 105 97 106 30
96 105 97 105 1
96 100 97 101 14
96 100 96 101 2
97 99 98 100 408
97 99 97 100 7
97 103 98 104 49
97 106 98 107 30
97 102 98 103 2
97 102 97 103 6
97 101 98 102 14
97 101 97 102 6
97 105 98 105 1
97 100 98 101 1
97 100 97 101 6
98 104 99 105 56
98 103 99 104 3
98 103 98 104 7
98 101 99 102 1
98 101 98 102 8
98 102 98 103 8
98 102 99 103 14
98 105 99 105 1
98 100 98 101 8
98 100 99 101 400
98 107 99 108 30
99 104 99 105 4
99 104 100 105 4
99 103 99 104 5
99 103 100 104 14
99 102 99 103 5
99 102 100 103 1
99 101 99 102 5
99 101 100 102 395
99 108 100 109 29
99 108 100 108 1
99 105 100 106 61
100 109 101 110 29
100 104 101 105 14
100 104 100 105 3
100 103 101 104 1
100 103 100 104 3
100 106 101 107 64
100 102 101 103 392
100 102 100 103 3
100 108 101 108 1
100 105 101 106 4
100 105 100 106 3
101 104 102 105 1
101 104 101 105 2
101 103 101 104 2
101 103 102 104 390
101 106 101 107 2
101 106 102 107 4
101 108 102 108 1
101 105 101 106 2
101 105 102 106 14
101 110 102 111 29
101 107 102 108 66
102 104 103 105 386
102 104 102 105 4
102 106 103 107 14
102 106 102 107 4
102 111 103 112 29
102 108 103 109 72
102 105 103 106 1
102 105 102 106 4
102 107 103 108 3
102 107 102 108 5
103 112 104 113 29
103 109 104 110 73
103 106 104 107 1
103 106 103 107 1
103 108 104 109 3
103 108 103 109 1
103 105 104 106 385
103 105 103 106 1
103 107 104 108 14
103 107 103 108 1
104 109 104 110 15
104 109 105 110 3
104 106 104 107 17
104 106 105 107 368
104 108 104 109 15
104 108 105 109 14
104 107 104 108 15
104 107 105 108 3
104 113 105 114 29
104 110 105 111 88
105 109 106 110 12
105 109 105 110 15
105 108 106 109 3
105 108 105 109 13
105 114 106 115 29
105 111 106 112 103
105 110 106 111 3
105 110 105 111 15
105 107 106 108 355
105 107 105 108 13
106 109 106 110 2
106 109 107 110 4
106 112 107 113 106
106 111 106 112 3
106 111 107 112 4
106 108 106 109 3
106 108 107 109 352
106 115 107 116 29
106 110 106 111 4
106 110 107 111 10
107 112 108 113 4
107 112 107 113 2
107 109 108 110 350
107 109 107 110 2
107 116 108 116 1
107 116 108 117 28
107 111 108 112 10
107 111 107 112 2
107 110 108 111 4
107 110 107 111 2
107 113 108 114 108
108 112 109 113 9
108 112 108 113 6
108 116 109 116 1
108 111 109 112 4
108 111 108 112 5
108 117 109 118 26
108 117 109 117 2
108 114 109 115 113
108 113 109 114 5
108 113 108 114 5
108 110 109 111 345
108 110 108 111 5
109 118 110 119 24
109 118 110 118 2
109 111 109 112 1
109 111 110 112 344
109 114 109 115 5
109 114 110 115 5
109 115 110 116 118
109 112 109 113 1
109 112 110 113 4
109 116 110 116 1
109 117 110 117 2
109 113 109 114 5
109 113 110 114 5
110 118 111 119 1
110 118 111 118 1
110 114 111 115 4
110 114 110 115 5
110 115 111 116 5
110 115 110 116 5
110 112 111 113 340
110 112 110 113 4
110 119 111 120 24
110 116 111 117 124
110 117 111 117 2
110 113 111 114 4
110 113 110 114 4
111 120 112 120 4
111 120 112 121 20
111 118 112 119 1
111 118 112 118 1
111 114 112 115 3
111 114 111 115 5
111 115 112 116 4
111 115 111 116 5
111 119 112 120 1
111 116 112 117 5
111 116 111 117 5
111 117 112 118 130
111 117 111 118 1
111 113 112 114 336
111 113 111 114 4
112 120 113 120 4
112 120 113 121 1
112 118 113 119 151
112 114 112 115 21
112 114 113 115 315
112 115 112 116 19
112 115 113 116 5
112 121 113 122 18
112 121 113 121 2
112 119 113 120 1
112 116 112 117 20
112 116 113 117 3
112 117 112 118 20
112 117 113 118 5
113 119 114 120 205
113 120 114 120 4
113 120 114 121 1
113 116 114 117 5
113 116 113 117 53
113 118 114 119 5
113 118 113 119 54
113 122 114 123 15
113 122 114 122 3
113 117 114 118 2
113 117 113 118 54
113 115 114 116 262
113 115 113 116 53
113 121 114 122 1
113 121 114 121 2
114 123 115 123 5
114 123 115 124 10
114 119 114 120 69
114 119 115 120 6
114 116 114 117 69
114 116 115 117 193
114 120 115 121 278
114 118 114 119 70
114 118 115 119 1
114 117 114 118 69
114 117 115 118 5
114 122 115 123 1
114 122 115 122 3
114 121 115 122 1
114 121 115 121 2
115 124 116 124 8
115 124 116 125 2
115 123 116 123 6
115 119 115 120 57
115 120 116 121 6
115 120 115 121 57
115 118 116 119 5
115 118 115 119 56
115 122 116 123 1
115 122 116 122 3
115 117 116 118 137
115 117 115 118 56
115 121 116 122 337
116 124 117 124 8
116 119 116 120 40
116 119 117 120 5
116 123 117 124 1
116 123 117 123 6
116 120 116 121 40
116 118 116 119 40
116 118 117 119 97
116 125 117 125 1
116 125 117 126 1
116 122 117 123 380
116 121 116 122 40
116 121 117 122 6
117 124 118 124 9
117 123 118 124 433
117 120 118 121 3
117 120 117 121 44
117 122 118 123 3
117 122 117 123 47
117 121 117 122 44
117 119 118 120 55
117 119 117 120 42
117 125 118 125 1
117 126 118 126 1
118 123 119 124 1
118 123 118 124 47
118 124 119 125 489
118 120 119 121 12
118 120 118 121 43
118 125 119 125 1
118 122 118 123 45
118 121 119 122 1
118 121 118 122 45
118 126 119 126 1
119 123 119 124 11
119 124 119 125 11
119 124 120 125 1
119 125 120 126 501
119 122 119 123 11
119 121 119 122 10
119 121 120 122 2
119 126 120 126 1
120 124 120 125 2
120 123 120 124 2
120 125 120 126 3
120 122 120 123 2
