0 1 1 2 3
0 0 1 1 422
0 0 1 0 80
0 0 0 1 3
1 1 1 2 16
1 1 2 1 21
1 1 2 2 386
1 3 2 3 1
1 0 1 1 1
1 0 2 1 78
1 0 2 0 1
1 2 1 3 1
1 2 2 3 8
1 2 2 2 10
2 1 3 1 3
2 1 3 2 95
2 1 2 2 1
2 0 3 1 1
2 3 3 4 3
2 3 3 3 13
2 2 3 3 190
2 2 3 2 200
2 2 2 3 7
3 1 4 2 4
3 4 4 4 1
3 4 4 5 4
3 3 4 4 88
3 3 4 3 147
3 3 3 4 2
3 2 4 3 185
3 2 4 2 76
3 2 3 3 34
4 4 4 5 6
4 4 5 4 2
4 4 5 5 159
4 3 4 4 78
4 3 5 4 179
4 3 5 3 77
4 2 4 3 2
4 2 5 3 78
4 5 5 6 2
4 5 5 5 8
5 6 6 6 9
5 6 6 7 1
5 4 6 4 7
5 4 6 5 50
5 4 5 5 216
5 3 6 4 63
5 3 5 4 92
5 5 6 6 375
5 5 5 6 8
6 6 6 7 1
6 6 7 7 458
6 4 6 5 34
6 4 7 5 36
6 7 7 8 1
6 7 7 7 1
6 5 6 6 75
6 5 7 6 9
7 8 8 8 1
7 6 8 7 3
7 6 7 7 37
7 7 8 8 496
7 5 8 6 5
7 5 7 6 31
8 6 8 7 4
8 6 9 7 1
8 8 9 9 504
8 7 8 8 7
9 8 9 9 1
9 7 9 8 1
9 9 10 10 505
10 10 11 11 505
11 11 12 12 505
12 12 13 13 505
13 13 14 14 505
14 14 15 15 505
15 16 16 17 1
15 15 16 16 504
15 15 15 16 1
16 16 17 17 504
16 17 17 18 1
17 18 18 19 1
17 17 18 18 504
18 18 19 19 504
18 19 19 20 1
19 19 20 20 504
19 20 20 21 1
20 21 21 22 2
20 20 21 21 503
20 20 20 21 1
21 22 22 23 2
21 21 22 22 503
22 22 22 23 6
22 22 23 23 497
22 23 23 24 8
23 25 24 26 2
23 24 24 25 12
23 24 23 25 2
23 23 24 24 491
23 23 23 24 6
24 25 25 26 236
24 24 25 25 267
24 24 24 25 224
24 26 25 27 2
25 27 26 28 3
25 25 25 26 147
25 25 26 26 120
25 26 25 27 1
25 26 26 27 382
26 27 27 28 492
26 28 27 29 3
26 26 27 27 10
26 26 26 27 110
27 27 27 28 10
27 28 28 29 502
27 29 28 30 3
28 30 29 31 3
28 29 29 30 502
29 30 30 31 502
29 31 30 32 3
30 32 31 33 3
30 31 31 32 502
31 33 32 34 5
31 32 32 33 500
31 32 31 33 2
32 33 33 34 500
32 34 33 35 5
33 35 34 36 6
33 34 33 35 1
33 34 34 35 499
34 35 35 36 498
34 35 34 36 1
34 36 35 37 7
35 36 35 37 1
35 36 36 37 497
35 37 36 38 8
36 38 37 39 22
36 37 36 38 14
36 37 37 38 483
37 38 38 39 461
37 38 37 39 22
37 39 38 40 44
38 39 38 40 82
38 39 39 40 379
38 40 39 41 126
39 40 39 41 73
39 40 40 41 306
39 41 40 42 199
40 42 41 43 475
40 41 40 42 276
40 41 41 42 30
41 42 42 43 7
41 42 41 43 23
41 43 42 44 498
42 43 42 44 2
42 43 43 44 5
42 44 43 45 500
43 45 44 46 504
43 44 43 45 4
43 44 44 45 1
44 46 45 47 504
44 45 45 46 1
45 46 46 47 1
45 47 46 48 504
46 47 46 48 1
46 48 47 49 505
47 49 48 50 505
48 50 49 51 505
49 51 50 52 505
50 52 51 53 505
51 53 52 54 505
52 54 53 55 505
53 56 54 57 1
53 55 53 56 1
53 55 54 56 504
54 57 55 58 1
54 56 55 57 504
55 57 56 58 502
55 57 55 58 2
55 58 56 59 3
56 59 57 60 17
56 58 56 59 14
56 58 57 59 487
56 58 57 58 1
57 59 57 60 33
57 59 58 59 1
57 59 58 60 453
57 60 58 61 50
57 58 58 58 1
58 59 59 59 1
58 60 59 61 426
58 60 58 61 27
58 61 59 62 77
58 58 59 59 1
59 59 60 60 2
59 61 59 62 18
59 61 60 62 408
59 62 60 63 95
60 60 61 61 2
60 63 61 64 104
60 62 60 63 9
60 62 61 63 396
60 62 61 62 3
61 63 61 64 27
61 63 62 64 369
61 64 61 65 1
61 64 62 65 130
61 61 62 62 2
61 66 62 67 1
61 62 62 62 3
61 65 61 66 1
62 67 63 68 1
62 64 63 65 361
62 64 62 65 8
62 62 63 63 5
62 65 63 66 138
63 63 64 64 5
63 66 64 67 146
63 68 64 69 1
63 65 63 66 8
63 65 64 66 352
63 65 64 65 1
64 69 65 70 1
64 67 65 68 187
64 64 65 65 5
64 66 64 67 41
64 66 65 67 310
64 66 65 66 1
64 65 65 65 1
65 67 66 68 283
65 67 65 68 27
65 70 66 71 1
65 66 66 66 1
65 68 66 69 214
65 65 66 66 6
66 69 67 70 306
66 67 66 68 1
66 71 67 72 1
66 66 67 67 6
66 66 66 67 1
66 68 67 69 192
66 68 66 69 92
67 69 67 70 79
67 69 68 70 114
67 67 67 68 1
67 67 68 68 5
67 72 68 73 1
67 70 68 71 385
67 68 67 69 1
68 72 68 73 1
68 70 69 71 68
68 70 68 71 46
68 71 69 72 430
68 71 68 72 1
68 73 69 74 2
68 68 69 69 5
69 74 70 74 1
69 74 70 75 1
69 69 69 70 3
69 69 70 70 2
69 70 69 71 3
69 71 69 72 46
69 71 70 72 25
69 72 70 73 476
70 74 71 74 1
70 75 71 75 1
70 71 70 72 1
70 70 71 71 1
70 70 70 71 1
70 72 70 73 10
70 72 71 73 16
70 73 71 74 486
71 74 72 75 490
71 72 71 73 1
71 71 71 72 1
71 75 72 75 1
71 73 71 74 3
71 73 72 74 14
72 74 72 75 9
72 74 73 75 5
72 75 73 76 500
73 75 74 76 1
73 75 73 76 4
73 76 74 77 504
74 77 75 78 505
74 76 74 77 1
75 78 76 79 505
76 79 77 80 505
77 80 78 81 505
78 81 79 82 505
79 82 80 83 505
80 83 81 84 505
81 84 82 85 505
82 85 83 86 505
83 86 84 87 505
84 87 85 88 505
85 88 86 89 505
86 89 87 90 505
87 90 88 91 505
88 91 89 92 505
89 92 90 93 505
90 93 91 94 505
91 94 92 95 505
92 95 93 96 505
93 96 94 97 505
94 97 95 98 505
95 98 96 99 505
96 99 97 100 505
97 100 98 101 505
98 101 99 102 505
99 102 100 103 505
100 103 101 104 505
101 104 102 105 505
102 105 103 106 505
103 106 104 107 505
104 107 105 108 505
105 108 106 109 505
106 109 107 110 505
107 110 108 111 505
108 112 109 113 1
108 111 109 112 504
108 111 108 112 1
109 112 109 113 4
109 112 110 113 500
109 114 110 115 4
109 113 109 114 4
109 113 110 114 1
110 114 111 115 1
110 114 110 115 1
110 115 111 116 5
110 113 111 114 499
110 113 110 114 1
111 116 112 117 5
111 114 112 115 499
111 115 112 116 1
112 116 112 117 1
112 116 113 117 1
112 117 113 118 6
112 115 112 116 1
112 115 113 116 498
113 116 114 116 1
113 116 114 117 496
113 116 113 117 1
113 118 114 119 7
113 117 114 118 1
113 117 113 118 1
114 119 115 119 6
114 119 115 120 2
114 116 115 117 1
114 118 114 119 1
114 118 115 119 1
114 117 114 118 1
114 117 115 118 482
114 117 115 117 13
115 119 116 119 4
115 119 116 120 4
115 120 116 120 2
115 118 116 119 459
115 118 116 118 22
115 118 115 119 1
115 117 116 118 14
116 119 117 119 421
116 119 117 120 42
116 120 117 120 4
116 120 117 121 2
116 118 117 119 36
117 119 118 120 457
117 120 118 120 11
117 120 118 121 35
117 121 118 122 1
117 121 118 121 1
118 120 119 121 468
118 122 119 122 1
118 121 119 122 33
118 121 119 121 3
119 122 120 122 34
119 121 120 122 471
