0 1 1 1 4
0 1 1 2 66
0 1 0 2 2
0 0 1 1 361
0 0 1 0 72
0 0 0 1 72
0 2 1 3 2
1 4 2 5 2
1 1 1 2 287
1 1 2 1 4
1 1 2 2 75
1 3 1 4 2
1 3 2 4 13
1 0 1 1 1
1 0 2 1 71
1 2 1 3 13
1 2 2 3 327
1 2 2 2 13
2 4 3 5 26
2 4 2 5 1
2 1 3 2 13
2 1 2 2 62
2 3 3 4 322
2 3 3 3 23
2 3 2 4 14
2 2 3 3 114
2 2 3 2 4
2 2 2 3 32
2 5 3 6 3
3 6 4 6 1
3 6 4 7 4
3 4 4 4 30
3 4 4 5 270
3 4 3 5 59
3 3 4 4 102
3 3 4 3 7
3 3 3 4 37
3 2 4 3 8
3 2 3 3 9
3 5 4 6 83
3 5 3 6 2
4 6 4 7 6
4 6 5 7 158
4 4 4 5 11
4 4 5 5 130
4 3 4 4 9
4 3 5 4 6
4 7 5 8 2
4 7 5 7 8
4 5 4 6 80
4 5 5 6 178
4 5 5 5 23
5 8 6 8 9
5 8 6 9 1
5 6 6 6 6
5 6 6 7 50
5 6 5 7 217
5 4 5 5 6
5 7 6 8 375
5 7 5 8 8
5 5 6 6 64
5 5 5 6 95
6 8 6 9 1
6 8 7 9 458
6 6 6 7 34
6 6 7 7 36
6 7 6 8 75
6 7 7 8 9
6 9 7 9 1
6 9 7 10 1
7 8 8 9 3
7 8 7 9 37
7 7 8 8 5
7 7 7 8 31
7 10 8 10 1
7 9 8 10 496
8 8 8 9 4
8 8 9 9 1
8 9 8 10 7
8 10 9 11 504
9 11 10 12 505
9 10 9 11 1
9 9 9 10 1
10 12 11 13 505
11 13 12 14 505
12 14 13 15 505
13 15 14 16 505
14 16 15 17 505
15 18 16 19 1
15 17 16 18 504
15 17 15 18 1
16 18 17 19 504
16 19 17 20 1
17 19 18 20 504
17 20 18 21 1
18 21 19 22 1
18 20 19 21 504
19 22 20 23 1
19 21 20 22 504
20 22 21 23 503
20 22 20 23 1
20 23 21 24 2
21 24 22 25 2
21 23 22 24 503
22 25 23 26 3
22 24 22 25 1
22 24 23 25 502
23 25 24 26 502
23 26 24 27 3
24 27 25 28 3
24 26 25 27 502
25 27 26 28 502
25 28 26 29 3
26 28 27 29 502
26 29 27 30 3
27 30 28 31 3
27 29 28 30 502
28 30 29 31 502
28 31 29 32 3
29 32 30 33 3
29 31 30 32 502
30 33 31 34 3
30 32 31 33 502
31 33 32 34 500
31 33 31 34 2
31 34 32 35 5
32 35 33 36 5
32 34 33 35 500
33 35 33 36 1
33 35 34 36 499
33 36 34 37 6
34 36 35 37 498
34 36 34 37 1
34 37 35 38 7
35 38 36 39 8
35 37 35 38 1
35 37 36 38 497
36 38 36 39 14
36 38 37 39 483
36 39 37 40 22
37 39 38 40 461
37 39 37 40 22
37 40 38 41 44
38 40 38 41 82
38 40 39 41 379
38 41 39 42 126
39 42 40 43 199
39 41 39 42 73
39 41 40 42 306
40 42 40 43 276
40 42 41 43 30
40 43 41 44 475
41 43 42 44 7
41 43 41 44 23
41 44 42 45 498
42 45 43 46 500
42 44 42 45 2
42 44 43 45 5
43 46 44 47 504
43 45 43 46 4
43 45 44 46 1
44 46 45 47 1
44 47 45 48 504
45 47 46 48 1
45 48 46 49 504
46 49 47 50 505
46 48 46 49 1
47 50 48 51 505
48 51 49 52 505
49 52 50 53 505
50 53 51 54 505
51 54 52 55 505
52 55 53 56 505
53 57 54 58 1
53 56 53 57 1
53 56 54 57 504
54 57 55 58 504
54 58 55 59 1
55 59 56 60 3
55 58 56 59 500
55 58 56 58 2
55 58 55 59 2
56 59 56 60 14
56 59 57 59 1
56 59 57 60 485
56 60 57 61 17
56 58 57 58 2
57 59 58 59 1
57 60 57 61 33
57 60 58 61 452
57 61 58 62 50
57 58 58 58 2
58 59 59 60 1
58 61 59 62 425
58 61 58 62 27
58 62 59 63 77
58 58 59 58 2
59 60 60 61 1
59 63 60 64 95
59 58 60 58 2
59 62 59 63 18
59 62 60 63 407
60 63 60 64 9
60 63 61 63 3
60 63 61 64 395
60 64 61 65 104
60 61 61 62 1
60 58 61 59 2
61 59 61 60 1
61 59 62 60 1
61 60 61 61 1
61 63 62 63 3
61 64 61 65 26
61 64 62 65 369
61 61 61 62 1
61 62 62 63 2
61 65 62 66 130
62 60 63 61 1
62 63 63 64 5
62 66 63 67 138
62 65 63 66 361
62 65 62 66 8
63 67 64 68 146
63 64 64 65 5
63 61 64 62 1
63 66 63 67 8
63 66 64 67 353
64 67 64 68 41
64 67 65 67 1
64 67 65 68 311
64 68 65 69 187
64 62 65 63 1
64 65 65 66 5
65 69 66 70 214
65 67 66 67 1
65 63 66 64 1
65 66 66 67 5
65 68 66 69 284
65 68 65 69 27
66 69 67 70 193
66 69 66 70 92
66 67 67 67 1
66 67 67 68 4
66 67 66 68 1
66 64 67 65 1
66 70 67 71 306
66 68 66 69 1
67 67 67 68 1
67 67 68 67 1
67 70 67 71 78
67 70 68 71 115
67 71 68 72 384
67 66 67 67 1
67 68 68 69 4
67 68 68 68 1
67 65 67 66 1
68 74 69 75 1
68 69 69 69 1
68 69 69 70 3
68 67 69 67 1
68 71 69 72 69
68 71 68 72 46
68 72 69 73 429
68 72 68 73 1
68 73 68 74 1
68 68 69 68 1
69 74 70 74 1
69 67 70 68 1
69 75 70 76 1
69 70 70 71 5
69 68 69 69 1
69 69 69 70 2
69 72 69 73 44
69 72 70 73 25
69 73 69 74 1
69 73 70 74 472
70 69 70 70 1
70 74 71 74 1
70 74 71 75 481
70 70 70 71 1
70 71 71 72 6
70 73 70 74 9
70 73 71 74 16
70 76 71 76 1
70 68 70 69 1
71 74 71 75 3
71 74 72 74 1
71 74 72 75 14
71 72 71 73 1
71 72 72 73 5
71 75 72 76 484
71 73 71 74 1
71 76 72 76 1
72 74 73 74 1
72 75 72 76 9
72 75 73 76 5
72 73 73 74 5
72 76 73 77 494
73 74 74 75 6
73 77 74 77 1
73 77 74 78 497
73 76 74 77 1
73 76 73 77 4
74 77 74 78 1
74 77 75 78 1
74 75 75 76 6
74 78 75 78 14
74 78 75 79 484
75 76 76 77 6
75 78 76 79 15
75 79 76 80 377
75 79 76 79 107
76 77 77 78 6
76 80 77 81 261
76 80 77 80 116
76 79 77 80 121
76 79 77 79 1
77 81 78 81 157
77 81 78 82 104
77 80 78 81 231
77 80 78 80 6
77 78 78 78 1
77 78 78 79 5
77 79 78 79 1
78 81 79 81 2
78 81 79 82 386
78 80 79 80 6
78 78 79 79 1
78 82 79 83 82
78 82 79 82 22
78 79 79 80 4
78 79 79 79 2
79 81 80 81 2
79 83 80 84 77
79 83 80 83 5
79 80 80 81 1
79 80 80 80 9
79 79 80 80 3
79 82 80 83 407
79 82 80 82 1
80 84 81 84 4
80 84 81 85 73
80 81 81 81 2
80 81 81 82 1
80 83 81 84 409
80 83 81 83 3
80 80 81 81 11
80 80 81 80 1
80 82 81 82 1
81 81 82 82 13
81 84 82 84 12
81 84 82 85 401
81 85 82 85 2
81 85 82 86 71
81 83 82 83 3
81 80 82 80 1
81 82 82 83 1
81 82 82 82 1
82 84 83 84 12
82 85 83 85 14
82 85 83 86 389
82 83 83 83 4
82 86 83 87 67
82 86 83 86 4
82 80 83 81 1
82 82 83 83 14
83 84 84 84 12
83 81 84 82 1
83 87 84 87 2
83 87 84 88 65
83 85 84 85 14
83 83 84 84 15
83 83 84 83 3
83 86 84 87 386
83 86 84 86 7
84 84 85 84 11
84 84 85 85 16
84 87 85 87 76
84 87 85 88 312
84 85 85 85 14
84 88 85 88 3
84 88 85 89 62
84 83 85 84 3
84 86 85 86 7
84 82 85 83 1
85 84 86 85 14
85 87 86 87 74
85 87 86 88 2
85 85 86 85 15
85 85 86 86 15
85 88 86 88 80
85 88 86 89 235
85 83 86 84 1
85 89 86 90 60
85 89 86 89 2
85 86 86 86 7
86 84 87 85 1
86 87 87 87 74
86 85 87 86 29
86 90 87 90 5
86 90 87 91 55
86 88 87 88 80
86 88 87 89 2
86 89 87 90 122
86 89 87 89 115
86 86 87 87 16
86 86 87 86 6
87 87 88 87 68
87 87 88 88 22
87 90 88 90 47
87 90 88 91 80
87 85 88 86 1
87 88 88 88 80
87 89 88 90 2
87 89 88 89 115
87 86 88 87 35
87 91 88 92 55
88 92 89 92 4
88 92 89 93 51
88 87 89 87 5
88 87 89 88 98
88 90 89 90 49
88 88 89 88 78
88 88 89 89 24
88 89 89 89 115
88 91 89 92 55
88 91 89 91 25
88 86 89 87 1
89 92 90 92 13
89 92 90 93 46
89 87 90 88 6
89 93 90 93 3
89 93 90 94 48
89 90 90 90 49
89 88 90 88 5
89 88 90 89 171
89 89 90 90 25
89 89 90 89 114
89 91 90 91 25
90 92 91 92 13
90 93 91 93 9
90 93 91 94 40
90 90 91 90 44
90 90 91 91 30
90 88 91 89 11
90 94 91 95 45
90 94 91 94 3
90 89 91 90 285
90 91 91 91 25
91 92 92 92 13
91 93 92 93 9
91 90 92 91 329
91 95 92 95 4
91 95 92 96 41
91 94 92 95 33
91 94 92 94 10
91 89 92 90 11
91 91 92 92 31
91 91 92 91 24
92 92 93 92 8
92 92 93 93 36
92 93 93 93 9
92 90 93 91 11
92 95 93 95 12
92 95 93 96 25
92 94 93 94 10
92 91 93 92 353
92 96 93 97 29
92 96 93 96 12
93 92 94 93 361
93 93 94 93 8
93 93 94 94 37
93 95 94 95 12
93 94 94 94 10
93 97 94 98 14
93 97 94 97 15
93 91 94 92 11
93 96 94 97 24
93 96 94 96 13
94 92 95 93 11
94 98 95 99 7
94 98 95 98 7
94 93 95 94 369
94 95 95 95 12
94 97 95 98 8
94 97 95 97 31
94 94 95 95 38
94 94 95 94 9
94 96 95 96 13
95 99 96 99 2
95 99 96 100 5
95 98 96 98 10
95 98 96 99 5
95 93 96 94 11
95 95 96 95 8
95 95 96 96 42
95 94 96 95 378
95 97 96 97 31
95 96 96 96 13
96 98 97 98 10
96 99 97 99 3
96 99 97 100 4
96 95 97 96 386
96 97 97 97 31
96 94 97 95 11
96 100 97 101 2
96 100 97 100 3
96 96 97 97 55
97 98 98 98 10
97 99 98 99 3
97 95 98 96 11
97 101 98 102 2
97 97 98 98 77
97 97 98 97 9
97 96 98 97 386
97 100 98 101 2
97 100 98 100 5
98 99 99 99 3
98 98 99 98 3
98 98 99 99 84
98 101 99 102 2
98 102 99 103 1
98 102 99 102 1
98 97 99 98 395
98 100 99 100 5
98 96 99 97 11
99 103 100 104 1
99 98 100 99 398
99 99 100 100 87
99 102 100 103 2
99 102 100 102 1
99 97 100 98 11
99 100 100 100 5
100 104 101 105 1
100 103 101 104 2
100 99 101 100 398
100 98 101 99 11
100 102 101 102 1
100 100 101 101 91
100 100 101 100 1
101 104 102 104 1
101 104 102 105 1
101 99 102 100 11
101 102 102 102 1
101 101 102 102 92
101 105 102 106 1
101 100 101 101 1
101 100 102 101 398
102 104 103 104 1
102 106 103 107 1
102 101 103 102 398
102 102 103 103 93
102 105 103 105 1
102 100 103 101 11
103 104 104 104 1
103 103 104 104 93
103 102 104 103 398
103 101 104 102 11
103 105 104 105 1
103 107 104 108 1
104 104 105 104 1
104 104 105 105 93
104 103 105 104 398
104 102 105 103 11
104 108 105 109 1
104 105 105 105 1
105 109 106 110 1
105 104 106 105 399
105 103 106 104 11
105 105 106 106 93
105 105 106 105 1
106 104 107 105 11
106 106 107 107 93
106 105 107 106 400
106 110 107 111 1
107 106 108 107 400
107 111 108 112 1
107 105 108 106 11
107 107 108 108 93
108 112 109 113 1
108 106 109 107 11
108 108 109 109 93
108 107 109 108 400
109 109 110 110 98
109 108 109 109 5
109 108 110 109 399
109 113 110 113 1
109 107 109 108 4
109 107 110 108 7
110 109 111 110 398
110 109 110 110 2
110 108 111 109 6
110 108 110 109 1
110 113 111 113 1
110 110 111 111 100
111 109 112 110 6
111 111 112 112 101
111 113 112 113 1
111 110 112 111 397
111 110 111 111 1
112 112 113 113 104
112 111 112 112 3
112 111 113 112 395
112 113 113 113 1
112 110 112 111 1
112 110 113 111 5
113 112 114 113 392
113 112 113 113 4
113 111 114 112 4
113 111 113 112 1
113 113 114 114 109
114 112 114 113 1
114 112 115 113 3
114 114 115 115 114
114 113 114 114 5
114 113 115 114 388
115 114 116 115 374
115 114 115 115 15
115 115 116 116 129
115 113 116 114 2
115 113 115 114 1
116 116 117 117 156
116 114 116 115 1
116 114 117 115 1
116 115 116 116 27
116 115 117 116 348
117 116 118 117 322
117 116 117 117 26
117 117 118 118 182
117 115 118 116 1
118 116 118 117 1
118 118 119 119 285
118 117 119 118 220
118 117 118 118 103
119 119 120 120 478
119 118 119 119 193
119 118 120 119 27
120 119 120 120 27
