0 0 1 1 411
0 0 1 0 94
1 1 2 1 54
1 1 2 2 357
1 0 2 1 92
1 0 2 0 2
2 1 3 1 5
2 1 3 2 141
2 0 3 1 2
2 2 3 3 148
2 2 3 2 209
3 1 4 2 7
3 3 4 4 1
3 3 4 3 147
3 2 4 3 204
3 2 4 2 146
4 4 5 4 1
4 3 5 4 198
4 3 5 3 153
4 2 5 3 153
5 4 6 4 59
5 4 6 5 140
5 3 6 4 306
6 4 7 5 365
6 5 7 6 74
6 5 7 5 66
7 6 8 6 56
7 6 8 7 18
7 5 8 6 431
8 6 9 7 487
8 7 9 8 13
8 7 9 7 5
9 8 10 8 9
9 8 10 9 4
9 7 10 8 492
10 8 11 9 501
10 9 11 9 4
11 9 12 10 505
12 10 13 11 505
13 11 14 12 505
14 12 15 13 505
15 13 16 14 505
16 14 17 15 505
17 15 18 16 505
18 16 19 17 505
19 17 20 18 505
20 18 21 19 505
21 19 22 20 505
22 20 23 21 505
23 21 24 22 505
24 22 25 23 500
24 22 24 23 5
24 23 25 24 5
25 24 26 25 11
25 23 25 24 6
25 23 26 24 494
26 25 27 26 237
26 24 27 25 268
26 24 26 25 226
27 25 27 26 147
27 25 28 26 121
27 26 28 27 384
28 27 29 28 495
28 26 28 27 111
28 26 29 27 10
29 27 29 28 10
29 28 30 29 505
30 29 31 30 505
31 30 32 31 505
32 31 33 32 505
33 32 34 33 505
34 33 35 34 505
35 34 36 35 505
36 35 37 36 505
37 36 38 37 505
38 37 39 38 505
39 38 40 39 505
40 39 41 40 505
41 40 42 41 505
42 41 43 42 505
43 42 44 43 505
44 43 45 44 505
45 44 46 45 505
46 45 47 46 505
47 46 48 47 505
48 47 49 48 505
49 48 50 49 505
50 49 51 50 505
51 50 52 51 505
52 51 53 52 505
53 52 54 53 505
54 53 55 54 505
55 54 56 55 505
56 56 57 57 2
56 55 56 56 2
56 55 57 56 503
57 57 58 58 4
57 56 57 57 2
57 56 58 57 501
58 59 59 60 1
58 57 59 58 494
58 57 58 58 7
58 58 59 59 10
58 58 58 59 1
59 59 59 60 1
59 59 60 60 52
59 60 60 61 2
59 58 59 59 43
59 58 60 59 438
59 58 60 58 13
60 59 60 60 146
60 59 61 59 11
60 59 61 60 281
60 60 60 61 3
60 60 61 61 195
60 61 61 62 5
60 58 61 58 13
61 59 62 59 11
61 60 61 61 102
61 60 62 60 3
61 60 62 61 176
61 61 61 62 23
61 61 62 62 274
61 62 62 63 28
61 58 62 59 1
61 58 62 58 12
62 59 63 59 10
62 59 63 60 2
62 60 63 60 3
62 63 63 64 41
62 61 63 61 4
62 61 63 62 121
62 61 62 62 51
62 62 63 63 312
62 62 62 63 13
62 58 63 58 12
63 59 64 59 10
63 60 64 60 3
63 60 64 61 2
63 63 63 64 20
63 63 64 63 1
63 63 64 64 321
63 64 64 65 61
63 61 64 61 4
63 58 64 58 12
63 62 63 63 30
63 62 64 63 86
63 62 64 62 5
64 63 64 64 10
64 63 65 63 1
64 63 65 64 76
64 64 64 65 7
64 64 65 65 324
64 61 65 61 4
64 61 65 62 2
64 58 65 59 12
64 59 65 59 10
64 60 65 60 2
64 60 65 61 1
64 62 65 62 5
64 65 65 66 68
65 63 66 63 1
65 64 66 65 70
65 64 65 65 6
65 61 66 61 4
65 61 66 62 1
65 59 66 60 22
65 60 66 60 2
65 66 66 67 69
65 62 66 63 5
65 62 66 62 2
65 65 66 66 329
65 65 65 66 1
66 67 67 68 89
66 60 67 61 24
66 63 67 63 1
66 63 67 64 5
66 66 67 67 324
66 66 66 67 20
66 61 67 61 4
66 62 67 63 2
66 62 67 62 1
66 65 67 66 54
66 65 67 65 1
66 65 66 66 15
67 67 67 68 26
67 67 68 68 307
67 63 67 64 1
67 63 68 63 1
67 63 68 64 1
67 64 68 65 6
67 61 68 62 28
67 66 67 67 9
67 66 68 67 44
67 66 68 66 1
67 68 68 69 115
67 62 68 62 1
67 65 68 65 1
68 67 69 68 38
68 67 68 68 6
68 63 69 63 1
68 64 69 65 1
68 68 69 69 217
68 68 69 68 2
68 68 68 69 94
68 69 69 70 209
68 66 69 66 1
68 65 69 66 7
68 62 69 63 29
69 69 69 70 79
69 69 70 70 140
69 63 70 64 30
69 70 70 71 288
69 66 70 67 8
69 68 69 69 2
69 68 70 69 36
69 68 70 68 2
69 65 70 66 1
70 69 70 70 1
70 69 71 70 35
70 67 71 68 9
70 71 71 72 334
70 70 71 70 1
70 70 71 71 94
70 70 70 71 46
70 64 71 65 30
70 66 70 67 1
70 68 71 68 2
71 71 71 72 43
71 71 72 71 4
71 71 72 72 48
71 72 72 73 377
71 70 71 71 1
71 70 72 70 2
71 70 72 71 33
71 68 72 69 11
71 65 72 66 30
72 69 73 70 11
72 72 72 73 8
72 72 73 73 40
72 70 73 71 1
72 70 73 70 1
72 71 73 71 4
72 71 73 72 33
72 73 73 74 385
72 66 73 67 30
73 74 74 75 388
73 67 74 68 30
73 71 74 72 1
73 71 74 71 4
73 70 74 71 12
73 72 74 72 1
73 72 74 73 30
73 72 73 73 2
73 73 74 74 39
73 73 73 74 3
74 74 74 75 12
74 74 75 75 29
74 72 75 72 1
74 72 75 73 1
74 75 75 76 400
74 71 75 72 16
74 73 74 74 2
74 73 75 74 28
74 68 75 69 30
75 69 76 70 30
75 74 75 75 2
75 74 76 74 1
75 74 76 75 25
75 75 75 76 15
75 75 76 76 16
75 72 76 72 1
75 72 76 73 16
75 73 76 74 1
75 76 76 77 415
76 74 77 74 1
76 74 77 75 1
76 77 77 78 424
76 72 77 72 1
76 70 77 71 30
76 75 77 75 2
76 75 77 76 22
76 75 76 76 1
76 73 77 74 16
76 76 77 77 7
76 76 77 76 1
76 76 76 77 9
77 74 78 75 17
77 77 77 78 1
77 77 78 78 7
77 72 78 72 1
77 71 78 72 30
77 75 78 75 2
77 75 78 76 1
77 76 77 77 1
77 76 78 77 20
77 76 78 76 2
77 78 78 79 425
78 77 78 78 1
78 77 79 78 19
78 72 79 73 31
78 75 79 75 1
78 75 79 76 18
78 76 79 77 1
78 76 79 76 2
78 78 78 79 2
78 78 79 79 6
78 79 79 80 427
79 77 80 78 1
79 75 80 75 1
79 73 80 74 31
79 80 80 81 427
79 76 80 77 20
79 78 80 79 19
79 79 80 80 6
80 74 81 75 31
80 81 81 82 427
80 77 81 78 20
80 75 81 76 1
80 80 81 81 4
80 80 81 80 2
80 78 81 79 1
80 79 81 80 19
81 81 82 82 4
81 75 82 76 31
81 76 82 77 1
81 80 82 81 17
81 80 82 80 4
81 78 82 79 20
81 79 82 80 1
81 82 82 83 427
82 81 83 81 2
82 81 83 82 15
82 77 83 78 1
82 83 83 84 427
82 80 83 81 1
82 80 83 80 4
82 76 83 77 31
82 82 83 83 4
82 79 83 80 20
83 81 84 81 2
83 81 84 82 1
83 84 84 85 427
83 77 84 78 31
83 83 84 84 4
83 80 84 81 24
83 78 84 79 1
83 82 84 83 14
83 82 84 82 1
84 84 85 84 1
84 84 85 85 3
84 81 85 82 26
84 85 85 86 427
84 83 85 84 14
84 78 85 79 31
84 79 85 80 1
84 82 85 83 1
84 82 85 82 1
85 84 86 84 1
85 84 86 85 14
85 85 86 85 1
85 85 86 86 2
85 83 86 84 1
85 80 86 81 1
85 86 86 87 426
85 86 86 86 1
85 79 86 80 31
85 82 86 83 27
86 84 87 84 1
86 84 87 85 1
86 81 87 82 1
86 87 87 87 1
86 87 87 88 425
86 85 87 85 1
86 85 87 86 14
86 83 87 84 27
86 86 87 86 3
86 80 87 81 31
87 81 88 82 31
87 84 88 85 28
87 87 88 87 1
87 85 88 85 1
87 85 88 86 1
87 88 88 89 425
87 86 88 87 15
87 86 88 86 2
87 82 88 83 1
88 87 89 87 1
88 87 89 88 15
88 85 89 86 29
88 83 89 84 1
88 89 89 90 425
88 86 89 87 1
88 86 89 86 2
88 82 89 83 31
89 84 90 85 1
89 87 90 87 1
89 87 90 88 1
89 90 90 91 425
89 88 90 89 15
89 83 90 84 31
89 86 90 87 31
90 84 91 85 31
90 87 91 88 32
90 88 91 89 1
90 85 91 86 1
90 89 91 90 15
90 91 91 92 424
90 91 91 91 1
91 92 92 92 2
91 92 92 93 422
91 85 92 86 31
91 88 92 89 32
91 90 92 91 15
91 89 92 90 1
91 91 92 91 1
91 86 92 87 1
92 92 93 92 2
92 87 93 88 1
92 90 93 91 1
92 93 93 93 3
92 93 93 94 419
92 89 93 90 32
92 86 93 87 31
92 91 93 92 15
92 91 93 91 1
93 92 94 92 2
93 92 94 93 15
93 87 94 88 31
93 88 94 89 1
93 93 94 93 3
93 90 94 91 32
93 94 94 95 418
93 94 94 94 1
93 91 94 92 1
93 91 94 91 1
94 92 95 92 1
94 92 95 93 2
94 90 94 91 1
94 88 95 89 31
94 93 95 93 3
94 93 95 94 15
94 95 95 96 418
94 94 95 94 1
94 89 94 90 1
94 91 95 92 34
95 92 96 93 35
95 93 96 93 3
95 93 96 94 2
95 89 96 90 31
95 94 96 95 15
95 94 96 94 1
95 96 96 97 418
96 90 97 91 31
96 93 97 94 38
96 95 97 96 15
96 94 97 95 2
96 94 97 94 1
96 97 97 98 418
97 98 98 98 2
97 98 98 99 416
97 95 98 96 2
97 94 98 95 39
97 91 98 92 31
97 96 98 97 15
98 92 99 93 31
98 98 99 98 2
98 99 99 99 1
98 99 99 100 415
98 95 99 96 39
98 97 99 98 15
98 96 99 97 2
99 99 100 99 1
99 98 100 98 2
99 98 100 99 15
99 93 100 94 31
99 97 100 98 2
99 100 100 101 408
99 100 100 100 7
99 96 100 97 39
100 98 101 98 2
100 98 101 99 2
100 99 101 99 2
100 99 101 100 14
100 94 101 95 31
100 101 101 101 8
100 101 101 102 400
100 97 101 98 39
100 100 101 101 1
100 100 101 100 6
101 99 102 99 2
101 99 102 100 2
101 98 102 99 41
101 95 102 96 31
101 101 102 102 1
101 101 102 101 8
101 102 102 103 395
101 102 102 102 5
101 100 102 101 14
101 100 102 100 6
102 103 103 104 392
102 103 103 103 3
102 99 103 100 43
102 102 103 103 1
102 102 103 102 5
102 101 103 101 8
102 101 103 102 14
102 100 103 101 2
102 100 103 100 6
102 96 103 97 31
103 104 104 104 2
103 104 104 105 390
103 103 104 104 1
103 103 104 103 3
103 101 104 102 3
103 101 104 101 7
103 97 104 98 31
103 102 104 103 14
103 102 104 102 5
103 100 104 101 49
104 104 105 104 2
104 104 105 105 1
104 98 105 99 31
104 103 105 104 14
104 103 105 103 3
104 102 105 103 4
104 102 105 102 4
104 101 105 102 56
104 105 105 106 386
104 105 105 105 4
105 104 106 104 2
105 104 106 105 14
105 103 106 104 4
105 103 106 103 3
105 99 106 100 30
105 99 105 100 1
105 106 106 106 1
105 106 106 107 385
105 101 105 102 1
105 102 106 103 61
105 100 105 101 1
105 105 106 106 1
105 105 106 105 4
106 104 107 104 2
106 104 107 105 4
106 103 107 104 64
106 106 107 106 1
106 106 107 107 1
106 100 107 101 30
106 105 107 106 14
106 105 107 105 4
106 107 107 108 368
106 107 107 107 17
107 104 108 105 66
107 106 108 106 1
107 106 108 107 14
107 101 108 102 30
107 108 108 109 355
107 108 108 108 13
107 105 108 106 3
107 105 108 105 5
107 107 108 108 3
107 107 108 107 15
108 104 108 105 1
108 102 109 103 29
108 102 108 103 1
108 108 109 109 3
108 108 109 108 13
108 107 109 108 14
108 107 109 107 15
108 109 109 109 3
108 109 109 110 352
108 103 108 104 1
108 106 109 106 1
108 106 109 107 3
108 105 109 106 72
109 109 110 109 2
109 109 110 110 4
109 103 110 104 29
109 106 110 107 73
109 108 110 109 12
109 108 110 108 15
109 107 110 108 3
109 107 110 107 15
109 110 110 111 350
109 110 110 110 2
110 112 111 113 1
110 104 111 105 29
110 109 111 109 4
110 109 111 110 10
110 108 111 109 3
110 108 111 108 15
110 111 111 112 344
110 111 111 111 5
110 111 110 112 1
110 110 111 111 4
110 110 111 110 2
110 107 111 108 88
111 109 112 109 3
111 109 112 110 4
111 112 112 112 1
111 112 112 113 343
111 111 112 112 4
111 111 112 111 5
111 108 112 109 103
111 105 112 106 29
111 113 112 114 1
111 110 112 111 10
111 110 112 110 2
112 112 113 112 1
112 112 113 113 4
112 109 113 110 106
112 106 113 107 29
112 114 113 115 1
112 111 113 112 9
112 111 113 111 6
112 110 113 111 4
112 110 113 110 2
112 113 113 114 339
112 113 113 113 4
113 112 114 112 1
113 112 114 113 9
113 111 114 112 5
113 111 114 111 5
113 114 114 114 4
113 114 114 115 335
113 115 114 116 1
113 113 114 114 4
113 113 114 113 4
113 107 114 108 29
113 110 114 111 108
114 112 115 112 1
114 112 115 113 5
114 116 115 117 1
114 114 115 114 5
114 114 115 115 3
114 108 115 109 29
114 111 115 112 113
114 115 115 116 314
114 115 115 115 21
114 113 115 114 9
114 113 115 113 4
115 109 116 110 29
115 112 116 113 114
115 116 116 116 53
115 116 116 117 261
115 117 116 118 1
115 114 116 114 5
115 114 116 115 9
115 115 116 116 5
115 115 116 115 19
115 113 116 114 5
115 113 116 113 4
116 118 117 119 1
116 111 116 112 1
116 114 117 114 5
116 114 117 115 5
116 115 117 116 9
116 115 117 115 19
116 112 116 113 1
116 116 117 116 53
116 116 117 117 5
116 117 117 118 188
116 117 117 117 73
116 113 117 114 119
116 110 116 111 1
116 110 117 111 28
117 118 118 119 127
117 118 118 118 61
117 111 118 112 26
117 111 117 112 2
117 114 118 114 1
117 114 118 115 125
117 115 118 116 5
117 115 118 115 19
117 119 118 119 1
117 112 117 113 2
117 116 118 116 53
117 116 118 117 9
117 117 118 118 7
117 117 118 117 71
117 113 117 114 2
118 119 119 119 123
118 119 119 120 5
118 112 119 113 24
118 112 118 113 2
118 116 119 116 53
118 116 119 117 5
118 118 119 119 11
118 118 119 118 57
118 114 119 115 1
118 114 118 115 1
118 117 119 118 10
118 117 119 117 70
118 115 119 116 145
118 113 119 114 1
118 113 118 114 1
119 120 120 120 4
119 120 120 121 1
119 118 120 119 11
119 118 120 118 56
119 114 120 115 1
119 115 120 116 1
119 119 120 119 82
119 119 120 120 52
119 116 120 117 198
119 117 120 118 6
119 117 120 117 69
119 113 120 114 24
120 120 121 120 44
120 120 121 121 12
120 118 121 119 6
120 118 121 118 56
120 114 120 115 4
120 114 121 115 20
120 115 120 116 4
120 115 121 116 1
120 121 121 121 1
120 119 121 119 88
120 119 121 120 5
120 116 120 117 4
120 116 121 117 1
120 117 121 118 263
120 117 121 117 8
121 119 122 119 88
121 119 122 120 6
121 116 122 117 1
121 116 121 117 2
121 120 122 120 48
121 120 122 121 1
121 118 122 119 305
121 118 122 118 15
121 117 122 118 10
121 117 121 118 1
121 115 122 116 18
121 115 121 116 2
121 121 122 122 2
121 121 122 121 11
122 119 123 119 362
122 119 123 120 34
122 116 123 116 1
122 116 123 117 14
122 116 122 117 3
122 120 123 120 51
122 120 123 121 3
122 118 123 119 25
122 118 122 119 3
122 122 123 122 2
122 117 123 118 1
122 117 122 118 3
122 121 123 121 12
123 119 123 120 2
123 119 124 119 1
123 119 124 120 390
123 116 124 117 1
123 120 124 120 53
123 120 124 121 34
123 118 123 119 6
123 122 124 122 2
123 117 123 118 5
123 117 124 118 9
123 121 124 122 1
123 121 124 121 14
124 119 124 120 9
124 120 125 121 452
124 118 124 119 8
124 118 125 119 2
124 117 124 118 1
124 122 125 122 3
124 121 125 122 34
124 121 125 121 14
125 119 125 120 1
125 119 126 120 1
125 120 125 121 1
125 122 126 122 37
125 121 126 122 467
126 120 126 121 1
126 121 126 122 1
