0 1 1 1 4
0 1 1 2 65
0 0 1 1 349
0 0 1 0 87
0 0 0 1 69
1 1 1 2 264
1 1 2 1 19
1 1 2 2 70
1 0 2 1 87
1 2 2 3 297
1 2 2 2 32
2 1 3 2 23
2 1 2 2 83
2 3 3 4 269
2 3 3 3 51
2 2 3 3 151
2 2 3 2 11
2 2 2 3 23
3 4 4 4 55
3 4 4 5 229
3 3 4 4 192
3 3 4 3 8
3 3 3 4 15
3 2 4 3 21
3 2 3 3 13
4 4 4 5 7
4 4 5 4 1
4 4 5 5 258
4 3 4 4 19
4 3 5 4 10
4 5 5 6 190
4 5 5 5 46
5 6 6 6 53
5 6 6 7 138
5 4 6 5 3
5 4 5 5 8
5 5 6 6 311
5 5 5 6 1
6 6 7 7 367
6 7 7 8 74
6 7 7 7 64
6 5 6 6 3
7 8 8 8 56
7 8 8 9 18
7 7 8 8 431
8 8 9 9 487
8 9 9 10 13
8 9 9 9 5
9 10 10 11 4
9 10 10 10 9
9 9 10 10 492
10 11 11 11 4
10 10 11 11 501
11 11 12 12 505
12 12 13 13 505
13 13 14 14 505
14 14 15 15 505
15 15 16 16 505
16 16 17 17 505
17 17 18 18 505
18 18 19 19 505
19 19 20 20 505
20 20 21 21 505
21 21 22 22 505
22 22 23 23 505
23 23 24 24 505
24 24 25 25 505
25 25 26 26 505
26 26 27 27 505
27 27 28 28 505
28 28 29 29 505
29 29 30 30 505
30 30 31 31 505
31 31 32 32 505
32 32 33 33 505
33 33 34 34 505
34 34 35 35 505
35 35 36 36 505
36 36 37 37 505
37 37 38 38 505
38 38 39 39 505
39 39 40 40 505
40 40 41 41 505
41 41 42 42 505
42 42 43 43 505
43 43 44 44 505
44 44 45 45 505
45 45 46 46 505
46 46 47 47 505
47 47 48 48 505
48 48 49 49 505
49 49 50 50 505
50 50 51 51 505
51 51 52 52 505
52 52 53 53 505
53 53 54 54 505
54 54 55 55 505
55 55 56 56 505
56 57 57 58 2
56 56 56 57 2
56 56 57 57 503
57 57 57 58 2
57 57 58 58 501
57 58 58 59 4
58 59 59 60 10
58 59 58 60 1
58 60 59 61 1
58 58 59 59 492
58 58 59 58 2
58 58 58 59 7
59 59 59 60 43
59 59 60 59 13
59 59 60 60 436
59 60 59 61 1
59 60 60 61 52
59 61 60 62 2
59 58 60 58 2
60 59 61 59 13
60 60 60 61 146
60 60 61 60 10
60 60 61 61 280
60 61 60 62 3
60 61 61 62 195
60 62 61 63 5
60 58 61 58 2
61 59 62 59 12
61 59 62 60 1
61 60 62 60 10
61 63 62 64 28
61 61 61 62 102
61 61 62 61 3
61 61 62 62 175
61 62 61 63 23
61 62 62 63 274
61 58 62 58 2
62 59 63 59 12
62 60 63 60 10
62 60 63 61 1
62 63 63 64 312
62 63 62 64 13
62 64 63 65 41
62 61 63 61 3
62 58 63 58 2
62 62 63 63 120
62 62 63 62 4
62 62 62 63 51
63 59 64 59 12
63 60 64 60 10
63 63 63 64 30
63 63 64 63 5
63 63 64 64 85
63 64 63 65 20
63 64 64 64 1
63 64 64 65 321
63 61 64 61 3
63 61 64 62 1
63 65 64 66 61
63 62 64 62 4
63 58 64 59 2
64 59 65 60 14
64 60 65 60 10
64 63 65 63 5
64 64 64 65 10
64 64 65 64 1
64 64 65 65 75
64 61 65 61 2
64 61 65 62 1
64 66 65 67 68
64 65 64 66 7
64 65 65 66 324
64 62 65 63 1
64 62 65 62 4
65 67 66 68 69
65 63 66 63 2
65 63 66 64 4
65 64 66 64 1
65 61 66 61 2
65 60 66 61 24
65 66 66 67 329
65 66 65 67 1
65 65 66 66 69
65 65 65 66 6
65 62 66 63 1
65 62 66 62 4
66 67 67 68 324
66 67 66 68 20
66 63 67 63 1
66 63 67 64 2
66 64 67 64 1
66 64 67 65 4
66 61 67 62 26
66 66 67 67 54
66 66 66 67 15
66 68 67 69 89
66 62 67 62 4
67 69 68 70 115
67 67 67 68 9
67 67 68 67 1
67 67 68 68 44
67 63 68 63 1
67 64 67 65 1
67 64 68 64 1
67 64 68 65 1
67 68 67 69 26
67 68 68 69 307
67 65 68 66 5
67 62 68 63 30
68 69 69 69 2
68 69 69 70 217
68 69 68 70 94
68 67 69 67 1
68 63 69 64 31
68 64 69 64 1
68 70 69 71 209
68 66 69 67 5
68 68 69 69 38
68 68 68 69 6
68 65 69 66 1
69 69 69 70 2
69 69 70 69 2
69 69 70 70 36
69 67 70 67 1
69 67 70 68 5
69 71 70 72 288
69 70 69 71 79
69 70 70 71 140
69 64 70 65 32
69 66 70 67 1
70 69 71 69 2
70 67 70 68 1
70 67 71 67 1
70 72 71 73 334
70 71 71 71 1
70 71 71 72 94
70 71 70 72 46
70 70 70 71 1
70 70 71 71 35
70 68 71 69 5
70 68 71 68 1
70 65 71 66 32
71 69 72 69 1
71 69 72 70 6
71 67 72 67 1
71 72 71 73 43
71 72 72 72 4
71 72 72 73 48
71 71 71 72 1
71 71 72 71 2
71 71 72 72 33
71 73 72 74 377
71 66 72 67 32
71 68 72 68 1
72 74 73 75 385
72 69 73 69 1
72 67 73 68 33
72 70 73 71 6
72 71 73 72 1
72 71 73 71 1
72 72 73 72 4
72 72 73 73 33
72 73 72 74 8
72 73 73 74 40
72 68 73 68 1
73 74 74 75 39
73 74 73 75 3
73 69 74 69 1
73 72 74 72 4
73 72 74 73 1
73 75 74 76 388
73 71 74 72 7
73 73 74 74 30
73 73 74 73 1
73 73 73 74 2
73 68 74 69 34
74 69 75 70 35
74 74 74 75 2
74 74 75 74 1
74 74 75 75 27
74 75 74 76 12
74 75 75 76 29
74 72 75 73 11
74 73 75 74 1
74 73 75 73 1
74 76 75 77 400
75 74 76 74 1
75 74 76 75 1
75 77 76 77 1
75 77 76 78 414
75 70 76 71 35
75 75 75 76 2
75 75 76 76 25
75 73 76 74 11
75 73 76 73 1
75 76 75 77 15
75 76 76 77 16
76 74 77 74 1
76 74 77 75 11
76 77 77 77 1
76 77 77 78 8
76 77 76 78 9
76 75 77 76 1
76 71 77 72 35
76 73 77 73 1
76 76 77 77 22
76 76 77 76 2
76 76 76 77 1
76 78 77 78 9
76 78 77 79 414
77 74 78 74 1
77 75 78 76 11
77 78 77 79 1
77 78 78 79 17
77 79 78 80 319
77 79 78 79 96
77 77 77 78 1
77 77 78 77 2
77 77 78 78 20
77 72 78 73 35
77 73 78 73 1
77 76 78 77 1
77 76 78 76 2
78 74 79 74 1
78 77 79 77 2
78 77 79 78 1
78 73 79 74 36
78 80 79 81 218
78 80 79 80 103
78 76 79 77 12
78 76 79 76 1
78 78 78 79 1
78 78 79 78 2
78 78 79 79 17
78 79 78 80 2
78 79 79 80 110
78 79 79 79 2
79 81 80 81 142
79 81 80 82 76
79 74 80 75 37
79 77 80 78 14
79 76 80 76 1
79 80 80 81 212
79 80 80 80 1
79 78 80 79 3
79 79 80 80 14
79 79 80 79 5
80 81 81 81 2
80 81 81 82 352
80 75 81 76 37
80 76 81 77 1
80 80 81 81 9
80 80 81 80 6
80 78 81 78 3
80 78 81 79 11
80 82 81 83 57
80 82 81 82 19
80 79 81 80 6
80 79 81 79 2
81 83 82 84 54
81 83 82 83 3
81 80 82 81 8
81 80 82 80 4
81 78 82 79 3
81 79 82 80 12
81 79 82 79 1
81 81 82 81 6
81 81 82 82 5
81 77 82 78 1
81 76 82 77 37
81 82 82 83 371
82 84 83 84 2
82 84 83 85 52
82 81 83 81 3
82 81 83 82 11
82 77 83 78 37
82 83 83 84 371
82 83 83 83 3
82 80 83 81 12
82 80 83 80 4
82 78 83 79 1
82 82 83 83 4
82 82 83 82 1
82 79 83 80 4
83 84 84 84 6
83 84 84 85 367
83 85 84 85 2
83 85 84 86 50
83 83 84 84 4
83 83 84 83 3
83 80 84 81 6
83 80 84 80 2
83 78 84 78 1
83 78 84 79 36
83 79 84 80 1
83 81 84 81 2
83 81 84 82 13
83 82 84 83 10
83 82 84 82 2
84 84 85 84 7
84 84 85 85 3
84 81 85 81 2
84 81 85 82 6
84 85 85 85 14
84 85 85 86 355
84 83 85 84 10
84 83 85 83 3
84 86 85 87 47
84 86 85 86 3
84 80 85 81 1
84 80 85 80 2
84 78 85 79 1
84 82 85 83 13
84 82 85 82 2
84 79 85 80 31
84 79 85 79 5
85 84 86 84 6
85 84 86 85 11
85 85 86 85 14
85 85 86 86 3
85 83 86 84 12
85 83 86 83 4
85 80 86 81 21
85 80 86 80 12
85 79 86 80 6
85 81 86 81 2
85 81 86 82 1
85 87 86 87 2
85 87 86 88 45
85 86 86 87 350
85 86 86 86 8
85 82 86 83 7
85 82 86 82 1
86 84 87 84 6
86 84 87 85 12
86 81 87 81 12
86 81 87 82 11
86 87 87 87 66
86 87 87 88 286
86 88 87 88 2
86 88 87 89 43
86 85 87 85 14
86 85 87 86 11
86 83 87 84 11
86 86 87 87 2
86 86 87 86 9
86 80 87 81 15
86 80 87 80 3
86 82 87 83 1
86 82 87 82 1
87 84 88 84 3
87 84 88 85 14
87 85 88 85 13
87 85 88 86 13
87 83 88 84 1
87 80 88 80 3
87 81 88 82 27
87 87 88 87 64
87 87 88 88 4
87 88 88 88 73
87 88 88 89 215
87 89 88 90 41
87 89 88 89 2
87 86 88 87 11
87 86 88 86 9
87 82 88 83 9
87 82 88 82 3
88 84 89 84 3
88 84 89 85 1
88 90 89 90 3
88 90 89 91 38
88 85 89 86 27
88 83 89 84 7
88 83 89 83 2
88 80 89 80 3
88 87 89 87 69
88 87 89 88 6
88 88 89 88 73
88 88 89 89 4
88 89 89 90 112
88 89 89 89 105
88 86 89 87 15
88 86 89 86 7
88 82 89 83 30
89 84 90 84 4
89 84 90 85 6
89 85 90 86 1
89 90 90 90 43
89 90 90 91 72
89 83 90 84 32
89 91 90 92 38
89 80 90 81 3
89 87 90 87 64
89 87 90 88 20
89 88 90 88 77
89 88 90 89 2
89 89 90 90 4
89 89 90 89 105
89 86 90 87 33
89 86 90 86 1
90 84 91 84 6
90 84 91 85 30
90 85 91 86 6
90 90 91 90 45
90 90 91 91 2
90 91 91 92 50
90 91 91 91 22
90 81 91 82 3
90 92 91 92 3
90 92 91 93 35
90 87 91 87 8
90 87 91 88 89
90 88 91 88 77
90 88 91 89 20
90 89 91 90 2
90 89 91 89 105
90 86 91 87 1
90 86 91 86 1
91 84 92 84 3
91 84 92 85 3
91 92 92 92 12
91 92 92 93 41
91 87 92 87 6
91 87 92 88 3
91 93 92 93 1
91 93 92 94 34
91 90 92 90 46
91 90 92 91 1
91 85 92 85 1
91 85 92 86 29
91 88 92 88 7
91 88 92 89 159
91 89 92 90 19
91 89 92 89 106
91 86 92 87 6
91 86 92 86 1
91 91 92 92 2
91 91 92 91 22
91 82 92 83 3
92 84 93 84 3
92 85 93 85 1
92 85 93 86 3
92 90 93 90 46
92 90 93 91 19
92 83 93 84 3
92 94 93 95 33
92 94 93 94 1
92 91 93 92 1
92 91 93 91 22
92 92 93 92 12
92 92 93 93 2
92 87 93 87 6
92 87 93 88 6
92 88 93 88 6
92 88 93 89 4
92 93 93 93 6
92 93 93 94 36
92 89 93 90 259
92 89 93 89 6
92 86 93 87 30
93 84 94 84 2
93 84 94 85 4
93 85 94 85 1
93 90 94 90 5
93 90 94 91 300
93 95 94 95 4
93 95 94 96 29
93 94 94 95 29
93 94 94 94 8
93 91 94 92 20
93 91 94 91 21
93 92 94 92 12
93 92 94 93 1
93 87 94 87 7
93 87 94 88 29
93 93 94 93 6
93 93 94 94 2
93 88 94 88 6
93 88 94 89 6
93 89 94 90 4
93 89 94 89 6
93 86 94 87 3
94 84 95 85 2
94 90 95 90 5
94 90 95 91 3
94 90 94 91 1
94 85 95 85 2
94 85 95 86 3
94 95 95 95 11
94 95 95 96 22
94 94 95 95 2
94 94 95 94 8
94 91 95 92 320
94 91 95 91 1
94 91 94 92 1
94 92 95 92 8
94 92 95 93 25
94 87 95 87 5
94 87 95 88 5
94 93 95 93 6
94 93 95 94 1
94 88 95 88 3
94 88 95 89 32
94 89 95 90 6
94 89 95 89 6
94 96 95 97 21
94 96 95 96 8
95 85 96 86 4
95 90 96 90 4
95 90 96 91 7
95 95 96 95 12
95 95 96 96 1
95 94 96 94 9
95 97 96 98 10
95 97 96 97 11
95 91 96 92 2
95 91 96 91 2
95 92 96 92 1
95 92 96 93 327
95 87 96 87 5
95 88 96 88 2
95 88 96 89 6
95 93 96 93 6
95 93 96 94 25
95 89 96 90 28
95 89 96 89 10
95 86 96 87 3
95 96 96 97 22
95 96 96 96 8
96 90 97 90 1
96 90 97 91 31
96 95 97 95 12
96 97 97 98 7
96 97 97 97 26
96 94 97 95 24
96 94 97 94 10
96 91 97 92 8
96 91 97 91 1
96 92 97 92 1
96 92 97 93 2
96 87 97 87 4
96 87 97 88 4
96 98 97 99 4
96 98 97 98 6
96 88 97 88 2
96 93 97 93 1
96 93 97 94 332
96 89 97 90 10
96 89 97 89 6
96 86 97 87 4
96 96 97 97 1
96 96 97 96 8
97 90 98 91 11
97 95 98 95 9
97 95 98 96 27
97 94 98 95 339
97 94 98 94 3
97 97 98 98 1
97 97 98 97 26
97 91 98 92 29
97 91 98 91 3
97 92 98 92 1
97 92 98 93 8
97 87 98 88 8
97 98 98 98 8
97 98 98 99 5
97 99 98 100 4
97 88 98 88 2
97 88 98 89 4
97 93 98 93 1
97 93 98 94 2
97 89 98 89 6
97 96 98 96 8
98 95 99 95 2
98 95 99 96 346
98 94 99 95 2
98 94 99 94 3
98 97 99 97 26
98 91 99 92 12
98 91 99 91 2
98 92 99 92 1
98 92 99 93 29
98 98 99 99 1
98 98 99 98 8
98 99 99 99 1
98 99 99 100 4
98 88 99 89 10
98 93 99 93 3
98 93 99 94 6
98 89 99 90 4
98 89 99 89 6
98 100 99 101 1
98 100 99 100 3
98 96 99 97 32
98 96 99 96 3
99 90 100 91 4
99 95 100 95 1
99 95 100 96 3
99 94 100 95 6
99 94 100 94 3
99 97 100 98 43
99 97 100 97 15
99 91 100 91 2
99 92 100 92 1
99 92 100 93 12
99 99 100 99 2
99 98 100 98 8
99 93 100 93 3
99 93 100 94 29
99 101 100 102 1
99 89 100 90 16
99 100 100 101 2
99 100 100 100 5
99 96 100 97 341
99 96 100 96 8
100 90 101 91 16
100 95 101 95 1
100 95 101 96 6
100 102 101 103 1
100 97 101 98 343
100 97 101 97 13
100 94 101 95 29
100 94 101 94 3
100 91 101 92 5
100 91 101 91 1
100 92 101 92 1
100 98 101 98 5
100 98 101 99 46
100 99 101 99 2
100 93 101 93 3
100 93 101 94 12
100 101 101 102 2
100 96 101 97 3
100 96 101 96 8
100 100 101 100 5
101 95 102 96 30
101 102 102 103 2
101 94 102 95 14
101 94 102 94 1
101 97 102 98 3
101 97 102 97 13
101 91 102 92 17
101 92 102 92 1
101 92 102 93 5
101 103 102 104 1
101 99 102 99 5
101 99 102 100 43
101 98 102 99 343
101 98 102 98 5
101 93 102 93 3
101 100 102 100 5
101 96 102 97 5
101 96 102 96 9
102 104 103 105 1
102 95 103 96 14
102 94 103 94 1
102 97 103 98 5
102 97 103 97 13
102 92 103 93 18
102 98 103 99 3
102 98 103 98 5
102 99 103 99 7
102 99 103 100 341
102 103 103 104 2
102 93 103 93 3
102 93 103 94 5
102 96 103 97 35
102 96 103 96 4
102 100 103 101 46
102 100 103 100 2
103 104 104 104 1
103 104 104 105 1
103 94 104 95 6
103 97 104 98 40
103 97 104 97 8
103 98 104 99 5
103 98 104 98 5
103 99 104 99 6
103 99 104 100 4
103 93 104 94 21
103 101 104 101 2
103 101 104 102 45
103 105 104 106 1
103 100 104 101 341
103 100 104 100 1
103 100 103 101 1
103 96 104 97 17
103 96 104 96 1
104 104 105 104 1
104 95 105 96 6
104 94 105 95 21
104 97 105 98 24
104 97 105 97 1
104 102 105 103 41
104 102 105 102 4
104 98 105 98 3
104 98 105 99 42
104 99 105 99 6
104 99 105 100 5
104 106 105 107 1
104 101 105 101 3
104 101 105 102 340
104 105 105 105 1
104 100 105 101 4
104 100 105 100 1
104 96 105 96 1
105 104 106 104 1
105 95 106 96 20
105 95 105 96 1
105 102 106 103 340
105 102 106 102 4
105 97 106 97 1
105 97 105 98 1
105 107 106 108 1
105 99 106 99 2
105 99 106 100 46
105 103 106 104 40
105 103 106 103 1
105 98 106 98 2
105 98 106 99 26
105 101 106 101 3
105 101 106 102 4
105 105 106 105 1
105 96 106 97 7
105 96 105 97 1
105 100 106 101 5
105 100 106 100 1
106 104 107 104 7
106 104 107 105 34
106 102 107 103 3
106 102 107 102 5
106 97 107 98 8
106 108 107 109 1
106 103 107 104 330
106 103 107 103 11
106 99 107 100 28
106 98 107 98 2
106 101 107 101 3
106 101 107 102 5
106 105 107 105 1
106 100 107 101 47
106 96 107 97 20
107 109 108 110 1
107 104 108 104 12
107 104 108 105 325
107 103 108 104 4
107 103 108 103 10
107 98 108 98 1
107 98 108 99 9
107 97 108 98 20
107 102 108 103 5
107 102 108 102 5
107 101 108 101 2
107 101 108 102 48
107 100 108 101 28
107 105 108 106 28
107 105 108 105 7
108 104 109 104 12
108 104 109 105 4
108 102 109 103 53
108 102 109 102 1
108 99 109 100 8
108 99 108 100 1
108 103 109 104 5
108 103 109 103 10
108 98 109 99 21
108 106 109 106 2
108 106 109 107 26
108 101 109 102 30
108 101 108 102 1
108 100 108 101 1
108 105 109 106 325
108 105 109 105 7
108 110 109 111 1
109 104 110 104 13
109 104 110 105 4
109 102 110 103 30
109 102 110 102 1
109 111 110 112 1
109 107 110 108 26
109 103 110 104 54
109 103 110 103 9
109 99 110 100 21
109 106 110 106 3
109 106 110 107 324
109 100 110 101 8
109 105 110 106 3
109 105 110 105 8
110 104 111 104 8
110 104 111 105 59
110 102 111 103 1
110 108 111 109 24
110 108 111 108 2
110 107 111 108 321
110 107 111 107 3
110 112 111 113 1
110 103 111 104 39
110 106 111 106 3
110 106 111 107 3
110 101 111 102 8
110 100 111 101 21
110 105 111 106 2
110 105 111 105 10
111 104 112 105 47
111 109 112 109 1
111 109 112 110 23
111 103 112 104 1
111 106 112 106 3
111 106 112 107 2
111 101 112 102 21
111 102 112 103 8
111 108 112 109 321
111 108 112 108 2
111 105 112 106 67
111 105 112 105 2
111 113 112 113 1
111 107 112 108 3
111 107 112 107 3
112 104 113 105 1
112 102 113 103 21
112 108 113 109 3
112 108 113 108 2
112 107 113 108 1
112 107 113 107 4
112 109 113 109 4
112 109 113 110 318
112 103 113 104 8
112 106 113 106 2
112 106 113 107 68
112 105 113 106 49
112 113 113 113 1
112 110 113 111 22
112 110 113 110 1
113 104 114 105 8
113 108 114 109 1
113 108 114 108 2
113 111 114 112 22
113 107 114 108 69
113 107 114 107 3
113 109 114 109 4
113 109 114 110 3
113 103 114 104 21
113 106 114 107 51
113 105 114 106 1
113 113 114 113 1
113 110 114 111 314
113 110 114 110 5
114 104 115 105 21
114 109 115 109 4
114 109 115 110 1
114 112 115 112 3
114 112 115 113 20
114 106 115 107 1
114 111 114 112 1
114 111 115 112 294
114 111 115 111 19
114 108 115 109 71
114 105 115 106 8
114 113 115 113 1
114 107 115 108 54
114 110 115 111 3
114 110 115 110 5
115 108 116 109 54
115 111 116 112 4
115 111 116 111 18
115 107 116 108 1
115 109 116 109 3
115 109 116 110 71
115 109 115 110 1
115 112 116 112 49
115 112 116 113 246
115 112 115 113 2
115 106 116 107 8
115 105 116 106 21
115 113 116 114 17
115 113 116 113 6
115 110 116 111 2
115 110 116 110 5
116 108 116 109 1
116 108 117 109 1
116 111 117 112 2
116 111 117 111 18
116 114 117 114 6
116 114 117 115 12
116 107 116 108 1
116 107 117 108 8
116 112 117 112 49
116 112 117 113 4
116 109 117 110 58
116 106 116 107 1
116 106 117 107 20
116 110 117 111 72
116 110 117 110 4
116 113 116 114 1
116 113 117 114 182
116 113 117 113 69
117 112 118 112 49
117 112 118 113 2
117 109 118 110 1
117 109 117 110 2
117 114 118 114 53
117 114 118 115 131
117 114 117 115 4
117 108 118 109 6
117 108 117 109 2
117 111 118 112 76
117 111 118 111 17
117 115 118 116 8
117 115 118 115 8
117 107 118 108 20
117 113 118 114 3
117 113 118 113 70
117 110 118 111 60
117 110 118 110 1
117 110 117 111 3
118 109 119 110 6
118 109 118 110 2
118 112 119 112 47
118 112 119 113 79
118 116 119 116 2
118 116 119 117 8
118 108 119 109 18
118 108 118 109 2
118 111 119 112 77
118 111 118 112 1
118 114 119 114 53
118 114 119 115 3
118 115 119 116 91
118 115 119 115 46
118 115 118 116 2
118 110 119 111 3
118 110 118 111 1
118 113 119 114 2
118 113 119 113 70
119 114 120 114 53
119 114 120 115 2
119 111 120 112 3
119 115 120 116 3
119 115 120 115 46
119 109 120 110 18
119 112 120 113 124
119 116 119 117 4
119 116 120 116 39
119 116 120 117 50
119 117 120 118 7
119 117 120 117 5
119 113 120 114 86
119 113 120 113 63
119 110 120 111 6
120 118 121 119 5
120 118 121 118 13
120 111 120 112 4
120 111 121 112 4
120 114 120 115 1
120 114 121 114 47
120 114 121 115 96
120 115 121 116 3
120 115 121 115 46
120 112 120 113 5
120 112 121 113 2
120 116 121 116 40
120 116 121 117 2
120 117 120 118 11
120 117 121 118 8
120 117 121 117 36
120 110 120 111 2
120 110 121 111 16
120 113 120 114 5
120 113 121 114 186
120 113 121 113 1
121 119 122 119 8
121 119 122 120 1
121 112 122 113 3
121 112 121 113 2
121 116 122 116 40
121 116 122 117 3
121 118 122 119 1
121 118 122 118 16
121 118 121 119 4
121 111 122 112 15
121 111 121 112 1
121 117 122 118 1
121 117 122 117 37
121 114 122 115 226
121 114 121 115 9
121 115 122 116 113
121 115 122 115 38
121 113 122 114 3
121 113 121 114 2
122 119 123 119 8
122 119 122 120 1
122 112 123 113 14
122 112 122 113 1
122 120 123 120 2
122 116 123 116 40
122 116 123 117 140
122 118 123 118 17
122 114 123 115 2
122 114 122 115 4
122 117 123 118 2
122 117 123 117 38
122 115 123 116 241
122 115 122 116 27
122 113 123 114 1
122 113 122 114 3
123 120 124 120 2
123 118 124 119 1
123 118 124 118 19
123 114 123 115 5
123 114 124 115 1
123 115 123 116 6
123 115 124 116 1
123 119 124 119 8
123 116 124 117 264
123 116 123 117 23
123 117 123 118 1
123 117 124 118 169
123 117 124 117 31
123 113 123 114 5
123 113 124 114 9
124 119 125 119 8
124 119 125 120 1
124 120 125 120 2
124 116 124 117 9
124 118 125 119 277
124 118 125 118 3
124 114 124 115 8
124 114 125 115 1
124 117 124 118 92
124 117 125 118 212
124 115 124 116 8
124 115 125 116 1
125 119 126 120 475
125 120 126 120 3
125 116 125 117 1
125 116 126 117 1
125 118 125 119 190
125 118 126 119 26
125 117 125 118 1
125 115 125 116 1
126 119 126 120 27
126 118 126 119 1
126 117 126 118 1
