0 1 1 2 69
0 1 0 2 3
0 0 1 1 433
0 0 0 1 72
0 2 1 3 3
1 1 1 2 346
1 1 2 2 87
1 3 2 4 10
1 2 1 3 7
1 2 2 3 408
2 4 3 5 263
2 3 3 4 215
2 3 2 4 253
2 2 3 3 27
2 2 2 3 60
3 4 4 5 12
3 4 3 5 229
3 3 4 4 1
3 3 3 4 26
3 5 4 6 492
4 6 5 7 503
4 4 4 5 1
4 5 4 6 11
4 5 5 6 2
5 6 5 7 2
5 7 6 8 505
6 8 7 9 505
7 9 8 10 505
8 10 9 11 505
9 11 10 12 505
10 12 11 13 505
11 13 12 14 505
12 14 13 15 505
13 15 14 16 505
14 16 15 17 505
15 17 16 18 505
16 18 17 19 505
17 19 18 20 505
18 20 19 21 505
19 21 20 22 505
20 22 21 23 505
21 23 22 24 505
22 24 23 25 500
22 24 23 24 5
23 25 24 25 6
23 25 24 26 494
23 24 24 25 5
24 25 25 26 11
24 26 25 27 268
24 26 25 26 226
25 27 26 27 147
25 27 26 28 121
25 26 26 27 237
26 27 27 28 384
26 28 27 28 111
26 28 27 29 10
27 28 28 29 495
27 29 28 29 10
28 29 29 30 505
29 30 30 31 505
30 31 31 32 505
31 32 32 33 505
32 33 33 34 505
33 34 34 35 505
34 35 35 36 505
35 36 36 37 505
36 37 37 38 505
37 38 38 39 505
38 39 39 40 505
39 40 40 41 505
40 41 41 42 505
41 42 42 43 505
42 43 43 44 505
43 44 44 45 505
44 45 45 46 505
45 46 46 47 505
46 47 47 48 505
47 48 48 49 505
48 49 49 50 505
49 50 50 51 505
50 51 51 52 505
51 52 52 53 505
52 53 53 54 505
53 54 54 55 505
54 55 55 56 505
55 56 56 57 505
56 57 57 58 505
57 58 58 59 503
57 58 58 58 2
58 59 59 60 503
58 58 59 58 2
59 60 60 61 503
59 58 60 58 2
60 61 61 62 503
60 58 61 59 1
60 58 61 58 1
61 59 62 60 1
61 58 62 58 1
61 62 62 63 503
62 60 63 61 1
62 63 63 64 503
62 58 63 59 1
63 59 64 60 1
63 64 64 65 503
63 61 64 62 1
64 60 65 61 1
64 62 65 63 1
64 65 65 66 503
65 67 65 68 1
65 63 66 64 1
65 61 66 62 1
65 66 66 67 502
65 66 65 67 1
65 68 66 69 1
66 69 67 70 1
66 67 67 67 1
66 67 67 68 501
66 64 67 65 1
66 62 67 63 1
67 67 68 67 1
67 63 68 64 1
67 70 68 71 1
67 68 68 69 500
67 68 68 68 1
67 65 68 66 1
68 69 69 69 1
68 69 69 70 499
68 67 69 67 1
68 64 69 65 1
68 71 69 72 1
68 66 69 67 1
68 68 69 68 1
69 69 70 69 1
69 67 70 68 2
69 72 70 73 1
69 70 70 71 499
69 68 70 68 1
69 65 70 66 1
70 69 71 69 1
70 71 71 72 499
70 66 71 67 1
70 73 71 74 1
70 68 71 69 3
71 69 72 70 4
71 74 72 74 1
71 67 72 68 1
71 72 72 73 499
72 74 73 74 1
72 70 73 71 4
72 73 73 74 499
72 68 73 69 1
73 69 74 70 1
73 74 74 74 1
73 74 74 75 499
73 71 74 72 4
74 74 75 74 1
74 72 75 73 5
74 71 74 72 1
74 70 74 71 1
74 75 75 76 499
75 74 76 74 1
75 73 76 74 5
75 76 76 77 499
76 74 77 75 6
76 77 77 77 1
76 77 77 78 498
77 77 78 78 1
77 75 78 76 6
77 78 78 78 14
77 78 78 79 484
78 76 79 77 6
78 78 79 79 15
78 79 79 80 377
78 79 79 79 107
79 77 80 78 6
79 80 80 81 261
79 80 80 80 116
79 79 80 80 121
79 79 80 79 1
80 81 81 81 157
80 81 81 82 104
80 80 81 81 231
80 80 81 80 6
80 78 81 78 1
80 78 81 79 5
80 79 81 79 1
81 81 82 81 2
81 81 82 82 386
81 80 82 80 6
81 78 82 79 1
81 82 82 83 82
81 82 82 82 22
81 79 82 80 4
81 79 82 79 2
82 81 83 81 2
82 83 83 84 77
82 83 83 83 5
82 80 83 81 1
82 80 83 80 9
82 79 83 80 3
82 82 83 83 407
82 82 83 82 1
83 84 84 84 4
83 84 84 85 73
83 81 84 81 2
83 81 84 82 1
83 83 84 84 409
83 83 84 83 3
83 80 84 81 11
83 80 84 80 1
83 82 84 82 1
84 81 85 82 13
84 84 85 84 12
84 84 85 85 401
84 85 85 85 2
84 85 85 86 71
84 83 85 83 3
84 80 85 80 1
84 82 85 83 1
84 82 85 82 1
85 84 86 84 12
85 85 86 85 14
85 85 86 86 389
85 83 86 83 4
85 86 86 87 67
85 86 86 86 4
85 80 86 81 1
85 82 86 83 14
86 84 87 84 12
86 81 87 82 1
86 87 87 87 2
86 87 87 88 65
86 85 87 85 14
86 83 87 84 15
86 83 87 83 3
86 86 87 87 386
86 86 87 86 7
87 84 88 84 11
87 84 88 85 16
87 87 88 87 76
87 87 88 88 312
87 85 88 85 14
87 88 88 88 3
87 88 88 89 62
87 83 88 84 3
87 86 88 86 7
87 82 88 83 1
88 84 89 85 14
88 87 89 87 74
88 87 89 88 2
88 85 89 85 15
88 85 89 86 15
88 88 89 88 80
88 88 89 89 235
88 83 89 84 1
88 89 89 90 60
88 89 89 89 2
88 86 89 86 7
89 84 90 85 1
89 87 90 87 74
89 85 90 86 29
89 90 90 90 5
89 90 90 91 55
89 88 90 88 80
89 88 90 89 2
89 89 90 90 122
89 89 90 89 115
89 86 90 87 16
89 86 90 86 6
90 87 91 87 68
90 87 91 88 22
90 90 91 90 47
90 90 91 91 80
90 85 91 86 1
90 88 91 88 80
90 89 91 90 2
90 89 91 89 115
90 86 91 87 35
90 91 91 92 55
91 92 92 92 4
91 92 92 93 51
91 87 92 87 5
91 87 92 88 98
91 90 92 90 49
91 88 92 88 78
91 88 92 89 24
91 89 92 89 115
91 91 92 92 55
91 91 92 91 25
91 86 92 87 1
92 92 93 92 13
92 92 93 93 46
92 87 93 88 6
92 93 93 93 3
92 93 93 94 48
92 90 93 90 49
92 88 93 88 5
92 88 93 89 171
92 89 93 90 25
92 89 93 89 114
92 91 93 91 25
93 92 94 92 13
93 93 94 93 9
93 93 94 94 40
93 90 94 90 44
93 90 94 91 30
93 88 94 89 11
93 94 94 95 45
93 94 94 94 3
93 89 94 90 285
93 91 94 91 25
94 92 95 92 13
94 93 95 93 9
94 90 95 91 329
94 95 95 95 4
94 95 95 96 41
94 94 95 95 33
94 94 95 94 10
94 89 95 90 11
94 91 95 92 31
94 91 95 91 24
95 92 96 92 8
95 92 96 93 36
95 93 96 93 9
95 90 96 91 11
95 95 96 95 12
95 95 96 96 25
95 94 96 94 10
95 91 96 92 353
95 96 96 97 29
95 96 96 96 12
96 92 97 93 361
96 93 97 93 8
96 93 97 94 37
96 95 97 95 12
96 94 97 94 10
96 97 97 98 14
96 97 97 97 15
96 91 97 92 11
96 96 97 97 24
96 96 97 96 13
97 92 98 93 11
97 98 98 99 7
97 98 98 98 7
97 93 98 94 369
97 95 98 95 12
97 97 98 98 8
97 97 98 97 31
97 94 98 95 38
97 94 98 94 9
97 96 98 96 13
98 99 99 99 2
98 99 99 100 5
98 98 99 98 10
98 98 99 99 5
98 93 99 94 11
98 95 99 95 8
98 95 99 96 42
98 94 99 95 378
98 97 99 97 31
98 96 99 96 13
99 98 100 98 10
99 99 100 99 3
99 99 100 100 4
99 95 100 96 386
99 97 100 97 31
99 94 100 95 11
99 100 100 101 2
99 100 100 100 3
99 96 100 97 55
100 98 101 98 10
100 99 101 99 3
100 95 101 96 11
100 101 101 102 2
100 97 101 98 77
100 97 101 97 9
100 96 101 97 386
100 100 101 101 2
100 100 101 100 5
101 99 102 99 3
101 98 102 98 3
101 98 102 99 84
101 101 102 102 2
101 102 102 103 1
101 102 102 102 1
101 97 102 98 395
101 100 102 100 5
101 96 102 97 11
102 103 103 104 1
102 98 103 99 398
102 99 103 100 87
102 102 103 103 2
102 102 103 102 1
102 97 103 98 11
102 100 103 100 5
103 104 104 105 1
103 103 104 104 2
103 99 104 100 398
103 98 104 99 11
103 102 104 102 1
103 100 104 101 91
103 100 104 100 1
104 104 105 104 1
104 104 105 105 1
104 99 105 100 11
104 102 105 102 1
104 101 105 102 92
104 105 105 106 1
104 100 104 101 1
104 100 105 101 398
105 104 106 104 1
105 106 106 107 1
105 101 106 102 398
105 102 106 103 93
105 105 106 105 1
105 100 106 101 11
106 104 107 104 1
106 103 107 104 93
106 102 107 103 398
106 101 107 102 11
106 105 107 105 1
106 107 107 108 1
107 104 108 104 1
107 104 108 105 93
107 103 108 104 398
107 102 108 103 11
107 108 108 109 1
107 105 108 105 1
108 109 109 110 1
108 104 109 105 399
108 103 109 104 11
108 105 109 106 93
108 105 109 105 1
109 104 110 105 11
109 106 110 107 93
109 105 110 106 400
109 110 110 111 1
110 106 111 107 400
110 111 111 112 1
110 105 111 106 11
110 107 111 108 93
111 112 112 113 1
111 106 112 107 11
111 108 112 109 93
111 107 112 108 399
111 107 112 107 1
112 109 113 110 94
112 108 112 109 1
112 108 113 109 398
112 113 113 113 1
112 107 113 108 12
113 109 114 110 397
113 109 113 110 1
113 108 114 109 12
113 113 114 113 1
113 110 114 111 95
114 109 115 110 12
114 111 115 112 96
114 113 115 113 1
114 110 114 111 1
114 110 115 111 396
115 112 116 113 98
115 111 116 112 394
115 111 115 112 2
115 113 116 113 1
115 110 116 111 12
116 112 116 113 4
116 112 117 113 390
116 111 117 112 12
116 113 117 114 103
117 112 118 113 12
117 114 118 115 110
117 114 117 115 5
117 115 118 116 5
117 113 118 114 378
117 113 117 114 12
118 116 119 117 10
118 114 119 115 344
118 114 118 115 34
118 115 119 116 139
118 115 118 116 5
118 113 119 114 12
119 116 119 117 138
119 116 120 117 332
119 117 120 118 148
119 114 119 115 10
119 114 120 115 2
119 115 119 116 331
119 115 120 116 23
120 116 120 117 12
120 116 121 117 13
120 118 121 119 255
120 117 120 118 107
120 117 121 118 237
120 115 120 116 2
121 119 122 120 447
121 118 122 119 51
121 118 121 119 192
121 117 122 118 7
121 117 121 118 6
122 119 122 120 58
122 118 122 119 7
