17 17 18 18  -2
17 17 18 17  2
18 18 19 18  -3
18 18 19 19  1
18 17 19 18  2
19 18 20 19  -1
19 19 20 19  1
20 20 21 21  -1
20 20 21 20  1
21 21 22 21  -1
21 20 22 21  1
39 38 40 38  -3
39 38 40 39  3
40 38 41 38  -3
40 39 41 40  3
41 38 42 38  -3
41 40 42 40  1
41 40 42 41  2
42 38 43 39  -3
42 40 43 40  1
42 41 43 42  3
42 41 43 41  -1
43 42 44 43  3
43 39 44 40  -3
43 40 44 40  1
43 41 44 41  -1
44 40 45 41  -2
44 43 45 44  3
44 41 45 41  -1
45 43 46 43  1
45 43 46 44  -1
45 41 46 42  -3
45 44 46 45  -8
45 44 46 44  11
46 42 47 43  -3
46 46 47 47  -1
46 45 46 46  -1
46 45 47 46  -31
46 45 47 45  24
46 43 47 43  -1
46 43 47 44  2
46 44 47 45  -1
46 44 47 44  11
47 46 47 47  -1
47 46 48 46  185
47 46 48 47  -215
47 45 48 46  2
47 45 48 45  21
47 43 48 44  -4
47 44 48 45  3
47 44 48 44  10
47 47 48 47  -1
47 47 47 48  -1
47 48 48 49  -1
48 49 49 49  -1
48 46 49 46  185
48 46 49 47  2
48 45 49 46  2
48 45 49 45  22
48 44 49 44  6
48 47 49 47  -1204
48 47 49 48  983
48 47 48 48  5
48 48 49 48  5
49 49 50 49  -1
49 46 50 46  184
49 46 50 47  3
49 45 50 46  1
49 45 50 45  21
49 44 50 44  6
49 47 50 47  -1192
49 47 50 48  -10
49 48 50 49  998
49 48 50 48  -10
50 49 51 50  975
50 49 51 49  22
50 46 51 46  184
50 46 51 47  1
50 45 51 46  4
50 45 51 45  17
50 44 51 45  1
50 44 51 44  5
50 47 51 47  -1192
50 47 51 48  3
50 48 51 49  2
50 48 51 48  -22
51 50 52 50  344
51 50 52 51  631
51 49 52 50  24
51 46 52 46  208
51 46 52 47  -20
51 45 52 46  3
51 45 52 45  15
51 44 52 45  12
51 44 52 44  -7
51 48 52 48  -19
51 47 52 47  -1203
51 47 52 48  12
52 50 53 50  -9
52 50 53 51  377
52 46 53 46  6
52 46 53 47  205
52 45 53 46  25
52 45 53 45  2
52 51 53 52  323
52 51 53 51  308
52 44 53 45  -7
52 47 52 48  2
52 47 53 47  -248
52 47 53 48  -977
52 48 53 49  10
52 48 53 48  -15
53 52 54 52  320
53 52 54 53  3
53 50 54 50  -9
53 49 54 50  -1
53 49 54 49  11
53 46 54 47  31
53 45 54 46  -5
53 51 54 52  670
53 51 54 51  15
53 48 54 49  -468
53 48 54 48  -525
53 47 53 48  -1
53 47 54 47  -106
53 47 54 48  64
54 52 55 52  476
54 52 55 53  514
54 50 55 50  -6
54 50 55 51  -4
54 53 55 53  3
54 49 55 50  -25
54 49 55 49  -432
54 46 55 46  3
54 46 55 47  -8
54 51 55 51  15
54 48 55 49  4
54 48 55 48  -465
54 47 55 47  -102
54 47 55 48  27
55 52 56 52  476
55 50 56 50  -18
55 50 56 51  -13
55 53 56 53  484
55 53 56 54  33
55 46 56 47  3
55 49 56 50  1
55 49 56 49  -429
55 51 56 52  -3
55 51 56 51  14
55 47 56 48  -110
55 48 56 49  23
55 48 56 48  -461
56 52 57 52  473
56 50 57 50  -19
56 50 57 51  2
56 53 57 53  484
56 49 57 50  15
56 49 57 49  -421
56 51 57 52  -9
56 51 57 51  10
56 48 57 49  -568
56 54 57 55  27
56 54 57 54  6
56 47 56 48  3
57 52 58 52  471
57 52 58 53  -7
57 50 58 50  -20
57 50 58 51  16
57 53 58 53  484
57 49 58 50  -989
57 51 58 51  12
57 55 58 56  19
57 55 58 55  8
57 54 58 54  6
58 52 59 52  471
58 50 59 51  -1009
58 53 59 53  477
58 56 59 57  12
58 56 59 56  7
58 51 59 52  26
58 51 59 51  2
58 54 59 54  6
58 55 59 55  8
59 52 60 52  495
59 52 60 53  2
59 53 60 53  477
59 57 60 57  7
59 57 60 58  5
59 56 60 56  7
59 51 60 52  -1007
59 54 60 54  6
59 55 60 55  8
60 52 61 53  -512
60 53 61 53  479
60 57 61 57  7
60 56 61 56  7
60 58 61 59  1
60 58 61 58  4
60 54 61 54  6
60 55 61 55  8
61 59 62 59  1
61 53 62 54  -33
61 57 62 57  7
61 56 62 56  7
61 58 62 58  4
61 54 62 54  6
61 55 62 55  8
62 59 63 59  1
62 57 63 57  7
62 56 63 56  7
62 58 63 58  4
62 54 63 55  -27
62 55 63 55  8
63 59 64 59  1
63 57 64 57  7
63 56 64 56  7
63 58 64 58  4
63 55 64 56  -19
64 59 65 59  1
64 56 65 57  -12
64 57 65 57  7
64 58 65 58  4
65 59 66 59  1
65 57 66 58  -5
65 58 66 58  4
66 59 67 59  1
66 58 67 59  -1
