37 38 38 39  -1
37 37 38 38  -4
37 37 38 37  5
37 37 37 38  -1
38 38 39 38  1
38 38 39 39  -5
38 39 39 40  -1
38 37 39 38  5
39 38 40 39  6
39 39 40 39  -9
39 39 40 40  4
39 40 40 41  -1
40 42 41 43  2
40 39 41 40  -3
40 40 40 41  2
40 40 41 40  -27
40 40 41 41  29
40 41 40 42  2
40 41 41 41  -1
41 40 42 40  -1
41 40 42 41  -29
41 43 42 44  2
41 41 42 42  7
41 41 42 41  21
42 42 43 42  3
42 42 43 43  4
42 40 43 40  -1
42 41 43 42  -3
42 41 43 41  -5
42 44 43 45  2
43 40 44 40  -1
43 45 44 46  2
43 43 44 44  4
43 41 44 41  -5
44 40 45 41  -1
44 46 45 47  2
44 41 45 41  -5
44 44 45 45  4
45 46 46 47  1
45 45 46 46  4
45 45 45 46  1
45 41 46 42  -6
45 44 46 45  -14
45 44 46 44  13
45 44 45 45  1
45 47 46 47  2
46 42 47 43  -6
46 46 46 47  3
46 46 47 47  3
46 45 46 46  2
46 45 47 46  -36
46 45 47 45  20
46 44 47 44  13
46 47 47 48  6
47 46 48 46  185
47 46 48 47  -221
47 45 48 46  2
47 45 48 45  18
47 43 48 44  -6
47 44 48 44  13
47 47 48 47  -1
47 47 48 48  4
47 48 48 49  6
48 46 49 46  184
48 46 49 47  3
48 49 49 50  895
48 49 49 49  1
48 45 49 45  18
48 44 49 45  -6
48 44 49 44  13
48 47 49 47  -1248
48 47 49 48  136
48 47 48 48  890
48 48 49 49  3
48 48 49 48  1
48 48 48 49  890
49 50 50 51  1028
49 46 50 46  184
49 49 50 50  -1
49 49 50 49  5
49 49 49 50  133
49 45 50 46  -6
49 45 50 45  18
49 44 50 44  13
49 47 50 47  -1246
49 47 50 48  1
49 48 50 48  4
49 48 49 49  133
50 50 51 50  -1
50 49 51 50  10
50 49 51 49  -5
50 46 51 46  187
50 46 51 47  -9
50 45 51 46  4
50 45 51 45  14
50 51 51 52  1028
50 44 51 45  1
50 44 51 44  12
50 47 51 47  -1246
50 48 51 49  1
50 48 51 48  4
51 52 52 52  15
51 52 52 53  1013
51 50 52 50  5
51 50 52 51  4
51 49 52 49  -4
51 46 52 46  217
51 46 52 47  -26
51 45 52 46  3
51 45 52 45  12
51 44 52 45  12
51 47 52 47  -1253
51 47 52 48  -2
51 48 52 48  4
52 50 53 50  8
52 50 53 51  -3
52 53 53 53  13
52 53 53 54  1000
52 51 53 52  5
52 51 53 51  -1
52 47 53 48  -1474
52 47 53 47  195
52 48 53 49  -2
52 48 53 48  4
52 52 53 52  15
52 49 53 50  1
52 49 53 49  -5
52 46 53 46  10
52 46 53 47  210
52 45 53 46  24
53 52 54 52  15
53 52 54 53  5
53 50 54 50  7
53 50 54 51  2
53 53 54 53  13
53 49 54 49  -7
53 46 54 47  34
53 51 54 52  -7
53 51 54 51  3
53 54 54 55  992
53 54 54 54  8
53 48 54 49  -1479
53 48 54 48  8
53 47 53 48  -1
53 47 54 48  400
53 47 54 47  6
54 52 55 52  15
54 52 55 53  -7
54 50 55 50  7
54 53 55 53  17
54 53 55 54  1
54 49 55 50  -1454
54 49 55 49  11
54 51 55 52  2
54 51 55 51  3
54 48 54 49  43
54 48 55 49  405
54 55 55 56  514
54 55 55 55  478
54 47 54 48  40
54 54 55 54  8
55 52 56 52  15
55 52 56 53  2
55 50 56 50  9
55 50 56 51  -1456
55 53 56 53  16
55 53 56 54  -6
55 49 56 50  416
55 56 56 57  33
55 56 56 56  481
55 51 56 51  3
55 54 56 54  9
55 55 56 55  478
56 52 57 52  15
56 50 57 51  425
56 53 57 53  17
56 53 57 54  1
56 56 57 56  481
56 57 57 57  6
56 57 57 58  27
56 51 57 52  -1462
56 51 57 51  9
56 54 57 55  -5
56 54 57 54  8
56 55 57 55  478
57 53 58 53  17
57 57 58 57  6
57 51 57 52  2
57 51 58 52  432
57 58 58 59  19
57 58 58 58  8
57 52 58 53  -1445
57 56 58 56  481
57 54 58 55  1
57 54 58 54  8
57 55 58 55  473
58 53 59 54  -1275
58 57 59 57  6
58 58 59 58  8
58 52 59 53  279
58 52 58 53  153
58 59 59 59  7
58 59 59 60  12
58 56 59 56  481
58 55 59 55  474
58 54 59 54  8
59 59 60 59  7
59 60 60 60  7
59 60 60 61  5
59 53 59 54  131
59 53 60 54  148
59 56 60 56  481
59 57 60 57  6
59 58 60 58  8
59 54 60 55  -1136
59 55 60 55  474
60 59 61 59  7
60 60 61 60  7
60 56 61 56  481
60 57 61 57  6
60 61 61 61  4
60 61 61 62  1
60 58 61 58  8
60 55 61 56  -515
60 54 60 55  147
60 54 61 55  1
61 59 62 59  7
61 60 62 60  7
61 56 62 57  -33
61 57 62 57  6
61 61 62 61  4
61 58 62 58  8
61 62 62 62  1
61 55 61 56  1
62 59 63 59  7
62 60 63 60  7
62 57 63 58  -27
62 61 63 61  4
62 58 63 58  8
62 62 63 62  1
63 59 64 59  7
63 60 64 60  7
63 61 64 61  4
63 58 64 59  -19
63 62 64 62  1
64 59 65 60  -12
64 60 65 60  7
64 61 65 61  4
64 62 65 62  1
65 60 66 61  -5
65 61 66 61  4
65 62 66 62  1
66 61 67 62  -1
66 62 67 62  1
