36 36 37 36  -1
36 36 37 37  1
37 36 38 36  -1
37 37 38 37  1
38 38 39 38  -22
38 38 39 39  22
38 36 39 36  -1
38 37 39 37  1
39 38 40 38  -22
39 39 40 39  -331
39 39 40 40  353
39 36 40 36  -1
39 37 40 37  1
40 38 41 38  -22
40 39 41 39  -331
40 36 41 36  -1
40 40 41 40  -5
40 40 41 41  358
40 37 41 38  1
41 38 42 39  -21
41 39 42 39  -331
41 40 42 40  -5
41 36 42 36  -1
41 41 42 42  367
41 41 42 41  -9
42 42 43 42  -12
42 42 43 43  379
42 39 43 39  7
42 39 43 40  -359
42 40 43 40  -5
42 36 43 37  -1
42 41 43 41  -9
43 42 44 42  -12
43 39 44 39  7
43 40 44 41  -364
43 37 44 38  -1
43 43 44 43  -5
43 43 44 44  384
43 41 44 41  -9
44 42 45 42  -12
44 38 45 39  -1
44 39 45 39  7
44 43 45 43  -5
44 41 45 42  -373
44 44 45 45  389
44 44 45 44  -5
45 42 46 42  -2
45 42 46 43  -383
45 39 46 40  6
45 45 46 46  303
45 45 46 45  86
45 43 46 43  -5
45 44 46 45  -1
45 44 46 44  -4
46 42 47 42  -2
46 46 46 47  -1
46 46 47 46  23
46 46 47 47  281
46 40 47 41  6
46 45 47 46  3
46 45 47 45  82
46 43 47 43  16
46 43 47 44  -404
46 44 47 45  2
46 44 47 44  -6
46 47 47 48  -1
47 42 48 42  -2
47 46 48 46  23
47 46 48 47  2
47 45 47 46  -1
47 45 48 46  2
47 45 48 45  82
47 43 48 43  11
47 43 48 44  5
47 44 47 45  -1
47 44 48 45  -460
47 44 48 44  51
47 41 48 42  5
47 41 48 41  1
47 48 48 48  -1
47 47 48 48  94
47 47 48 47  187
48 42 49 42  6
48 42 49 43  -3
48 46 49 46  25
48 45 49 46  263
48 45 49 45  -641
48 43 49 43  9
48 43 49 44  2
48 44 49 45  6
48 44 49 44  50
48 41 49 41  1
48 48 49 49  317
48 48 49 48  -224
48 47 49 47  184
48 47 49 48  5
49 41 50 41  1
49 48 50 49  8
49 48 50 48  -227
49 47 50 47  184
49 42 50 42  6
49 46 50 46  17
49 46 50 47  271
49 49 50 50  320
49 49 50 49  -3
49 45 50 46  86
49 45 50 45  -721
49 43 50 43  9
49 43 50 44  -3
49 44 50 45  3
49 44 50 44  49
50 50 51 50  11
50 50 51 51  309
50 41 51 41  1
50 48 51 48  -227
50 47 51 47  200
50 47 51 48  255
50 42 51 42  6
50 46 51 46  9
50 46 51 47  94
50 49 51 50  13
50 49 51 49  -8
50 45 51 46  2
50 45 51 45  -720
50 43 51 43  5
50 43 51 44  4
50 44 51 45  -4
50 44 51 44  50
51 50 52 50  17
51 50 52 51  7
51 51 52 52  13
51 51 52 51  296
51 41 52 41  1
51 48 52 49  280
51 48 52 48  -252
51 47 52 47  135
51 47 52 48  159
51 42 52 42  6
51 49 52 49  -8
51 46 52 46  8
51 46 52 47  3
51 45 52 46  16
51 45 52 45  -740
51 43 52 43  4
51 43 52 44  1
51 44 52 45  -12
51 44 52 44  66
52 50 53 50  15
52 50 53 51  2
52 51 53 52  6
52 51 53 51  297
52 41 53 42  1
52 48 53 49  -19
52 48 53 48  -74
52 47 53 48  138
52 42 53 43  6
52 52 53 52  9
52 52 53 53  4
52 46 53 46  2
52 46 53 47  22
52 49 53 50  144
52 49 53 49  128
52 45 53 46  -558
52 45 53 45  -194
52 43 53 43  -1
52 43 53 44  5
52 44 53 45  69
52 44 53 44  -2
53 50 54 50  158
53 50 54 51  1
53 53 54 53  4
53 51 54 51  299
53 48 53 49  -1
53 48 54 49  82
53 48 54 48  -17
53 47 54 47  -10
53 47 54 48  32
53 52 54 52  11
53 52 54 53  4
53 42 54 42  1
53 46 54 46  -226
53 46 54 47  -330
53 49 54 50  394
53 49 54 49  -286
53 45 54 46  38
53 45 54 45  -163
53 43 54 44  5
53 44 54 45  9
53 44 54 44  -6
54 50 55 50  209
54 50 55 51  343
54 53 55 53  8
54 51 55 52  -1
54 51 55 51  301
54 47 55 47  -285
54 47 55 48  -55
54 48 55 49  23
54 48 55 48  -8
54 52 55 52  11
54 42 55 42  1
54 49 55 50  34
54 49 55 49  -238
54 46 55 46  -192
54 46 55 47  4
54 45 55 46  5
54 45 55 45  -159
54 44 55 45  -1
55 50 56 50  231
55 50 56 51  12
55 53 56 53  8
55 51 56 52  30
55 51 56 51  614
55 47 56 47  -281
55 48 56 49  -130
55 48 56 48  67
55 42 56 43  1
55 52 56 52  10
55 46 56 46  -195
55 46 56 47  8
55 49 56 50  21
55 49 56 49  -236
55 45 56 46  -160
56 52 57 52  14
56 52 57 53  26
56 50 57 50  236
56 50 57 51  16
56 53 57 53  8
56 46 57 47  -355
56 49 57 50  -377
56 49 57 49  11
56 43 57 44  1
56 51 57 51  626
56 47 57 47  -277
56 47 57 48  4
56 48 57 49  5
56 48 57 48  62
57 52 58 52  14
57 50 58 50  336
57 50 58 51  -477
57 53 58 53  15
57 53 58 54  19
57 49 58 50  8
57 49 58 49  8
57 51 58 52  2
57 51 58 51  640
57 44 58 45  1
57 47 58 48  -632
57 48 58 49  -1
57 48 58 48  67
58 52 59 52  13
58 52 59 53  3
58 50 59 50  341
58 50 59 51  3
58 53 59 53  15
58 49 59 50  -2
58 49 59 49  9
58 45 59 46  1
58 51 59 52  -15
58 51 59 51  178
58 48 59 49  -565
58 54 59 55  12
58 54 59 54  7
59 52 60 52  -1
59 52 60 53  -1
59 50 60 50  337
59 50 60 51  2
59 53 60 53  18
59 49 60 50  -556
59 46 60 47  1
59 51 60 51  181
59 55 60 56  5
59 55 60 55  7
59 54 60 54  7
60 50 61 51  -219
60 53 61 53  16
60 53 61 54  1
60 51 61 51  183
60 47 61 48  1
60 52 61 52  -1
60 56 61 56  4
60 56 61 57  1
60 54 61 54  7
60 55 61 55  7
61 50 61 51  1
61 53 62 53  16
61 57 62 57  1
61 51 62 52  -35
61 48 61 49  1
61 52 62 52  -1
61 49 61 50  1
61 56 62 56  4
61 55 62 55  7
61 54 62 54  8
62 52 63 53  -36
62 53 63 53  16
62 56 63 56  4
62 57 63 57  1
62 54 63 54  8
62 55 63 55  7
63 53 64 54  -20
63 56 64 56  4
63 57 64 57  1
63 54 64 54  8
63 55 64 55  7
64 56 65 56  4
64 57 65 57  1
64 54 65 55  -12
64 55 65 55  7
65 56 66 56  4
65 57 66 57  1
65 55 66 56  -5
66 56 67 57  -1
66 57 67 57  1
