17 18 18 19  2
17 17 18 18  -2
17 17 17 18  2
18 18 18 19  -3
18 18 19 19  1
18 19 19 20  -1
19 19 19 20  1
20 21 21 22  1
20 20 21 21  -1
20 20 20 21  1
21 21 21 22  -1
36 38 37 39  -1
36 37 36 38  -1
36 37 37 38  -4
36 37 37 37  5
37 38 38 38  1
37 38 38 39  -5
37 39 38 40  -1
37 37 38 38  5
38 38 39 39  6
38 39 38 40  -3
38 39 39 39  -8
38 39 39 40  6
38 40 38 41  -3
38 40 39 41  -1
38 41 39 42  -3
39 42 40 43  -1
39 39 40 40  -2
39 40 39 41  2
39 40 40 40  -26
39 40 40 41  30
39 41 39 42  2
39 41 40 41  -1
40 42 40 43  1
40 40 40 41  1
40 40 41 40  -1
40 40 41 41  -28
40 41 40 42  1
40 41 41 42  7
40 41 41 41  22
41 42 42 42  3
41 42 42 43  4
41 42 41 43  -1
41 40 42 40  -1
41 43 41 44  -1
41 41 42 41  -5
41 41 41 42  -1
41 44 42 45  -1
42 42 43 43  3
42 40 43 40  -1
42 45 43 46  -1
42 43 43 44  4
42 41 43 41  -5
43 46 44 47  -2
43 40 44 41  -1
43 45 43 46  -1
43 45 44 46  1
43 43 43 44  1
43 43 44 44  2
43 41 44 41  -5
43 44 44 45  5
44 46 45 47  2
44 46 44 47  -2
44 45 45 46  5
44 45 44 46  -1
44 41 45 42  -6
44 44 45 45  3
44 44 44 45  -1
44 47 45 48  -6
44 47 45 47  2
45 42 46 43  -6
45 46 46 47  6
45 46 45 47  6
45 45 46 46  -4
45 45 45 46  7
45 48 46 49  -10
45 47 46 48  14
45 47 45 48  -4
46 52 47 53  -2
46 50 46 51  -2
46 50 47 51  3
46 46 46 47  -5
46 46 47 46  -7
46 46 47 47  8
46 49 46 50  1
46 49 47 50  -12
46 43 47 44  -6
46 51 46 52  -2
46 47 46 48  -4
46 47 47 48  5
46 48 46 49  -1
46 48 47 49  11
47 50 48 51  -460
47 50 47 51  4
47 53 48 53  1
47 51 48 51  3
47 51 47 52  4
47 47 48 48  -801
47 47 48 47  -13
47 47 47 48  819
47 48 47 49  824
47 52 48 53  1
47 52 47 53  3
47 49 47 50  -444
47 49 48 50  1279
47 46 47 47  -3
47 46 48 46  -4
47 44 48 45  -6
48 50 49 51  1471
48 50 48 51  -537
48 53 49 53  2
48 53 49 54  2
48 53 48 54  -3
48 51 49 52  -992
48 51 49 51  -1
48 51 48 52  -1
48 48 49 49  -452
48 48 49 48  -1
48 48 48 49  -345
48 47 49 47  -30
48 47 49 48  13
48 47 48 48  3
48 52 48 53  -1
48 49 48 50  -345
48 46 49 46  -3
48 46 49 47  -1
48 46 48 47  -1
48 45 49 46  -5
48 45 48 46  -1
48 54 49 54  -1
48 54 49 55  -2
49 50 49 51  -431
49 53 50 53  3
49 51 50 52  1445
49 51 49 52  -406
49 47 50 47  -28
49 48 50 49  5
49 48 50 48  1
49 48 49 49  6
49 52 50 53  -1399
49 52 49 53  1
49 46 50 46  -4
49 46 50 47  -7
49 46 49 47  3
49 49 50 50  -18
49 49 50 49  3
49 49 49 50  -431
49 55 50 55  -2
49 54 50 55  1
50 52 50 53  493
50 52 51 53  918
50 50 50 51  -34
50 50 51 51  -10
50 53 51 54  -903
50 46 50 47  -2
50 46 51 47  -2
50 49 50 50  -26
50 49 51 49  1
50 51 50 52  -34
50 48 50 49  -33
50 55 51 55  -1
50 47 50 48  -34
50 47 51 48  -5
50 47 51 47  2
51 52 51 53  -5
51 50 51 51  -3
51 53 52 54  490
51 53 51 54  423
51 49 52 49  1
51 49 51 50  -3
51 51 52 52  -8
51 51 51 52  -5
51 54 52 55  -480
51 55 52 55  -1
51 48 52 49  -3
51 48 52 48  -1
51 48 51 49  -3
51 47 52 48  2
51 47 51 48  -2
52 52 52 53  -1
52 52 53 53  -7
52 53 52 54  -1
52 49 53 50  -1
52 56 53 56  -2
52 54 52 55  483
52 54 53 55  6
52 55 52 56  -2
52 55 53 56  4
52 48 52 49  1
53 52 53 53  -1
53 50 53 51  -1
53 53 53 54  -8
53 51 53 52  -1
53 54 53 55  -8
53 55 53 56  -2
