17 18 18 19  2
17 17 18 18  -2
17 17 17 18  2
18 18 18 19  -3
18 18 19 19  1
18 19 19 20  -1
19 19 19 20  1
20 21 21 22  1
20 20 21 21  -1
20 20 20 21  1
21 21 21 22  -1
35 36 36 36  -1
35 36 36 37  1
36 36 37 36  -1
36 37 37 37  1
37 38 38 38  -22
37 38 38 39  22
37 36 38 36  -1
37 37 38 37  1
38 38 39 38  -22
38 39 39 39  -328
38 39 39 40  350
38 36 39 36  -1
38 37 39 37  1
39 38 40 38  -22
39 39 40 39  -328
39 36 40 36  -1
39 40 40 40  -5
39 40 40 41  355
39 37 40 38  1
40 38 41 39  -21
40 39 41 39  -328
40 40 41 40  -5
40 36 41 36  -1
40 41 41 42  365
40 41 41 41  -10
41 42 42 42  -11
41 42 42 43  376
41 39 42 39  7
41 39 42 40  -356
41 40 42 40  -5
41 36 42 37  -1
41 41 42 41  -10
42 42 43 42  -11
42 39 43 39  7
42 40 43 41  -361
42 37 43 38  -1
42 43 43 43  -5
42 43 43 44  381
42 41 43 41  -10
43 42 44 42  -11
43 38 44 39  -1
43 39 44 39  7
43 43 44 43  -5
43 41 44 42  -371
43 44 44 45  386
43 44 44 44  -5
44 42 45 42  -1
44 42 45 43  -381
44 39 45 40  6
44 45 45 46  312
44 45 45 45  74
44 43 45 43  -5
44 44 45 44  -5
45 40 46 41  6
45 48 45 49  -2
45 47 46 47  1
45 47 45 48  -2
45 42 46 42  -1
45 46 46 46  11
45 46 46 47  302
45 46 45 47  -1
45 49 46 50  -2
45 45 46 46  5
45 45 46 45  69
45 43 46 43  3
45 43 46 44  -389
45 44 46 44  -5
46 50 47 51  -2
46 41 47 42  6
46 48 46 49  -1
46 48 47 48  -2
46 47 46 48  -3
46 47 47 48  255
46 47 47 47  51
46 42 47 42  -1
46 46 47 46  9
46 46 47 47  5
46 49 47 50  3
46 49 47 49  -4
46 45 46 46  -2
46 45 47 45  69
46 43 47 43  -1
46 43 47 44  4
46 44 46 45  -2
46 44 47 45  -391
46 44 47 44  -1
47 50 47 51  -2
47 50 48 50  22
47 50 48 51  10
47 51 48 51  -4
47 48 48 49  -136
47 48 48 48  338
47 48 47 49  52
47 47 48 48  4
47 47 48 47  51
47 47 47 48  1
47 42 48 43  5
47 49 48 49  21
47 49 47 50  27
47 46 48 46  9
47 45 48 46  -415
47 45 48 45  94
47 43 48 43  -1
47 44 47 45  1
47 44 48 45  5
47 44 48 44  -3
48 50 49 50  21
48 50 48 51  -5
48 51 49 51  1
48 48 49 49  12
48 48 49 48  330
48 47 49 47  50
48 47 49 48  1
48 49 49 50  -124
48 49 49 49  15
48 49 48 50  -6
48 46 49 46  1
48 46 49 47  -406
48 45 49 46  101
48 45 49 45  -3
48 45 48 46  1
48 43 49 44  4
48 44 49 44  -3
49 50 50 50  18
49 50 50 51  -147
49 50 49 51  1
49 53 50 53  -1
49 51 50 51  3
49 51 49 52  -1
49 47 50 48  -376
49 47 50 47  45
49 47 49 48  -22
49 48 50 48  331
49 48 49 49  -22
49 52 49 53  -1
49 46 50 47  101
49 46 49 47  3
49 49 50 50  14
49 49 50 49  16
49 49 49 50  -25
49 45 50 45  -3
49 45 49 46  2
49 44 50 44  -1
49 44 49 45  2
50 50 51 50  22
50 50 51 51  10
50 53 51 53  -1
50 51 50 52  1
50 51 51 52  2
50 51 51 51  -147
50 48 51 49  -59
50 48 51 48  60
50 47 50 48  46
50 47 51 47  -1
50 47 51 48  103
50 52 51 53  1
50 49 51 49  16
50 46 50 47  2
50 45 50 46  2
50 45 51 45  -5
50 44 51 45  -1
51 50 52 50  22
51 53 52 53  1
51 51 52 51  -137
51 48 52 49  97
51 48 51 49  67
51 47 52 47  -1
51 47 51 48  1
51 52 52 52  -7
51 52 52 53  8
51 52 51 53  1
51 49 52 50  25
51 49 52 49  -1
51 46 52 47  -1
51 46 51 47  1
51 45 52 46  -4
51 45 52 45  -2
52 50 53 51  134
52 53 53 53  8
52 53 53 54  1
52 51 53 51  -137
52 48 52 49  -8
52 47 52 48  -8
52 47 53 48  1
52 52 53 52  -7
52 49 52 50  87
52 49 53 50  1
52 46 52 47  -5
52 45 52 46  -1
52 45 53 45  -1
53 52 54 52  -7
53 50 53 51  1
53 53 54 53  8
53 46 53 47  -1
53 45 53 46  -1
53 51 54 52  -2
53 47 53 48  -1
53 54 54 54  1
54 52 55 53  -9
54 53 55 53  8
54 54 55 54  1
55 53 56 54  -1
55 54 56 54  1
