36 36 37 36  -1
36 36 37 37  1
37 38 38 38  -1
37 38 38 39  6
37 36 38 36  -1
37 37 38 38  -4
37 37 37 38  5
38 38 38 39  1
38 38 39 38  -22
38 38 39 39  16
38 39 39 39  -5
38 39 39 40  12
38 36 39 36  -1
38 37 39 38  -1
38 37 39 37  1
39 38 40 38  -22
39 38 40 39  -1
39 39 39 40  3
39 39 40 39  -331
39 39 40 40  339
39 36 40 36  -1
39 40 40 40  1
39 40 40 41  14
39 37 40 37  1
40 38 41 38  -12
40 38 41 39  -10
40 39 40 40  -1
40 39 41 39  -330
40 39 41 40  -1
40 36 41 36  -1
40 40 40 41  164
40 40 41 40  -3
40 40 41 41  178
40 37 41 38  1
40 43 40 44  1
40 43 41 43  -1
40 41 41 42  185
40 41 41 41  -7
40 44 41 45  1
41 39 42 39  11
41 39 42 40  -360
41 39 41 40  -2
41 40 42 40  -3
41 40 41 41  -3
41 36 42 37  -1
41 41 42 42  3
41 41 42 41  -9
41 41 41 42  174
41 42 42 42  -12
41 42 42 43  374
41 42 41 43  -3
41 38 41 39  -11
41 45 42 46  1
41 45 42 45  -3
41 43 42 43  -1
41 43 41 44  -3
41 44 41 45  -3
42 39 42 40  3
42 39 43 39  7
42 39 43 40  1
42 40 43 41  -360
42 41 43 41  -9
42 42 43 42  -12
42 42 43 43  3
42 46 43 47  1
42 45 43 45  -3
42 37 43 38  -1
42 43 43 43  -4
42 43 43 44  377
43 39 44 39  7
43 40 44 41  1
43 41 44 42  -369
43 47 44 48  1
43 42 44 42  -12
43 38 44 39  -1
43 45 44 45  -3
43 43 44 43  -4
43 43 44 44  3
43 44 44 45  381
43 44 44 44  -4
44 42 45 42  -2
44 42 45 43  -379
44 39 45 40  6
44 45 45 46  304
44 45 45 45  74
44 43 45 43  -4
44 44 45 45  4
44 44 45 44  -5
44 41 45 42  1
44 48 45 49  1
45 42 46 42  -2
45 42 46 43  1
45 40 46 41  6
45 46 46 46  15
45 46 46 47  289
45 49 46 50  1
45 45 46 46  7
45 45 46 45  71
45 43 46 43  8
45 43 46 44  -391
45 44 46 45  1
45 44 46 44  -6
46 50 46 51  -2
46 50 47 50  3
46 50 47 51  -1
46 51 47 51  -2
46 41 47 42  6
46 48 46 49  -1
46 48 47 49  -2
46 48 47 48  -1
46 47 46 48  -4
46 47 47 48  237
46 47 47 47  55
46 42 47 42  -2
46 49 46 50  -1
46 46 46 47  -1
46 46 47 46  14
46 46 47 47  7
46 45 46 46  -2
46 45 47 46  2
46 45 47 45  68
46 43 47 43  3
46 43 47 44  6
46 44 46 45  -4
46 44 47 45  -389
46 44 47 44  -4
47 50 47 51  -5
47 50 48 50  3
47 51 48 51  -8
47 48 47 49  -6
47 48 48 49  -271
47 48 48 48  503
47 47 47 48  -10
47 47 48 47  53
47 47 48 48  8
47 42 48 42  -2
47 42 48 43  6
47 46 47 47  -11
47 46 48 46  15
47 46 48 47  11
47 49 47 50  -5
47 49 48 50  1
47 49 48 49  -4
47 45 47 46  -1
47 45 48 46  -469
47 45 48 45  149
47 43 48 43  -3
47 43 48 44  6
47 44 48 45  3
47 44 48 44  -1
48 50 49 50  2
48 50 49 51  1
48 51 49 51  -8
48 48 49 49  -1
48 48 49 48  514
48 48 48 49  -1
48 47 49 48  15
48 47 49 47  47
48 47 48 48  1
48 42 49 42  -2
48 49 49 50  -100
48 49 49 49  -175
48 49 48 50  -1
48 46 49 46  -137
48 46 49 47  -316
48 46 48 47  -1
48 45 49 46  1
48 45 49 45  151
48 43 49 44  3
48 44 49 45  8
48 44 49 44  -3
49 50 50 50  -101
49 50 50 51  1
49 50 49 51  2
49 51 50 51  -5
49 48 50 49  371
49 48 50 48  159
49 47 50 47  -226
49 47 50 48  -44
49 47 49 48  1
49 42 50 43  -2
49 49 50 49  -176
49 46 50 46  -137
49 46 50 47  1
49 45 50 46  316
49 45 50 45  -157
49 44 50 45  3
49 44 50 44  -3
50 50 51 50  -101
50 51 51 52  -3
50 51 51 51  -1
50 47 51 47  -223
50 47 51 48  -2
50 48 51 49  -208
50 48 51 48  323
50 49 51 50  453
50 49 51 49  -258
50 46 51 46  -237
50 46 51 47  416
50 45 51 46  -152
50 45 51 45  -2
50 43 51 44  -2
50 44 51 44  -3
51 50 52 50  -97
51 50 52 51  448
51 51 52 51  -1
51 47 52 47  -208
51 47 52 48  401
51 48 52 48  321
51 52 52 52  -2
51 52 52 53  -1
51 49 52 50  -478
51 49 52 49  13
51 49 51 50  -1
51 46 52 47  -389
51 45 52 45  -2
51 44 52 45  -3
51 44 52 44  -2
52 50 53 50  14
52 50 53 51  -589
52 53 53 53  -1
52 51 53 52  16
52 51 53 51  431
52 47 53 48  -598
52 47 53 47  1
52 48 53 49  440
52 48 53 48  282
52 52 53 52  -2
52 49 53 50  4
52 49 53 49  9
52 45 53 46  -3
52 45 53 45  -2
52 44 53 45  -2
53 50 53 51  1
53 50 54 50  15
53 50 54 51  3
53 53 54 53  -1
53 51 54 52  -11
53 51 54 51  -146
53 48 54 49  -314
53 47 53 48  2
53 52 54 52  7
53 52 54 53  7
53 46 53 47  1
53 46 54 47  -3
53 49 53 50  1
53 49 54 50  242
53 49 54 49  206
53 45 53 46  1
53 45 54 46  -5
54 50 54 51  -1
54 50 55 50  254
54 50 55 51  3
54 53 55 53  6
54 51 55 51  -144
54 47 55 48  -4
54 47 54 48  1
54 48 55 48  1
54 52 55 52  -7
54 52 55 53  3
54 49 55 50  -106
54 49 55 49  -1
54 49 54 50  -1
54 46 55 47  -5
55 52 56 52  -7
55 50 56 50  -1
55 50 56 51  139
55 53 56 53  8
55 53 56 54  1
55 49 55 50  -10
55 51 56 51  -141
55 48 55 49  -9
55 47 56 48  1
55 47 55 48  -6
56 52 57 52  -7
56 53 57 53  8
56 49 56 50  1
56 51 57 52  -2
56 54 57 54  1
56 48 56 49  1
57 52 58 53  -9
57 53 58 53  8
57 54 58 54  1
58 53 59 54  -1
58 54 59 54  1
