0 1 1 2 146
0 1 0 2 7
0 0 1 1 813
0 0 0 1 153
0 2 1 3 7
1 1 1 2 156
1 1 2 2 657
1 3 2 4 19
1 2 1 3 12
1 2 2 3 290
2 4 3 5 40
2 3 3 4 421
2 3 2 4 21
2 2 3 3 505
2 2 2 3 152
3 4 4 5 502
3 4 3 5 90
3 3 4 4 333
3 3 4 3 1
3 3 3 4 171
3 5 4 6 130
4 6 5 7 354
4 4 4 5 159
4 4 5 4 1
4 4 5 5 173
4 3 5 3 1
4 5 4 6 224
4 5 5 6 437
5 6 6 7 248
5 6 5 7 348
5 4 6 4 1
5 3 6 4 1
5 7 6 8 702
5 5 6 6 14
5 5 5 6 159
6 6 6 7 11
6 6 7 7 4
6 8 6 9 1
6 8 7 9 845
6 4 6 5 1
6 4 7 5 1
6 7 6 8 144
6 7 7 8 115
6 9 7 10 1
6 5 6 6 1
7 8 8 9 77
7 8 7 9 40
7 7 8 8 2
7 7 7 8 2
7 10 8 11 1
7 9 8 10 885
7 5 8 6 1
8 6 8 7 1
8 8 8 9 1
8 8 9 9 1
8 11 9 12 1
8 7 9 8 1
8 9 8 10 33
8 9 9 10 45
8 10 9 11 918
9 8 9 9 1
9 11 10 12 949
9 9 10 10 1
9 9 9 10 1
9 10 10 11 15
9 10 9 11 31
9 12 10 13 1
10 11 11 12 7
10 11 10 12 9
10 10 10 11 1
10 13 11 14 1
10 12 11 13 958
11 13 12 14 961
11 12 11 13 3
11 12 12 13 4
11 14 12 15 1
12 13 13 14 1
12 13 12 14 3
12 15 13 16 1
12 14 13 15 964
13 16 14 17 2
13 14 13 15 1
13 15 13 16 1
13 15 14 16 964
14 16 15 17 964
14 17 15 18 2
15 18 16 19 2
15 17 16 18 964
16 18 17 19 964
16 19 17 20 2
17 19 18 20 964
17 20 18 21 2
18 21 19 22 2
18 20 19 21 964
19 22 20 23 2
19 21 20 22 964
20 22 21 23 964
20 23 21 24 2
21 24 22 25 2
21 23 22 24 964
22 25 23 26 2
22 24 23 25 964
23 25 24 26 964
23 26 24 27 2
24 27 25 28 2
24 26 25 27 964
25 27 26 28 964
25 28 26 29 2
26 28 27 29 964
26 29 27 30 2
27 30 28 31 3
27 29 27 30 1
27 29 28 30 963
28 30 29 31 963
28 31 29 32 3
29 32 30 33 5
29 31 30 32 961
29 31 29 32 2
30 33 31 34 6
30 32 30 33 1
30 32 31 33 960
31 33 32 34 947
31 33 31 34 13
31 34 32 35 19
32 35 33 36 25
32 34 32 35 6
32 34 33 35 941
33 35 33 36 10
33 35 34 36 931
33 36 34 37 35
34 36 35 37 919
34 36 34 37 12
34 37 35 38 47
35 38 36 39 60
35 37 35 38 13
35 37 36 38 906
36 38 36 39 79
36 38 37 39 827
36 39 37 40 139
37 39 38 40 767
37 39 37 40 60
37 40 38 41 199
38 40 38 41 256
38 40 39 41 511
38 41 39 42 455
39 42 40 43 656
39 41 39 42 201
39 41 40 42 310
40 42 40 43 262
40 42 41 43 48
40 43 41 44 918
41 43 42 44 14
41 43 41 44 34
41 44 42 45 952
42 45 43 46 956
42 44 42 45 4
42 44 43 45 10
43 46 44 47 964
43 45 43 46 8
43 45 44 46 2
44 46 45 47 2
44 47 45 48 964
45 47 46 48 2
45 48 46 49 964
46 50 47 51 1
46 49 46 50 1
46 49 47 50 964
46 48 46 49 1
46 48 47 49 1
47 50 48 51 964
47 49 48 50 1
47 51 48 52 1
48 52 49 53 1
48 50 49 51 1
48 51 49 52 964
49 52 50 53 964
49 53 50 54 1
49 51 50 52 1
50 52 51 53 1
50 53 51 54 964
50 54 51 55 1
51 53 52 54 1
51 55 52 56 3
51 54 52 55 962
51 54 51 55 2
52 56 53 57 3
52 54 53 55 1
52 55 53 56 962
53 57 54 58 5
53 56 53 57 2
53 56 54 57 960
53 55 54 56 1
54 56 55 57 1
54 57 54 58 2
54 57 55 58 958
54 58 55 59 7
55 59 56 60 9
55 59 55 60 3
55 60 56 61 1
55 60 55 61 2
55 63 56 64 1
55 57 56 58 1
55 61 56 62 1
55 61 55 62 1
55 62 55 63 1
55 58 56 59 953
55 58 55 59 5
56 59 56 60 39
56 59 57 60 914
56 60 56 61 12
56 60 57 61 36
56 63 56 64 5
56 64 57 65 6
56 61 57 62 5
56 61 56 62 8
56 58 57 59 1
56 62 57 63 4
56 62 56 63 5
57 59 58 60 1
57 60 57 61 39
57 60 58 60 1
57 60 58 61 874
57 63 57 64 5
57 63 58 64 7
57 64 57 65 5
57 61 57 62 19
57 61 58 62 56
57 65 58 66 11
57 62 57 63 8
57 62 58 63 16
58 60 59 60 1
58 60 59 61 1
58 63 59 64 24
58 63 58 64 10
58 64 59 65 13
58 64 58 65 4
58 66 59 67 15
58 61 59 61 3
58 61 59 62 827
58 61 58 62 44
58 65 58 66 4
58 62 59 63 81
58 62 59 62 1
58 62 58 63 18
59 60 60 61 1
59 67 60 68 18
59 63 59 64 12
59 63 60 64 99
59 64 59 65 4
59 64 60 65 32
59 61 60 61 2
59 61 60 62 2
59 66 59 67 3
59 65 59 66 3
59 65 60 66 14
59 62 59 63 30
59 62 60 63 796
59 62 60 62 2
60 63 60 64 48
60 63 61 63 1
60 63 61 64 747
60 64 60 65 22
60 64 61 65 125
60 66 61 67 20
60 61 61 62 3
60 68 61 69 18
60 62 61 63 3
60 62 61 62 1
60 65 60 66 6
60 65 61 66 48
61 69 62 70 18
61 67 62 68 27
61 63 62 63 1
61 63 62 64 3
61 64 61 65 45
61 64 62 65 702
61 66 61 67 7
61 66 62 67 53
61 62 62 63 4
61 65 61 66 12
61 65 62 66 157
61 65 62 65 1
62 67 63 68 56
62 67 62 68 8
62 63 63 64 4
62 63 62 64 1
62 64 63 65 4
62 70 63 71 18
62 66 63 67 182
62 66 62 67 11
62 68 63 69 35
62 65 63 66 665
62 65 63 65 2
62 65 62 66 36
63 69 63 70 1
63 69 64 70 51
63 67 63 68 37
63 67 64 68 201
63 70 63 71 1
63 72 64 73 1
63 64 64 65 4
63 71 63 72 1
63 71 64 72 18
63 66 63 67 56
63 66 64 67 609
63 66 64 66 1
63 68 63 69 17
63 68 64 69 76
63 65 63 66 1
63 65 64 66 4
63 65 64 65 1
64 69 64 70 43
64 69 65 70 58
64 67 64 68 142
64 67 65 68 467
64 72 64 73 4
64 72 65 73 14
64 70 65 71 94
64 73 65 74 5
64 66 65 67 5
64 66 65 66 1
64 68 64 69 25
64 68 65 69 318
64 65 64 66 1
64 65 65 66 4
65 74 66 75 6
65 67 66 68 7
65 71 66 72 106
65 71 65 72 1
65 70 66 71 61
65 70 65 71 13
65 68 66 69 438
65 68 66 68 1
65 68 65 69 28
65 69 66 69 1
65 69 66 70 329
65 69 65 70 16
65 72 65 73 1
65 73 66 74 14
65 73 65 74 1
65 66 66 67 3
65 66 65 67 2
66 74 67 75 12
66 74 66 75 2
66 67 67 68 1
66 67 66 68 2
66 75 67 76 8
66 71 67 72 64
66 71 66 72 15
66 70 67 71 408
66 70 66 71 18
66 68 67 69 8
66 68 67 68 1
66 68 66 69 1
66 69 67 69 1
66 69 67 70 342
66 69 66 70 97
66 72 67 73 121
67 69 68 70 9
67 75 67 76 3
67 75 68 76 9
67 70 67 71 73
67 70 68 71 269
67 71 67 72 23
67 71 68 72 458
67 72 67 73 21
67 72 68 73 66
67 73 68 74 142
67 68 68 69 2
67 76 68 77 11
68 69 68 70 2
68 74 69 75 167
68 74 68 75 2
68 77 69 78 17
68 75 68 76 2
68 70 69 71 11
68 71 69 71 1
68 71 69 72 166
68 71 68 72 102
68 72 69 73 540
68 72 68 73 20
68 73 69 74 59
68 73 68 74 27
68 76 69 77 5
68 76 68 77 6
69 74 69 75 34
69 74 70 75 53
69 77 69 78 2
69 77 70 78 3
69 71 70 72 12
69 75 70 76 201
69 72 69 73 94
69 72 70 73 72
69 73 69 74 28
69 73 70 74 606
69 78 70 79 19
70 74 70 75 28
70 74 71 75 612
70 72 71 73 12
70 75 70 76 20
70 75 71 76 61
70 73 70 74 34
70 73 71 74 38
70 76 71 77 221
70 78 70 79 1
70 78 71 79 2
70 79 71 80 20
71 74 71 75 14
71 74 72 75 24
71 77 72 78 245
71 75 71 76 23
71 75 72 75 1
71 75 72 76 602
71 73 72 74 12
71 80 72 81 21
71 76 71 77 24
71 76 72 77 60
71 79 72 80 1
71 79 71 80 1
72 74 73 75 12
72 75 72 76 10
72 75 73 75 1
72 75 73 76 14
72 80 73 81 2
72 78 72 79 1
72 78 73 79 268
72 79 72 80 1
72 81 73 82 21
72 77 72 78 24
72 77 73 78 68
72 76 72 77 32
72 76 73 77 577
72 76 73 76 3
73 81 74 82 2
73 77 74 78 560
73 77 73 78 20
73 75 74 76 13
73 80 74 81 1
73 76 74 77 12
73 76 74 76 2
73 76 73 77 3
73 78 74 79 67
73 78 73 79 21
73 82 74 83 21
73 79 74 80 288
73 79 73 80 1
74 83 75 84 21
74 80 75 81 308
74 78 74 79 22
74 78 75 78 1
74 78 75 79 540
74 79 74 80 20
74 79 75 80 69
74 81 75 82 1
74 77 74 78 3
74 77 75 78 9
74 76 75 77 15
74 82 75 83 2
75 84 76 85 22
75 81 76 82 328
75 77 76 78 15
75 83 75 84 1
75 83 76 83 1
75 80 75 81 20
75 80 76 81 72
75 78 75 79 1
75 78 76 78 1
75 78 76 79 8
75 82 76 83 1
75 79 75 80 23
75 79 76 80 518
76 81 77 82 70
76 81 76 82 16
76 85 77 86 22
76 83 77 84 1
76 83 77 83 1
76 80 77 81 504
76 80 77 80 1
76 80 76 81 14
76 78 77 79 16
76 82 77 83 344
76 79 77 80 7
76 79 76 80 1
77 84 78 85 1
77 81 77 82 20
77 81 78 82 484
77 83 78 84 366
77 80 78 81 7
77 80 78 80 1
77 86 78 87 22
77 79 78 80 16
77 82 77 83 21
77 82 78 83 69
78 81 79 82 7
78 84 79 85 377
78 87 79 88 22
78 85 79 86 1
78 83 78 84 11
78 83 79 84 67
78 80 79 81 17
78 82 78 83 9
78 82 79 83 475
79 81 80 82 17
79 84 80 85 67
79 84 79 85 10
79 88 80 89 22
79 85 80 86 387
79 83 80 84 466
79 83 79 84 10
79 86 80 87 1
79 82 80 83 6
79 82 79 83 1
80 84 81 85 457
80 84 80 85 10
80 87 80 88 1
80 90 81 91 1
80 88 80 89 1
80 85 81 86 65
80 85 80 86 12
80 83 81 84 5
80 83 80 84 1
80 89 81 90 21
80 89 81 89 1
80 89 80 90 1
80 86 81 87 399
80 82 81 83 17
81 84 81 85 1
81 84 82 85 4
81 87 82 88 412
81 90 82 91 21
81 85 81 86 13
81 85 82 86 445
81 83 82 84 17
81 89 82 89 1
81 91 82 92 1
81 86 81 87 13
81 86 82 87 65
82 92 83 93 1
82 84 83 85 17
82 87 83 88 67
82 87 82 88 24
82 85 83 86 3
82 85 82 86 1
82 88 83 89 436
82 89 83 89 1
82 91 83 92 21
82 86 83 87 420
82 86 82 87 26
83 92 84 93 21
83 87 84 88 414
83 87 83 88 8
83 93 84 94 1
83 85 84 86 17
83 88 84 89 68
83 88 83 89 7
83 89 84 90 444
83 86 84 87 1
83 86 83 87 2
84 87 84 88 2
84 93 85 94 21
84 90 85 91 450
84 88 84 89 7
84 88 85 89 409
84 94 85 95 1
84 89 84 90 6
84 89 85 90 69
84 86 84 87 1
84 86 85 87 16
85 87 86 88 16
85 90 85 91 3
85 90 86 91 69
85 95 86 96 1
85 94 86 95 21
85 89 85 90 3
85 89 86 90 406
85 91 86 92 453
86 92 87 93 459
86 88 87 89 16
86 90 87 91 401
86 90 86 91 5
86 95 87 96 20
86 95 86 96 1
86 91 87 92 68
86 91 86 92 6
86 96 87 97 2
87 92 87 93 4
87 92 88 93 73
87 93 88 94 463
87 89 88 90 16
87 97 88 98 2
87 91 87 92 9
87 91 88 92 392
87 96 88 97 20
88 92 88 93 12
88 92 89 93 381
88 98 89 99 2
88 90 88 91 1
88 90 89 91 15
88 93 88 94 9
88 93 89 94 76
88 97 89 98 20
88 94 89 95 472
88 91 88 92 1
89 99 90 100 2
89 98 90 99 20
89 93 90 94 367
89 93 89 94 14
89 95 90 96 478
89 94 90 95 84
89 94 89 95 6
89 91 90 92 15
90 92 91 93 15
90 99 91 100 20
90 95 90 96 4
90 95 91 96 87
90 94 90 95 7
90 94 91 95 360
90 100 91 101 2
90 96 91 97 482
91 93 92 94 15
91 95 92 96 351
91 95 91 96 9
91 101 92 102 2
91 97 92 98 489
91 100 92 101 20
91 96 92 97 89
91 96 91 97 7
92 98 93 99 492
92 94 93 95 15
92 102 93 103 2
92 101 93 102 20
92 97 92 98 3
92 97 93 98 92
92 96 92 97 6
92 96 93 97 345
93 103 94 104 2
93 99 94 100 499
93 98 93 99 7
93 98 94 99 93
93 95 94 96 15
93 102 94 103 20
93 97 93 98 8
93 97 94 98 337
94 104 95 105 2
94 103 95 104 20
94 98 95 99 325
94 98 94 99 12
94 99 95 100 96
94 99 94 100 9
94 96 95 97 15
94 100 95 101 508
95 104 96 105 20
95 99 95 100 4
95 99 96 100 321
95 97 96 98 15
95 101 96 102 512
95 105 96 106 2
95 100 95 101 4
95 100 96 101 96
96 98 97 99 15
96 106 97 107 2
96 102 97 103 516
96 101 97 102 96
96 101 96 102 4
96 105 97 106 19
96 105 97 105 1
96 100 97 101 317
96 100 96 101 4
97 99 98 100 14
97 99 97 100 1
97 103 98 104 523
97 106 98 107 19
97 101 98 102 312
97 101 97 102 6
97 102 98 103 95
97 102 97 103 7
97 100 97 101 1
97 105 98 105 1
97 107 98 108 2
98 104 99 105 544
98 103 98 104 21
98 103 99 104 95
98 101 98 102 1
98 102 98 103 21
98 102 99 103 292
98 108 99 109 2
98 100 98 101 1
98 100 99 101 13
98 105 99 105 1
98 107 99 108 19
99 109 100 110 2
99 104 99 105 20
99 104 100 105 95
99 103 99 104 20
99 103 100 104 272
99 101 100 102 13
99 108 100 109 19
99 105 100 106 565
100 109 101 110 19
100 104 101 105 244
100 104 100 105 31
100 103 100 104 3
100 106 101 107 596
100 102 101 103 10
100 102 100 103 3
100 105 101 106 95
100 105 100 106 31
100 110 101 111 2
101 104 101 105 2
101 103 102 104 8
101 103 101 104 2
101 106 101 107 10
101 106 102 107 95
101 111 102 112 2
101 105 101 106 10
101 105 102 106 236
101 110 102 111 19
101 107 102 108 606
102 104 103 105 8
102 112 103 113 2
102 106 103 107 223
102 106 102 107 13
102 111 103 112 18
102 111 103 111 1
102 108 103 109 620
102 107 103 108 94
102 107 102 108 14
103 112 104 113 18
103 109 104 110 629
103 111 104 111 1
103 108 104 109 93
103 108 103 109 9
103 105 104 106 8
103 113 104 114 2
103 107 104 108 215
103 107 103 108 8
104 109 104 110 33
104 109 105 110 92
104 106 104 107 2
104 106 105 107 6
104 114 105 115 2
104 111 105 111 1
104 108 104 109 32
104 108 105 109 185
104 107 104 108 2
104 113 105 114 18
104 110 105 111 662
105 109 106 110 161
105 109 105 110 25
105 108 105 109 1
105 114 106 115 18
105 111 106 112 689
105 115 106 116 2
105 107 106 108 5
105 107 105 108 1
105 110 106 111 91
105 110 105 111 26
106 109 106 110 1
106 112 107 113 708
106 116 107 117 2
106 108 106 109 1
106 108 107 109 4
106 111 106 112 19
106 111 107 112 94
106 115 107 116 18
106 110 106 111 22
106 110 107 111 140
107 109 108 110 4
107 112 108 113 95
107 112 107 113 19
107 116 108 116 2
107 116 108 117 16
107 117 108 118 2
107 111 108 112 120
107 111 107 112 20
107 113 108 114 727
108 112 109 113 113
108 112 108 113 7
108 116 109 116 2
108 118 109 119 2
108 117 109 118 15
108 117 109 117 1
108 114 109 115 735
108 110 109 111 4
108 113 109 114 94
108 113 108 114 8
109 119 110 119 1
109 119 110 120 1
109 116 110 116 2
109 118 110 119 15
109 117 110 117 1
109 111 110 112 4
109 114 109 115 14
109 114 110 115 94
109 115 110 116 749
109 113 109 114 14
109 113 110 114 99
110 112 111 113 4
110 119 111 119 1
110 119 111 120 15
110 120 111 120 1
110 116 111 117 755
110 117 111 117 1
110 114 111 115 93
110 114 110 115 6
110 115 111 116 96
110 115 110 116 4
111 119 112 119 1
111 120 112 120 2
111 120 112 121 14
111 116 112 117 91
111 116 111 117 11
111 117 112 118 767
111 115 112 116 87
111 115 111 116 6
111 113 112 114 4
112 119 113 119 1
112 120 113 120 2
112 116 112 117 7
112 116 113 117 80
112 118 113 119 782
112 114 113 115 4
112 117 112 118 15
112 117 113 118 83
112 121 113 122 13
112 121 113 121 1
113 119 114 120 815
113 120 114 120 2
113 116 113 117 3
113 118 114 119 68
113 118 113 119 32
113 122 114 123 9
113 122 114 122 4
113 117 114 118 66
113 117 113 118 17
113 115 114 116 1
113 115 113 116 3
113 121 114 121 1
114 123 115 123 3
114 123 115 124 6
114 119 114 120 39
114 119 115 120 38
114 116 115 117 1
114 120 115 121 856
114 118 114 119 9
114 118 115 119 57
114 122 115 122 4
114 121 115 121 1
115 123 116 123 3
115 124 116 124 6
115 119 116 120 52
115 119 115 120 5
115 120 116 121 23
115 120 115 121 20
115 122 116 122 4
115 117 116 118 1
115 121 116 122 877
116 123 117 123 3
116 119 116 120 1
116 124 117 124 6
116 120 116 121 8
116 120 117 121 45
116 118 116 119 1
116 122 117 123 889
116 121 116 122 8
116 121 117 122 23
117 124 118 124 6
117 123 118 124 909
117 122 118 123 18
117 122 117 123 17
117 121 118 122 33
117 121 117 122 12
118 123 119 124 11
118 123 118 124 17
118 124 119 125 932
118 122 119 123 23
118 122 118 123 10
119 123 119 124 8
119 123 120 124 15
119 124 119 125 14
119 124 120 125 5
119 125 120 126 946
120 124 120 125 15
120 125 120 126 20
