0 1 1 2 24
0 0 1 1 935
0 0 1 0 7
0 0 0 1 24
1 1 1 2 22
1 1 2 1 17
1 1 2 2 896
1 0 2 1 7
1 2 2 3 24
1 2 2 2 22
2 1 3 2 24
2 3 3 3 50
2 2 3 3 471
2 2 3 2 421
2 2 2 3 26
3 4 4 4 1
3 4 4 5 3
3 3 4 4 212
3 3 4 3 366
3 3 3 4 4
3 2 4 3 383
3 2 4 2 1
3 2 3 3 61
4 4 4 5 7
4 4 5 4 6
4 4 5 5 480
4 3 4 4 280
4 3 5 4 468
4 3 5 3 1
4 2 5 2 1
4 5 5 6 1
4 5 5 5 9
5 6 6 6 1
5 4 6 5 96
5 4 5 5 378
5 3 6 3 1
5 2 6 3 1
5 5 6 6 866
5 5 6 5 1
6 6 6 7 1
6 6 7 6 1
6 6 7 7 933
6 4 6 5 1
6 3 6 4 1
6 3 7 4 1
6 7 7 8 1
6 5 6 6 68
6 5 7 6 30
7 8 8 9 1
7 6 8 7 17
7 6 7 7 14
7 4 8 5 1
7 7 8 8 947
8 8 9 9 957
8 7 8 8 10
8 7 9 8 7
8 9 9 10 1
8 5 9 6 1
9 6 9 7 1
9 8 9 9 3
9 8 10 9 5
9 7 9 8 1
9 10 10 11 1
9 9 10 10 960
10 11 11 12 1
10 9 11 10 1
10 9 10 10 4
10 10 11 11 964
11 11 12 12 964
11 10 12 11 1
11 12 12 13 1
12 11 13 12 1
12 13 13 14 1
12 12 13 13 964
13 13 13 14 1
13 13 14 14 964
13 12 13 13 1
13 14 14 15 2
14 15 15 16 2
14 14 15 15 964
15 16 16 17 2
15 15 16 16 964
16 16 17 17 964
16 17 17 18 2
17 18 18 19 3
17 17 18 18 963
17 17 17 18 1
18 18 19 19 963
18 19 19 20 3
19 19 20 20 963
19 20 20 21 3
20 21 21 22 4
20 20 21 21 962
20 20 20 21 1
21 22 22 23 4
21 21 22 22 962
22 22 22 23 7
22 22 23 23 955
22 23 23 24 11
23 25 24 26 2
23 24 24 25 25
23 24 23 25 2
23 23 24 24 939
23 23 23 24 16
24 25 25 26 354
24 24 25 25 610
24 24 24 25 329
24 26 25 27 2
25 27 26 28 2
25 25 25 26 299
25 25 26 26 311
25 26 26 27 653
26 27 27 28 953
26 28 27 29 2
26 26 27 27 11
26 26 26 27 300
27 27 27 28 10
27 27 28 28 1
27 28 27 29 1
27 28 28 29 962
27 29 28 30 3
28 28 28 29 1
28 30 29 31 3
28 29 29 30 963
29 30 30 31 961
29 30 29 31 2
29 31 30 32 5
30 32 31 33 6
30 31 30 32 1
30 31 31 32 960
31 33 32 34 19
31 32 32 33 947
31 32 31 33 13
32 33 32 34 6
32 33 33 34 941
32 34 33 35 25
33 35 34 36 35
33 34 33 35 10
33 34 34 35 931
34 35 35 36 919
34 35 34 36 12
34 36 35 37 47
35 36 35 37 13
35 36 36 37 906
35 37 36 38 60
36 38 37 39 139
36 37 36 38 79
36 37 37 38 827
37 38 38 39 767
37 38 37 39 60
37 39 38 40 199
38 39 38 40 256
38 39 39 40 511
38 40 39 41 455
39 40 39 41 201
39 40 40 41 310
39 41 40 42 656
40 42 41 43 918
40 41 40 42 262
40 41 41 42 48
41 42 42 43 14
41 42 41 43 34
41 43 42 44 952
42 43 42 44 4
42 43 43 44 10
42 44 43 45 956
43 45 44 46 964
43 44 43 45 8
43 44 44 45 2
44 46 45 47 964
44 45 45 46 2
45 46 46 47 2
45 47 46 48 964
46 49 47 50 1
46 47 46 48 1
46 47 47 48 1
46 48 46 49 1
46 48 47 49 964
47 50 48 51 1
47 49 48 50 964
47 48 48 49 1
48 50 49 51 964
48 49 49 50 1
48 51 49 52 1
49 52 50 53 1
49 50 50 51 1
49 51 50 52 964
50 52 51 53 964
50 53 51 54 1
50 51 51 52 1
51 52 52 53 1
51 53 52 54 962
51 53 51 54 2
51 54 52 55 3
52 53 53 54 1
52 55 53 56 3
52 54 53 55 962
53 56 54 57 5
53 54 54 55 1
53 55 53 56 2
53 55 54 56 960
54 57 55 58 7
54 56 54 57 2
54 56 55 57 958
54 55 55 56 1
55 56 56 57 1
55 57 56 58 955
55 57 55 58 3
55 58 56 59 10
56 59 57 60 39
56 57 57 58 1
56 58 56 59 29
56 58 57 59 925
56 58 57 58 1
57 59 57 60 18
57 59 58 60 907
57 60 57 61 2
57 60 58 61 55
57 61 57 62 1
57 61 58 62 1
57 62 58 63 1
57 58 58 59 2
58 59 59 60 2
58 60 59 61 878
58 60 58 61 29
58 63 59 64 1
58 61 59 62 84
58 62 59 63 1
59 60 60 61 2
59 63 60 64 1
59 64 60 65 1
59 61 59 62 20
59 61 60 61 3
59 61 60 62 855
59 62 60 63 104
60 63 60 64 2
60 63 61 64 133
60 64 60 65 2
60 64 61 65 1
60 61 61 61 3
60 61 61 62 2
60 65 61 66 3
60 62 60 63 31
60 62 61 63 824
61 63 61 64 39
61 63 62 64 785
61 64 62 65 172
61 66 62 67 2
61 66 62 66 1
61 61 62 62 3
61 62 62 63 2
61 65 62 66 1
62 67 63 67 1
62 67 63 68 1
62 63 63 64 2
62 64 63 64 1
62 64 63 65 750
62 64 62 65 34
62 66 63 67 1
62 66 63 66 1
62 62 63 63 3
62 65 63 66 206
63 67 63 68 1
63 67 64 67 1
63 67 64 68 1
63 63 64 64 3
63 64 63 65 1
63 64 64 64 1
63 64 64 65 1
63 66 63 67 1
63 66 64 67 240
63 68 64 69 2
63 65 63 66 34
63 65 64 66 717
64 69 65 70 2
64 67 65 68 409
64 64 64 65 1
64 64 65 65 3
64 66 64 67 168
64 66 65 67 549
64 66 65 66 1
64 68 65 68 1
64 65 64 66 1
64 65 65 66 1
65 67 66 68 525
65 67 65 68 24
65 70 66 70 1
65 70 66 71 1
65 66 66 67 1
65 66 66 66 1
65 68 66 69 434
65 65 66 66 3
66 69 67 70 543
66 67 67 68 1
66 67 66 68 1
66 70 67 70 1
66 71 67 72 1
66 66 67 67 3
66 66 66 67 1
66 68 67 69 416
66 68 67 68 1
66 68 66 69 109
67 69 67 70 79
67 69 68 69 1
67 69 68 70 336
67 67 68 68 3
67 72 68 73 1
67 70 68 71 623
67 68 68 69 1
67 68 68 68 1
68 69 69 70 2
68 69 68 70 2
68 72 69 73 1
68 70 69 71 221
68 70 68 71 117
68 71 69 72 739
68 71 68 72 1
68 73 69 74 1
68 68 69 69 2
68 68 68 69 2
69 69 69 70 1
69 69 70 70 1
69 74 70 75 1
69 70 69 71 1
69 70 70 71 2
69 71 69 72 121
69 71 70 72 101
69 72 69 73 1
69 72 70 73 859
69 73 70 74 2
70 74 71 75 2
70 70 71 71 1
70 75 71 76 1
70 71 70 72 2
70 72 70 73 44
70 72 71 73 59
70 73 71 74 903
71 74 72 75 922
71 71 72 72 1
71 75 72 76 2
71 73 71 74 19
71 73 72 74 40
71 76 72 77 1
72 74 72 75 17
72 74 73 75 23
72 77 73 77 1
72 77 73 78 1
72 72 73 73 1
72 75 72 76 1
72 75 73 76 938
72 76 72 77 1
72 76 73 77 2
73 77 74 77 2
73 77 74 78 1
73 75 74 76 17
73 75 73 76 6
73 73 74 74 1
73 76 74 77 944
73 78 74 79 1
74 74 74 75 1
74 77 75 78 950
74 75 74 76 1
74 76 74 77 4
74 76 75 77 14
74 78 75 78 1
74 79 75 80 1
75 77 75 78 1
75 77 76 78 13
75 80 76 80 1
75 78 76 79 952
76 80 77 80 1
76 78 77 79 11
76 78 76 79 2
76 79 77 80 954
77 80 78 81 955
77 79 78 80 11
78 81 79 82 955
78 80 79 81 11
79 81 80 82 10
79 81 79 82 1
79 82 80 83 956
80 83 81 84 957
80 82 81 83 9
80 82 80 83 1
81 84 82 85 957
81 83 82 84 9
82 84 83 85 8
82 84 82 85 1
82 85 83 86 958
83 85 84 86 7
83 85 83 86 1
83 86 84 87 959
84 87 85 88 960
84 86 84 87 1
84 86 85 87 6
85 87 86 88 6
85 88 86 89 960
86 88 87 89 2
86 88 86 89 4
86 89 87 90 964
87 90 88 90 1
87 90 88 91 964
87 89 87 90 1
87 89 88 90 1
88 90 89 90 1
88 90 89 91 1
88 91 89 92 964
89 92 90 93 964
89 90 90 91 1
89 91 90 92 1
90 92 91 93 1
90 93 91 94 964
90 91 91 92 1
91 92 92 93 1
91 93 92 94 1
91 94 92 95 964
92 93 93 94 1
92 95 93 96 964
92 94 93 95 1
93 95 94 96 1
93 94 94 95 1
93 96 94 97 964
94 95 95 96 1
94 97 95 98 964
94 96 95 97 1
95 98 96 99 964
95 97 96 98 1
95 96 96 97 1
96 98 97 99 1
96 99 97 99 2
96 99 97 100 962
96 97 97 98 1
97 98 98 99 1
97 99 98 100 3
97 101 98 102 1
97 100 98 101 953
97 100 98 100 8
97 100 97 101 1
98 99 99 100 1
98 102 99 103 1
98 101 99 101 1
98 101 99 102 952
98 100 99 101 11
99 103 100 104 2
99 101 100 102 12
99 102 99 103 1
99 102 100 103 944
99 102 100 102 7
99 100 100 101 1
100 104 101 105 3
100 103 101 104 931
100 103 101 103 12
100 103 100 104 1
100 101 101 102 1
100 102 101 103 19
101 104 102 104 13
101 104 102 105 918
101 103 102 104 31
101 102 102 103 1
101 105 102 106 3
102 104 103 105 44
102 103 103 104 1
102 106 103 106 1
102 106 103 107 2
102 105 103 106 903
102 105 103 105 15
103 104 104 105 1
103 106 104 106 2
103 106 104 107 903
103 105 104 106 58
103 105 103 106 1
103 107 104 108 2
104 106 104 107 1
104 106 105 107 59
104 108 105 109 1
104 108 105 108 1
104 105 105 106 1
104 107 105 108 904
105 109 106 110 1
105 106 106 107 1
105 108 106 109 898
105 108 106 108 7
105 107 106 108 59
106 109 107 109 2
106 109 107 110 897
106 108 106 109 1
106 108 107 109 65
106 110 107 111 1
106 107 107 108 1
107 109 108 110 67
107 111 108 112 1
107 108 108 109 1
107 110 108 111 884
107 110 108 110 13
108 112 109 113 1
108 109 109 110 1
108 111 109 112 884
108 111 109 111 1
108 110 109 111 76
108 110 109 110 3
108 110 108 111 1
109 112 109 113 1
109 112 110 112 7
109 112 110 113 878
109 111 109 112 2
109 111 110 112 75
109 110 110 111 4
109 113 110 114 2
110 112 111 112 2
110 112 111 113 81
110 111 111 112 3
110 111 110 112 1
110 114 111 115 3
110 113 111 114 876
110 113 111 113 1
110 113 110 114 1
111 112 112 113 5
111 114 112 115 880
111 115 112 116 3
111 113 112 114 77
111 113 112 113 1
111 113 111 114 4
112 116 113 117 4
112 114 112 115 7
112 114 113 115 70
112 115 112 116 1
112 115 113 116 884
112 115 113 115 2
112 113 113 114 6
113 116 114 116 2
113 116 114 117 901
113 114 114 115 2
113 114 113 115 4
113 117 114 118 4
113 115 114 116 57
113 115 113 116 19
114 116 114 117 28
114 116 115 116 2
114 116 115 117 30
114 118 115 119 5
114 118 115 118 2
114 117 114 118 3
114 117 115 118 903
114 117 115 117 23
114 115 114 116 1
114 115 115 116 1
115 119 116 119 6
115 116 116 117 3
115 118 116 119 892
115 118 116 118 25
115 118 115 119 1
115 117 116 118 39
115 117 116 117 1
115 117 115 118 13
116 119 117 119 804
116 119 117 120 94
116 118 117 119 65
116 118 117 118 1
116 117 116 118 2
116 117 117 118 2
117 119 118 119 9
117 119 118 120 860
117 120 118 120 22
117 120 118 121 72
117 118 118 119 3
118 119 119 120 7
118 119 118 120 5
118 120 119 121 887
118 121 119 122 69
118 121 119 121 3
119 120 119 121 4
119 120 120 121 3
119 122 120 122 70
119 121 119 122 1
119 121 120 122 893
120 121 120 122 3
