0 1 1 2 256
0 1 0 2 9
0 0 1 1 701
0 0 0 1 265
0 2 1 3 9
1 1 1 2 474
1 1 2 2 227
1 3 2 4 32
1 2 1 3 23
1 2 2 3 707
2 4 3 5 65
2 3 3 4 777
2 3 2 4 33
2 2 3 3 124
2 2 2 3 103
3 4 4 5 766
3 4 3 5 120
3 3 4 4 14
3 3 4 3 1
3 3 3 4 109
3 5 4 6 185
4 6 5 7 480
4 4 4 5 13
4 4 5 5 1
4 3 5 3 1
4 5 4 6 295
4 5 5 6 483
4 5 5 5 1
5 6 6 7 100
5 6 5 7 384
5 3 6 4 1
5 7 6 8 864
5 5 6 5 1
5 5 5 6 1
6 6 6 7 1
6 8 6 9 1
6 8 7 9 933
6 4 6 5 1
6 7 6 8 70
6 7 7 8 31
6 9 7 10 1
6 5 6 6 1
6 5 7 6 1
7 6 8 7 1
7 8 8 9 17
7 8 7 9 14
7 10 8 11 1
7 9 8 10 947
8 11 9 12 1
8 7 9 8 1
8 9 8 10 10
8 9 9 10 7
8 10 9 11 957
9 8 9 9 1
9 11 10 12 960
9 9 9 10 1
9 10 9 11 3
9 10 10 11 5
9 12 10 13 1
10 11 11 12 1
10 11 10 12 4
10 13 11 14 1
10 12 11 13 964
11 13 12 14 964
11 12 12 13 1
11 14 12 15 1
12 13 13 14 1
12 15 13 16 1
12 14 13 15 964
13 16 14 17 2
13 14 13 15 1
13 15 13 16 1
13 15 14 16 964
14 16 15 17 964
14 17 15 18 2
15 18 16 19 2
15 17 16 18 964
16 18 17 19 964
16 19 17 20 2
17 19 18 20 964
17 20 18 21 2
18 21 19 22 2
18 20 19 21 964
19 22 20 23 2
19 21 20 22 964
20 22 21 23 964
20 23 21 24 2
21 24 22 25 2
21 23 22 24 964
22 25 23 26 2
22 24 23 25 964
23 25 24 26 964
23 26 24 27 2
24 27 25 28 2
24 26 25 27 964
25 27 26 28 964
25 28 26 29 2
26 28 27 29 964
26 29 27 30 2
27 30 28 31 3
27 29 27 30 1
27 29 28 30 963
28 30 29 31 963
28 31 29 32 3
29 32 30 33 5
29 31 30 32 961
29 31 29 32 2
30 33 31 34 6
30 32 30 33 1
30 32 31 33 960
31 33 32 34 947
31 33 31 34 13
31 34 32 35 19
32 35 33 36 25
32 34 32 35 6
32 34 33 35 941
33 35 33 36 10
33 35 34 36 931
33 36 34 37 35
34 36 35 37 919
34 36 34 37 12
34 37 35 38 47
35 38 36 39 60
35 37 35 38 13
35 37 36 38 906
36 38 36 39 79
36 38 37 39 827
36 39 37 40 139
37 39 38 40 767
37 39 37 40 60
37 40 38 41 199
38 40 38 41 256
38 40 39 41 511
38 41 39 42 455
39 42 40 43 656
39 41 39 42 201
39 41 40 42 310
40 42 40 43 262
40 42 41 43 48
40 43 41 44 918
41 43 42 44 14
41 43 41 44 34
41 44 42 45 952
42 45 43 46 956
42 44 42 45 4
42 44 43 45 10
43 46 44 47 964
43 45 43 46 8
43 45 44 46 2
44 46 45 47 2
44 47 45 48 964
45 47 46 48 2
45 48 46 49 964
46 50 47 51 1
46 49 46 50 1
46 49 47 50 964
46 48 46 49 1
46 48 47 49 1
47 50 48 51 964
47 49 48 50 1
47 51 48 52 1
48 52 49 53 1
48 50 49 51 1
48 51 49 52 964
49 52 50 53 964
49 53 50 54 1
49 51 50 52 1
50 52 51 53 1
50 53 51 54 964
50 54 51 55 1
51 53 52 54 1
51 55 52 56 3
51 54 52 55 962
51 54 51 55 2
52 56 53 57 3
52 54 53 55 1
52 55 53 56 962
53 57 54 58 3
53 56 54 57 962
53 55 54 56 1
54 56 55 57 1
54 57 54 58 2
54 57 55 58 960
54 58 55 59 5
55 59 56 60 7
55 57 56 58 1
55 58 56 59 953
55 58 56 58 5
55 58 55 59 2
56 59 56 60 28
56 59 57 60 925
56 60 57 61 35
56 58 57 59 1
56 58 57 58 5
57 59 58 60 1
57 60 57 61 17
57 60 58 60 6
57 60 58 61 902
57 61 57 62 1
57 61 58 62 51
57 58 58 59 5
57 62 58 63 1
58 59 59 60 5
58 60 59 60 6
58 60 59 61 1
58 63 59 64 1
58 61 59 61 6
58 61 59 62 869
58 61 58 62 27
58 62 59 63 78
59 60 60 60 1
59 60 60 61 10
59 63 60 64 98
59 64 60 65 1
59 61 60 61 6
59 61 60 62 1
59 62 59 63 20
59 62 60 63 843
59 62 60 62 6
60 60 61 61 1
60 63 60 64 28
60 63 61 64 815
60 64 61 65 126
60 61 61 61 2
60 61 61 62 14
60 62 61 63 1
60 62 61 62 6
60 65 61 66 1
61 63 62 64 1
61 64 61 65 37
61 64 62 65 778
61 61 62 62 3
61 66 62 67 1
61 62 62 63 19
61 62 62 62 1
61 65 62 66 163
62 67 63 68 1
62 63 63 64 19
62 64 63 65 1
62 66 63 67 194
62 62 63 63 4
62 65 63 66 746
62 65 63 65 1
62 65 62 66 31
63 67 64 68 224
63 63 64 64 4
63 64 64 65 19
63 66 63 67 30
63 66 64 67 715
63 66 64 66 2
63 68 64 69 1
63 65 63 66 1
63 65 64 65 1
64 69 65 70 1
64 67 64 68 165
64 67 65 67 4
64 67 65 68 546
64 64 65 65 4
64 66 65 66 2
64 68 65 69 389
64 65 65 66 20
65 69 66 70 410
65 67 66 67 4
65 70 66 71 1
65 66 66 67 22
65 68 66 69 524
65 68 66 68 1
65 68 65 69 21
65 65 66 66 4
66 69 67 69 3
66 69 67 70 427
66 69 66 70 94
66 67 67 67 2
66 67 67 68 24
66 71 67 72 1
66 70 67 71 504
66 66 67 67 4
66 68 67 69 1
67 69 67 70 1
67 69 68 69 3
67 67 68 68 6
67 72 68 73 1
67 70 67 71 66
67 70 68 70 4
67 70 68 71 358
67 71 68 72 570
67 68 68 69 24
68 69 69 69 1
68 69 69 70 26
68 70 69 70 4
68 71 69 71 8
68 71 69 72 237
68 71 68 72 113
68 72 69 72 1
68 72 69 73 681
68 72 68 73 1
68 73 69 74 2
68 68 69 69 6
69 69 70 70 7
69 74 70 75 4
69 70 70 70 3
69 70 70 71 27
69 71 70 71 8
69 72 69 73 118
69 72 70 72 9
69 72 70 73 111
69 73 69 74 2
69 73 70 74 797
70 74 71 75 840
70 70 71 70 1
70 70 71 71 9
70 71 71 71 3
70 71 71 72 32
70 72 71 72 9
70 75 71 76 4
70 73 70 74 43
70 73 71 74 66
70 73 71 73 2
71 74 71 75 15
71 74 72 74 3
71 74 72 75 48
71 70 72 71 1
71 71 72 72 12
71 72 72 72 5
71 72 72 73 36
71 75 72 76 855
71 73 72 73 2
71 76 72 77 3
71 76 72 76 1
72 74 73 74 3
72 77 73 77 1
72 77 73 78 2
72 71 73 72 1
72 72 73 72 1
72 72 73 73 16
72 75 72 76 15
72 75 73 75 1
72 75 73 76 32
72 73 73 74 36
72 73 73 73 2
72 76 73 77 870
72 76 73 76 1
73 74 74 74 2
73 74 74 75 37
73 77 74 77 4
73 77 74 78 870
73 72 74 73 2
73 75 74 75 1
73 73 74 74 18
73 76 74 77 28
73 76 74 76 2
73 76 73 77 3
73 78 74 78 2
74 74 75 75 20
74 77 74 78 2
74 77 75 77 2
74 77 75 78 28
74 75 75 75 1
74 75 75 76 37
74 73 75 74 2
74 76 75 76 2
74 78 75 78 19
74 78 75 79 855
75 74 76 75 2
75 77 76 77 2
75 75 76 76 21
75 76 76 77 37
75 76 76 76 2
75 78 76 78 11
75 78 76 79 36
75 79 76 80 735
75 79 76 79 120
76 77 77 77 4
76 77 77 78 35
76 75 77 76 2
76 76 77 77 23
76 80 77 81 564
76 80 77 80 171
76 78 77 78 11
76 79 77 80 124
76 79 77 79 32
77 81 78 81 170
77 81 78 82 394
77 77 78 78 27
77 76 78 77 2
77 80 78 81 234
77 80 78 80 61
77 78 78 78 15
77 78 78 79 31
77 79 78 80 1
77 79 78 79 31
78 81 79 81 32
78 81 79 82 372
78 77 79 78 2
78 83 79 84 1
78 80 79 81 2
78 80 79 80 60
78 78 79 78 1
78 78 79 79 41
78 79 79 80 21
78 79 79 79 41
78 82 78 83 1
78 82 79 83 346
78 82 79 82 47
79 84 80 85 1
79 81 80 81 32
79 81 80 82 2
79 83 80 84 323
79 83 80 83 23
79 80 80 81 13
79 80 80 80 68
79 78 80 78 1
79 78 80 79 2
79 79 80 80 77
79 79 80 79 5
79 82 80 83 380
79 82 80 82 39
80 84 81 84 16
80 84 81 85 307
80 85 81 86 1
80 83 81 84 369
80 83 81 83 34
80 80 81 81 128
80 80 81 80 17
80 78 81 79 1
80 79 81 80 7
80 81 81 81 32
80 81 81 82 13
80 82 81 83 2
80 82 81 82 39
81 81 82 81 14
81 81 82 82 146
81 84 82 84 38
81 84 82 85 347
81 85 82 85 21
81 85 82 86 286
81 83 82 84 2
81 83 82 83 34
81 86 82 87 1
81 80 82 81 24
81 79 82 80 1
81 82 82 83 8
81 82 82 82 44
82 81 83 82 38
82 84 83 84 39
82 84 82 85 1
82 87 83 88 1
82 85 83 85 37
82 85 83 86 332
82 83 83 84 7
82 83 83 83 35
82 80 83 81 1
82 86 83 87 272
82 86 83 86 14
82 82 83 83 163
82 82 83 82 27
83 81 84 82 1
83 84 84 84 40
83 84 84 85 6
83 87 84 87 8
83 87 84 88 264
83 88 84 89 1
83 85 84 85 37
83 83 84 84 163
83 83 84 83 35
83 86 84 87 327
83 86 84 86 19
83 82 84 83 65
84 84 85 84 25
84 84 85 85 178
84 85 85 85 37
84 85 85 86 6
84 83 85 84 100
84 87 85 87 78
84 87 85 88 257
84 88 85 88 23
84 88 85 89 241
84 89 85 90 1
84 86 85 86 19
84 82 85 83 1
85 84 86 84 1
85 84 86 85 124
85 90 86 91 1
85 85 86 85 23
85 85 86 86 192
85 83 86 84 1
85 87 86 87 78
85 88 86 88 97
85 88 86 89 183
85 89 86 90 230
85 89 86 89 11
85 86 86 87 2
85 86 86 86 23
86 84 87 85 1
86 84 86 85 1
86 87 87 87 78
86 87 87 88 2
86 90 87 90 36
86 90 87 91 194
86 88 87 88 96
86 88 87 89 1
86 85 87 86 148
86 89 87 90 59
86 89 87 89 135
86 91 87 92 1
86 86 87 87 205
86 86 87 86 10
87 92 88 93 1
87 87 88 87 72
87 87 88 88 211
87 85 88 86 1
87 88 88 88 96
87 88 88 89 2
87 90 88 90 57
87 90 88 91 38
87 89 88 89 136
87 91 88 92 186
87 91 88 91 8
87 86 88 87 158
88 92 89 92 3
88 92 89 93 183
88 87 89 88 230
88 93 89 94 1
88 88 89 88 79
88 88 89 89 228
88 90 89 90 57
88 89 89 90 2
88 89 89 89 136
88 86 89 87 1
88 91 89 92 27
88 91 89 91 19
89 90 90 90 57
89 90 90 91 2
89 94 90 95 1
89 91 90 91 19
89 92 90 92 10
89 92 90 93 20
89 87 90 88 1
89 88 90 89 309
89 93 90 93 3
89 93 90 94 180
89 89 90 90 239
89 89 90 89 125
90 92 91 92 10
90 88 90 89 1
90 93 91 93 6
90 93 91 94 17
90 90 91 90 20
90 90 91 91 277
90 95 91 96 1
90 94 91 95 161
90 94 91 94 19
90 89 90 90 1
90 89 91 90 433
90 89 91 89 1
90 91 91 92 2
90 91 91 91 19
91 90 92 91 453
91 95 92 95 11
91 95 92 96 150
91 94 92 95 15
91 94 92 94 21
91 91 92 92 285
91 91 92 91 11
91 92 92 92 9
91 92 92 93 3
91 93 92 93 6
91 89 92 90 1
91 96 92 97 1
92 92 93 92 7
92 92 93 93 287
92 93 93 93 6
92 93 93 94 3
92 90 93 91 1
92 95 93 95 12
92 95 93 96 14
92 97 93 98 1
92 94 93 94 21
92 91 93 92 464
92 96 93 97 111
92 96 93 96 39
93 95 94 95 12
93 97 94 98 71
93 97 94 97 40
93 94 94 95 3
93 94 94 94 21
93 91 94 92 1
93 92 94 93 471
93 98 94 99 1
93 93 94 93 5
93 93 94 94 288
93 96 94 97 13
93 96 94 96 40
94 92 95 93 1
94 99 95 99 1
94 98 95 98 23
94 98 95 99 48
94 93 95 94 476
94 95 95 95 12
94 95 95 96 3
94 97 95 98 8
94 97 95 97 45
94 94 95 95 303
94 94 95 94 6
94 96 95 96 40
95 98 96 98 25
95 98 96 99 6
95 99 96 99 25
95 99 96 100 24
95 93 96 94 1
95 95 96 95 1
95 95 96 96 314
95 97 96 97 45
95 94 96 95 482
95 96 96 97 3
95 96 96 96 40
96 98 97 98 25
96 99 97 99 25
96 99 97 100 6
96 95 97 96 484
96 97 97 98 4
96 97 97 97 44
96 94 96 95 1
96 100 97 101 18
96 100 97 100 6
96 96 97 97 353
96 96 97 96 1
97 98 98 99 4
97 98 98 98 25
97 99 98 99 25
97 101 98 101 1
97 101 98 102 17
97 97 98 98 394
97 97 98 97 4
97 100 98 101 3
97 100 98 100 9
97 96 98 97 484
97 96 97 97 1
98 99 99 99 25
98 99 99 100 4
98 98 99 98 1
98 98 99 99 418
98 102 99 103 14
98 102 99 102 3
98 101 99 101 1
98 101 99 102 3
98 97 99 98 488
98 100 99 100 9
99 103 100 104 14
99 99 100 100 444
99 98 99 99 1
99 98 100 99 488
99 101 100 101 1
99 102 100 103 3
99 102 100 102 3
99 100 100 101 4
99 100 100 100 9
100 104 101 104 2
100 104 101 105 12
100 103 101 104 3
100 99 101 100 485
100 99 100 100 3
100 101 101 101 1
100 101 101 102 4
100 102 101 102 3
100 100 101 101 454
100 100 101 100 2
101 104 102 104 2
101 104 102 105 3
101 102 102 103 4
101 102 102 102 3
101 101 102 102 455
101 105 102 106 6
101 105 102 105 6
101 100 102 101 487
102 104 103 104 2
102 103 103 104 4
102 106 103 106 2
102 106 103 107 4
102 102 103 103 458
102 101 103 102 487
102 105 103 106 3
102 105 103 105 6
103 104 104 104 4
103 104 104 105 2
103 103 104 104 459
103 106 104 106 3
103 106 104 107 2
103 102 104 103 486
103 102 103 103 1
103 105 104 105 6
103 107 104 108 3
103 107 104 107 1
104 104 105 104 1
104 104 105 105 463
104 103 104 104 1
104 103 105 104 485
104 106 105 106 3
104 108 105 109 3
104 105 105 106 1
104 105 105 105 7
104 107 105 108 2
104 107 105 107 1
105 109 106 110 3
105 104 106 105 483
105 104 105 105 3
105 106 106 106 3
105 106 106 107 1
105 108 106 109 2
105 105 106 106 473
105 107 106 107 1
106 109 107 109 1
106 109 107 110 1
106 106 107 107 479
106 105 106 106 3
106 105 107 106 480
106 110 107 111 2
106 110 107 110 1
106 107 107 108 1
106 107 107 107 1
107 109 108 109 1
107 106 108 107 480
107 111 108 112 2
107 108 108 109 1
107 110 108 111 1
107 110 108 110 1
107 107 108 108 480
108 112 109 113 2
108 109 109 109 1
108 109 109 110 1
108 111 109 112 1
108 108 109 109 482
108 110 109 110 1
108 107 109 108 478
108 107 108 108 2
109 112 110 113 1
109 109 110 110 491
109 108 109 109 8
109 108 110 109 470
109 113 110 114 2
109 110 110 111 1
109 110 110 110 1
110 109 111 110 464
110 109 110 110 6
110 114 111 114 1
110 114 111 115 1
110 111 111 112 1
110 113 111 114 1
110 110 111 111 498
111 112 112 112 1
111 114 112 114 1
111 114 112 115 1
111 111 112 112 507
111 115 112 116 1
111 110 112 111 455
111 110 111 111 9
112 112 113 113 518
112 116 113 116 1
112 114 113 114 1
112 111 112 112 10
112 111 113 112 445
112 115 113 115 1
113 112 114 113 409
113 112 113 113 36
113 116 114 116 1
113 114 114 114 1
113 115 114 115 1
113 113 114 114 554
114 116 115 116 1
114 114 115 115 599
114 115 115 115 1
114 113 114 114 44
114 113 115 114 365
115 116 116 116 1
115 114 116 115 297
115 114 115 115 68
115 115 116 116 668
116 116 117 117 706
116 115 116 116 37
116 115 117 116 260
117 116 118 117 207
117 116 117 117 53
117 117 118 118 759
118 118 119 119 834
118 117 119 118 132
118 117 118 118 75
119 119 120 120 941
119 118 119 119 107
119 118 120 119 25
120 119 120 120 25
