0 0 1 1 830
0 0 1 0 136
1 1 2 1 158
1 1 2 2 672
1 0 2 1 134
1 0 2 0 2
2 1 3 1 12
2 1 3 2 280
2 0 3 1 2
2 2 3 3 291
2 2 3 2 381
3 1 4 2 14
3 3 4 4 11
3 3 4 3 280
3 2 4 3 394
3 2 4 2 267
4 4 5 4 6
4 4 5 5 5
4 3 5 4 345
4 3 5 3 329
4 2 5 3 281
5 4 6 4 80
5 4 6 5 271
5 3 6 4 610
5 5 6 5 5
6 4 7 5 690
6 5 7 6 177
6 5 7 5 99
7 6 8 6 86
7 6 8 7 91
7 5 8 6 789
8 6 9 7 875
8 7 9 8 64
8 7 9 7 27
9 8 10 8 24
9 8 10 9 40
9 7 10 8 902
10 8 11 9 926
10 9 11 10 11
10 9 11 9 29
11 10 12 11 6
11 10 12 10 5
11 9 12 10 955
12 11 13 11 3
12 11 13 12 3
12 10 13 11 960
13 11 14 12 963
13 12 14 12 3
14 12 15 13 966
15 13 16 14 966
16 14 17 15 966
17 15 18 16 966
18 16 19 17 966
19 18 20 19 1
19 17 19 18 1
19 17 20 18 965
20 18 21 19 965
20 19 21 20 1
21 19 22 20 965
21 20 22 21 1
22 21 23 22 2
22 20 22 21 1
22 20 23 21 964
23 22 24 23 2
23 21 24 22 964
24 22 25 23 957
24 22 24 23 7
24 23 25 24 9
25 24 26 25 25
25 23 25 24 16
25 23 26 24 941
26 25 27 26 356
26 24 27 25 610
26 24 26 25 331
27 25 27 26 299
27 25 28 26 311
27 26 28 27 655
28 27 29 28 955
28 26 28 27 300
28 26 29 27 11
29 27 30 28 1
29 27 29 28 10
29 28 30 29 965
30 28 30 29 1
30 29 31 30 966
31 30 32 31 966
32 31 33 32 966
33 32 34 33 966
34 33 35 34 966
35 34 36 35 966
36 35 37 36 966
37 36 38 37 966
38 37 39 38 966
39 38 40 39 966
40 39 41 40 966
41 40 42 41 966
42 41 43 42 966
43 42 44 43 966
44 43 45 44 966
45 44 46 45 966
46 45 47 46 966
47 46 48 47 966
48 47 49 48 966
49 48 50 49 966
50 49 51 50 966
51 50 52 51 966
52 51 53 52 966
53 52 54 53 966
54 53 55 54 966
55 54 56 55 966
56 55 57 56 966
57 56 58 57 966
58 57 59 57 2
58 57 59 58 964
59 57 60 57 2
59 58 60 59 952
59 58 60 58 12
60 59 60 60 1
60 59 61 59 25
60 59 61 60 926
60 60 60 61 1
60 57 61 57 1
60 57 61 58 1
60 61 61 62 1
60 58 61 59 2
60 58 61 58 10
61 59 62 59 19
61 59 62 60 8
61 60 61 61 3
61 60 62 60 19
61 60 62 61 904
61 57 62 57 1
61 61 61 62 2
61 61 62 62 1
61 62 62 63 3
61 58 62 59 6
61 58 62 58 5
62 59 63 59 5
62 59 63 60 20
62 60 63 60 16
62 60 63 61 11
62 63 63 64 5
62 57 63 57 1
62 61 63 61 18
62 61 63 62 883
62 61 62 62 3
62 62 63 63 2
62 62 62 63 2
62 58 63 58 5
63 63 63 64 1
63 63 64 64 2
63 64 64 65 6
63 57 64 58 1
63 61 64 61 18
63 61 64 62 11
63 58 64 58 5
63 59 64 59 5
63 60 64 60 4
63 60 64 61 32
63 62 63 63 1
63 62 64 63 863
63 62 64 62 19
64 63 65 63 14
64 63 65 64 849
64 64 65 65 2
64 61 65 61 3
64 61 65 62 47
64 58 65 59 6
64 59 65 59 5
64 60 65 60 4
64 62 65 63 12
64 62 65 62 18
64 65 65 66 6
65 59 66 60 11
65 60 66 60 4
65 63 66 63 13
65 63 66 64 13
65 64 66 64 10
65 64 66 65 837
65 64 65 65 2
65 66 66 67 8
65 61 66 61 3
65 65 66 66 2
65 65 65 66 2
65 62 66 63 65
66 67 67 68 9
66 60 67 61 15
66 63 67 64 78
66 64 67 64 8
66 64 67 65 15
66 66 67 67 2
66 66 66 67 1
66 61 67 61 3
66 65 67 66 801
66 65 67 65 35
66 65 66 66 1
67 67 68 68 2
67 64 68 65 86
67 61 68 62 18
67 66 68 67 775
67 66 68 66 26
67 68 68 69 9
67 65 68 66 21
67 65 68 65 29
68 69 69 70 10
68 67 69 67 20
68 67 69 68 754
68 67 68 68 1
68 66 69 67 22
68 66 69 66 25
68 68 69 69 1
68 68 69 68 1
68 68 68 69 1
68 62 69 63 18
68 65 69 66 114
68 65 69 65 1
69 69 69 70 1
69 69 70 70 1
69 67 70 67 18
69 67 70 68 24
69 63 70 64 18
69 70 70 71 11
69 66 70 67 139
69 68 69 69 1
69 68 70 69 739
69 68 70 68 15
69 65 70 65 1
70 69 71 69 17
70 69 71 70 722
70 67 71 67 1
70 67 71 68 156
70 70 71 71 1
70 71 71 72 11
70 64 71 65 18
70 68 71 69 26
70 68 71 68 13
70 65 71 65 1
71 69 72 69 13
71 69 72 70 30
71 67 72 67 1
71 71 71 72 1
71 71 72 72 1
71 72 72 73 12
71 70 71 71 1
71 70 72 70 21
71 70 72 71 700
71 68 72 69 169
71 65 72 66 19
72 69 73 70 182
72 67 73 67 1
72 72 73 73 1
72 71 73 71 18
72 71 73 72 682
72 70 73 70 16
72 70 73 71 35
72 73 73 74 12
72 66 73 67 19
73 74 74 75 12
73 67 74 67 1
73 67 74 68 19
73 70 74 70 1
73 70 74 71 197
73 72 74 72 19
73 72 74 73 663
73 71 74 71 15
73 71 74 72 38
73 73 74 74 1
74 74 75 75 1
74 67 75 68 1
74 70 75 70 1
74 75 75 76 12
74 71 75 71 1
74 71 75 72 211
74 72 75 72 11
74 72 75 73 46
74 73 75 74 642
74 73 75 73 21
74 68 75 69 19
75 69 76 70 19
75 74 75 75 1
75 74 76 74 21
75 74 76 75 620
75 70 76 70 1
75 71 76 71 1
75 75 75 76 1
75 75 76 76 1
75 72 76 73 222
75 73 76 74 52
75 73 76 73 15
75 76 76 77 13
75 68 76 69 1
76 69 77 70 1
76 74 77 74 17
76 74 77 75 56
76 77 77 78 15
76 71 77 71 1
76 70 77 71 20
76 75 77 75 27
76 75 77 76 590
76 75 76 76 3
76 73 77 74 237
76 76 77 77 2
76 76 76 77 2
77 74 78 75 254
77 77 78 78 2
77 70 78 71 1
77 71 78 72 21
77 75 78 75 20
77 75 78 76 63
77 76 78 77 570
77 76 78 76 20
77 78 78 79 15
78 77 78 78 1
78 77 79 77 22
78 77 79 78 547
78 71 79 72 1
78 72 79 73 21
78 75 79 75 1
78 75 79 76 273
78 76 79 77 63
78 76 79 76 20
78 78 78 79 1
78 78 79 79 2
78 79 79 80 16
79 77 80 77 20
79 77 80 78 65
79 75 80 75 1
79 72 80 73 1
79 73 80 74 21
79 80 80 81 16
79 76 80 77 292
79 76 80 76 1
79 78 80 78 23
79 78 80 79 524
79 79 80 80 2
80 74 81 75 21
80 75 81 76 1
80 80 81 81 2
80 80 80 81 1
80 78 81 78 20
80 78 81 79 68
80 79 81 80 509
80 79 81 79 14
80 79 80 80 1
80 81 81 82 17
80 77 81 78 312
80 73 81 74 1
80 76 81 77 1
81 74 82 75 1
81 75 82 76 21
81 80 82 81 488
81 80 82 80 21
81 78 82 79 332
81 79 82 80 67
81 79 82 79 15
81 81 82 82 2
81 77 82 78 1
81 76 82 77 1
81 82 82 83 17
82 83 83 84 17
82 75 83 76 1
82 80 83 81 66
82 80 83 80 22
82 78 83 79 1
82 79 83 80 347
82 81 83 81 9
82 81 83 82 479
82 77 83 78 1
82 76 83 77 21
82 82 83 83 2
83 84 84 85 17
83 83 84 84 2
83 80 84 81 370
83 78 83 79 1
83 79 84 80 1
83 79 83 80 1
83 81 84 81 11
83 81 84 82 64
83 77 84 78 21
83 76 84 77 1
83 82 84 83 469
83 82 84 82 10
84 84 85 84 1
84 84 85 85 1
84 85 85 86 17
84 83 85 84 459
84 83 85 83 10
84 80 85 81 1
84 78 85 79 21
84 81 85 82 381
84 77 85 78 1
84 82 85 83 64
84 82 85 82 10
85 81 86 82 1
85 84 86 84 13
85 84 86 85 447
85 85 86 86 1
85 83 86 84 62
85 83 86 83 12
85 86 86 87 17
85 78 86 79 1
85 79 86 80 21
85 82 86 83 391
86 84 87 84 13
86 84 87 85 62
86 87 87 87 1
86 87 87 88 16
86 85 87 85 26
86 85 87 86 421
86 83 87 84 403
86 86 87 86 1
86 80 87 81 21
86 82 87 83 1
86 79 87 80 1
87 84 88 85 416
87 85 88 85 24
87 85 88 86 64
87 83 88 83 1
87 80 88 81 1
87 81 88 82 21
87 87 88 87 1
87 88 88 89 16
87 86 88 87 414
87 86 88 86 8
88 81 89 82 1
88 87 89 87 7
88 87 89 88 408
88 85 89 86 440
88 83 89 83 1
88 89 89 90 16
88 86 89 87 65
88 86 89 86 7
88 82 89 83 21
89 84 89 85 1
89 87 90 87 6
89 87 90 88 66
89 85 89 86 1
89 90 90 91 16
89 88 90 88 3
89 88 90 89 405
89 83 90 84 20
89 83 90 83 1
89 83 89 84 1
89 86 90 87 448
89 82 90 83 1
90 84 91 85 20
90 87 91 88 454
90 88 91 88 3
90 88 91 89 66
90 83 91 84 2
90 89 91 90 401
90 89 91 89 4
90 91 91 92 15
90 91 91 91 1
91 92 92 93 15
91 84 92 85 2
91 85 92 86 20
91 88 92 89 457
91 90 92 90 10
91 90 92 91 391
91 89 92 90 66
91 89 92 89 4
91 91 92 91 1
92 93 93 94 15
92 85 93 86 2
92 90 93 90 4
92 90 93 91 72
92 89 93 90 461
92 86 93 87 20
92 91 93 92 380
92 91 93 91 12
93 92 94 92 14
93 92 94 93 366
93 87 94 88 20
93 90 94 91 465
93 94 94 95 15
93 86 94 87 2
93 91 94 92 75
93 91 94 91 9
94 92 95 92 6
94 92 95 93 83
94 87 95 88 2
94 88 95 89 20
94 93 95 93 7
94 93 95 94 359
94 95 95 96 15
94 91 95 92 474
95 92 96 93 480
95 88 96 89 2
95 93 96 93 4
95 93 96 94 86
95 89 96 90 20
95 94 96 95 350
95 94 96 94 9
95 96 96 97 15
96 90 97 91 20
96 93 97 94 484
96 95 97 95 6
96 95 97 96 344
96 97 97 98 15
96 89 97 90 2
96 94 97 95 88
96 94 97 94 7
97 98 98 99 15
97 90 98 91 2
97 95 98 95 3
97 95 98 96 91
97 94 98 95 491
97 91 98 92 20
97 96 98 97 336
97 96 98 96 8
98 92 99 93 20
98 99 99 100 15
98 95 99 96 494
98 97 99 98 324
98 97 99 97 12
98 91 99 92 2
98 96 99 97 92
98 96 99 96 7
99 92 100 93 2
99 98 100 98 4
99 98 100 99 320
99 93 100 94 20
99 97 100 98 95
99 97 100 97 9
99 100 100 101 14
99 100 100 100 1
99 96 100 97 501
100 99 101 99 4
100 99 101 100 316
100 98 101 98 4
100 98 101 99 95
100 93 101 94 2
100 101 101 101 1
100 101 101 102 13
100 94 101 95 20
100 97 101 98 510
100 100 101 100 1
101 98 102 99 514
101 99 102 99 6
101 99 102 100 93
101 95 102 96 20
101 101 102 101 1
101 102 102 103 13
101 94 102 95 2
101 100 102 101 311
101 100 102 100 6
102 103 103 104 10
102 103 103 103 3
102 99 103 100 520
102 95 103 96 2
102 101 103 101 21
102 101 103 102 291
102 96 103 97 20
102 100 103 101 85
102 100 103 100 14
103 104 104 104 2
103 104 104 105 8
103 103 104 103 3
103 97 104 98 20
103 102 104 103 272
103 102 104 102 19
103 101 104 101 22
103 101 104 102 84
103 96 104 97 2
103 100 104 101 534
104 104 105 104 2
104 98 105 99 20
104 103 105 104 244
104 103 105 103 31
104 97 105 98 2
104 101 105 102 556
104 102 105 103 76
104 102 105 102 27
104 105 105 106 8
105 104 106 104 11
105 104 106 105 235
105 102 106 103 584
105 103 106 104 65
105 103 106 103 42
105 99 106 100 19
105 99 105 100 1
105 98 106 99 2
105 106 106 107 8
105 101 105 102 1
105 100 105 101 1
106 104 107 104 22
106 104 107 105 54
106 99 107 100 2
106 103 107 104 626
106 100 107 101 19
106 105 107 106 221
106 105 107 105 14
106 107 107 108 6
106 107 107 107 2
107 104 108 105 648
107 106 108 106 8
107 106 108 107 213
107 101 108 102 19
107 108 108 109 5
107 108 108 108 1
107 100 108 101 2
107 105 108 106 39
107 105 108 105 29
107 107 108 107 2
108 109 109 109 1
108 109 109 110 4
108 106 109 106 10
108 106 109 107 37
108 101 109 102 2
108 102 109 103 19
108 108 109 108 1
108 105 109 106 677
108 107 109 108 183
108 107 109 107 32
109 109 110 109 1
109 103 110 104 19
109 106 110 107 687
109 102 110 103 2
109 108 110 109 158
109 108 110 108 26
109 110 110 111 4
109 107 110 108 37
109 107 110 107 32
110 104 111 105 19
110 109 111 109 20
110 109 111 110 139
110 103 111 104 2
110 111 111 112 4
110 108 111 109 29
110 108 111 108 34
110 107 111 108 719
111 112 112 113 4
111 104 112 105 2
111 109 112 109 21
111 109 112 110 28
111 106 111 107 1
111 108 112 109 754
111 105 112 106 18
111 105 111 106 1
111 107 111 108 1
111 110 112 111 115
111 110 112 110 24
112 109 113 110 775
112 106 113 107 18
112 111 113 112 107
112 111 113 111 8
112 105 113 106 2
112 113 113 114 4
112 110 113 111 21
112 110 113 110 31
113 112 114 112 14
113 112 114 113 93
113 106 114 107 2
113 114 114 115 4
113 111 114 112 21
113 111 114 111 8
113 107 114 108 18
113 110 114 111 806
114 112 115 112 19
114 112 115 113 16
114 108 115 109 18
114 111 115 112 814
114 115 115 116 4
114 107 115 108 2
114 113 115 114 88
114 113 115 113 5
115 109 116 110 18
115 112 116 113 833
115 116 116 116 3
115 116 116 117 1
115 108 116 109 2
115 114 116 114 6
115 114 116 115 82
115 113 116 114 16
115 113 116 113 5
116 111 116 112 2
116 114 117 114 7
116 114 117 115 15
116 115 117 116 75
116 115 117 115 7
116 112 116 113 2
116 109 117 110 2
116 116 117 116 3
116 117 117 118 1
116 113 117 114 840
116 110 116 111 2
116 110 117 111 16
117 112 117 113 1
117 116 118 116 13
117 116 118 117 65
117 118 118 119 1
117 111 118 112 15
117 111 117 112 1
117 114 118 115 848
117 115 118 116 13
117 115 118 115 9
117 113 117 114 1
117 110 118 111 2
118 119 119 119 1
118 112 119 113 15
118 116 119 116 13
118 116 119 117 13
118 111 119 112 2
118 117 119 118 54
118 117 119 117 11
118 115 119 116 857
119 119 120 119 1
119 112 119 113 1
119 112 120 113 1
119 116 120 116 4
119 116 120 117 867
119 118 120 119 48
119 118 120 118 6
119 114 119 115 1
119 117 120 118 16
119 117 120 117 8
119 115 119 116 1
119 113 119 114 1
119 113 120 114 15
120 119 121 119 43
120 119 121 120 6
120 116 120 117 2
120 116 121 117 4
120 118 121 119 13
120 118 121 118 9
120 114 120 115 2
120 114 121 115 14
120 117 121 118 856
120 117 121 117 21
120 115 120 116 2
120 113 120 114 1
121 119 122 119 26
121 119 122 120 30
121 116 121 117 1
121 120 122 120 3
121 120 122 121 3
121 118 122 119 841
121 118 122 118 25
121 117 122 118 25
121 117 121 118 1
121 115 122 116 13
121 115 121 116 1
122 119 123 119 780
122 119 123 120 91
122 116 123 117 9
122 116 122 117 4
122 120 123 120 12
122 120 123 121 21
122 118 123 119 50
122 118 122 119 4
122 117 122 118 4
122 121 123 122 3
123 119 124 120 833
123 120 124 120 33
123 120 124 121 70
123 118 123 119 3
123 122 124 122 3
123 117 123 118 3
123 117 124 118 6
123 121 124 122 14
123 121 124 121 7
124 119 124 120 6
124 120 124 121 1
124 120 125 121 871
124 118 124 119 6
124 122 125 122 17
124 121 125 122 67
124 121 125 121 11
125 122 126 122 84
125 121 126 122 882
