0 1 1 1 6
0 1 1 2 222
0 0 1 1 614
0 0 1 0 124
0 0 0 1 228
1 1 1 2 345
1 1 2 1 96
1 1 2 2 193
1 0 1 1 14
1 0 2 1 110
1 2 2 3 515
1 2 2 2 52
2 1 3 2 75
2 1 2 2 131
2 3 3 4 462
2 3 3 3 105
2 2 3 3 295
2 2 3 2 29
2 2 2 3 52
3 4 4 4 118
3 4 4 5 392
3 3 4 4 379
3 3 4 3 20
3 3 3 4 48
3 2 4 3 57
3 2 3 3 47
4 4 4 5 14
4 4 5 4 2
4 4 5 5 541
4 3 4 4 60
4 3 5 4 17
4 5 5 6 330
4 5 5 5 76
5 6 6 6 73
5 6 6 7 261
5 4 6 5 5
5 4 5 5 14
5 5 6 6 627
5 5 5 6 4
6 6 6 7 4
6 6 7 7 699
6 7 7 8 175
6 7 7 7 90
6 5 6 6 3
6 5 7 6 2
7 6 8 7 2
7 8 8 8 84
7 8 8 9 91
7 7 8 8 789
8 8 9 9 875
8 7 8 8 2
8 9 9 9 27
8 9 9 10 64
9 10 10 11 40
9 10 10 10 24
9 9 10 10 902
10 11 11 11 29
10 11 11 12 11
10 10 11 11 926
11 11 12 12 955
11 12 12 13 6
11 12 12 12 5
12 13 13 13 3
12 13 13 14 3
12 12 13 13 960
13 13 14 14 963
13 14 14 14 3
14 14 15 15 966
15 15 16 16 966
16 16 17 17 966
17 17 18 18 966
18 18 19 19 966
19 19 20 20 966
20 20 21 21 966
21 21 22 22 966
22 22 23 23 966
23 23 24 24 966
24 24 25 25 966
25 25 26 26 966
26 26 27 27 966
27 27 28 28 966
28 28 29 29 966
29 29 30 30 966
30 30 31 31 966
31 31 32 32 966
32 32 33 33 966
33 33 34 34 966
34 34 35 35 966
35 35 36 36 966
36 36 37 37 966
37 37 38 38 966
38 38 39 39 966
39 39 40 40 966
40 40 41 41 966
41 41 42 42 966
42 42 43 43 966
43 43 44 44 966
44 44 45 45 966
45 45 46 46 966
46 46 47 47 966
47 47 48 48 966
48 48 49 49 966
49 49 50 50 966
50 50 51 51 966
51 51 52 52 966
52 52 53 53 966
53 53 54 54 966
54 54 55 55 966
55 55 56 56 966
56 56 57 56 2
56 56 57 57 964
57 56 58 57 2
57 57 58 58 964
58 57 59 58 2
58 58 59 59 956
58 58 59 58 8
59 59 60 59 11
59 59 60 60 945
59 58 60 59 2
59 58 60 58 8
60 59 61 59 9
60 59 61 60 4
60 60 60 61 1
60 60 61 60 31
60 60 61 61 913
60 61 60 62 1
60 62 61 63 1
60 58 61 59 5
60 58 61 58 3
61 59 62 59 6
61 59 62 60 8
61 60 62 60 25
61 60 62 61 10
61 63 62 64 3
61 61 61 62 3
61 61 62 61 25
61 61 62 62 885
61 62 61 63 2
61 62 62 63 1
61 58 62 59 1
61 58 62 58 2
62 59 63 59 6
62 59 63 60 1
62 60 63 60 6
62 60 63 61 27
62 63 63 64 2
62 63 62 64 2
62 64 63 65 5
62 61 63 61 21
62 61 63 62 14
62 58 63 58 2
62 62 63 63 864
62 62 63 62 18
62 62 62 63 3
63 63 63 64 1
63 63 64 63 20
63 63 64 64 843
63 64 63 65 1
63 64 64 65 2
63 61 64 61 8
63 61 64 62 40
63 58 64 59 1
63 58 64 58 1
63 59 64 59 6
63 60 64 60 5
63 60 64 61 2
63 62 64 63 14
63 62 64 62 18
63 65 64 66 6
64 59 65 59 1
64 59 65 60 6
64 60 65 60 5
64 63 65 63 18
64 63 65 64 16
64 64 65 64 13
64 64 65 65 830
64 66 65 67 6
64 61 65 61 6
64 61 65 62 4
64 65 65 66 2
64 58 65 58 1
64 62 65 63 51
64 62 65 62 7
65 59 66 59 1
65 67 66 68 8
65 60 66 61 11
65 63 66 63 5
65 63 66 64 64
65 64 66 64 11
65 64 66 65 18
65 66 66 67 2
65 66 65 67 2
65 61 66 61 4
65 61 66 62 2
65 58 66 59 1
65 62 66 63 6
65 62 66 62 5
65 65 66 66 821
65 65 66 65 7
65 65 65 66 2
66 67 67 68 2
66 67 66 68 1
66 63 67 63 2
66 63 67 64 9
66 64 67 64 2
66 64 67 65 73
66 61 67 62 15
66 68 67 69 9
66 59 67 60 2
66 66 67 67 784
66 66 67 66 36
66 66 66 67 1
66 65 67 66 19
66 65 67 65 6
66 62 67 63 4
66 62 67 62 3
67 67 68 67 26
67 67 68 68 758
67 63 68 63 2
67 63 68 64 4
67 64 68 64 3
67 64 68 65 8
67 68 68 69 2
67 69 68 70 9
67 60 68 61 2
67 66 68 67 24
67 66 68 66 31
67 65 68 66 78
67 65 68 65 1
67 62 68 63 17
67 62 68 62 1
68 67 69 67 26
68 67 69 68 24
68 63 69 64 19
68 70 69 71 10
68 64 69 64 5
68 64 69 65 2
68 61 69 62 2
68 68 69 69 741
68 68 69 68 16
68 68 68 69 1
68 69 69 69 1
68 69 69 70 1
68 69 68 70 1
68 66 69 67 105
68 66 69 66 4
68 65 69 66 7
68 65 69 65 2
68 62 69 62 1
69 69 69 70 1
69 69 70 69 21
69 69 70 70 720
69 67 70 67 5
69 67 70 68 126
69 70 69 71 1
69 70 70 71 1
69 71 70 72 11
69 64 70 64 1
69 64 70 65 23
69 66 70 67 6
69 66 70 66 5
69 68 70 69 27
69 68 70 68 13
69 65 70 66 2
69 65 70 65 2
69 62 70 63 3
70 69 71 69 10
70 69 71 70 38
70 67 71 67 3
70 67 71 68 8
70 63 71 64 3
70 71 71 72 1
70 64 71 65 1
70 72 71 73 11
70 70 71 70 22
70 70 71 71 698
70 66 71 67 4
70 66 71 66 3
70 68 71 69 135
70 68 71 68 4
70 65 71 66 25
71 67 72 67 2
71 67 72 68 5
71 64 72 65 3
71 71 71 72 1
71 71 72 71 23
71 71 72 72 674
71 70 72 70 14
71 70 72 71 46
71 68 72 69 12
71 69 72 69 4
71 69 72 70 141
71 72 71 73 1
71 72 72 73 1
71 66 72 67 27
71 66 72 66 1
71 73 72 74 12
71 65 72 66 1
72 74 73 75 12
72 67 73 68 29
72 70 73 70 4
72 70 73 71 151
72 71 73 71 20
72 71 73 72 49
72 68 73 69 4
72 68 73 68 1
72 69 73 69 3
72 69 73 70 13
72 72 73 72 24
72 72 73 73 650
72 73 73 74 1
72 66 73 67 1
72 66 73 66 1
72 65 73 66 3
73 74 74 75 1
73 67 74 68 1
73 75 74 76 12
73 70 74 70 4
73 70 74 71 13
73 71 74 72 165
73 71 74 71 6
73 68 74 69 30
73 69 74 69 3
73 69 74 70 4
73 72 74 72 22
73 72 74 73 51
73 73 74 74 632
73 73 74 73 18
73 66 74 67 3
73 66 74 66 1
74 74 75 74 20
74 74 75 75 613
74 67 75 68 3
74 75 75 76 1
74 70 75 71 4
74 70 75 70 4
74 71 75 72 13
74 71 75 71 6
74 68 75 69 1
74 69 75 69 3
74 69 75 70 30
74 72 75 72 9
74 72 75 73 178
74 73 74 74 1
74 73 75 74 57
74 73 75 73 11
74 66 75 67 1
74 76 75 77 12
75 74 76 74 17
75 74 76 75 60
75 67 76 68 1
75 70 76 70 2
75 70 76 71 32
75 71 76 71 3
75 71 76 72 7
75 75 75 76 1
75 75 76 75 23
75 75 76 76 589
75 68 76 69 1
75 68 76 68 2
75 69 76 69 2
75 69 76 70 2
75 77 76 78 13
75 72 76 72 10
75 72 76 73 12
75 73 76 74 188
75 73 76 73 1
75 76 75 77 1
75 76 76 77 1
76 74 77 74 3
76 74 77 75 202
76 70 77 71 4
76 71 77 71 2
76 71 77 72 33
76 75 77 75 19
76 75 77 76 64
76 68 77 69 3
76 78 77 79 15
76 69 77 69 1
76 69 77 70 2
76 77 77 78 2
76 77 76 78 2
76 72 77 72 8
76 72 77 73 9
76 73 77 74 12
76 73 77 73 1
76 76 77 77 557
76 76 77 76 29
76 76 76 77 3
77 74 78 74 3
77 74 78 75 12
77 70 78 71 2
77 71 78 71 1
77 71 78 72 5
77 75 78 75 4
77 75 78 76 217
77 78 78 79 2
77 79 78 80 13
77 79 78 79 2
77 69 78 70 4
77 77 78 77 19
77 77 78 78 538
77 72 78 72 2
77 72 78 73 39
77 73 78 74 8
77 73 78 73 2
77 76 78 77 72
77 76 78 76 21
78 74 79 74 3
78 74 79 75 8
78 71 79 71 1
78 71 79 72 2
78 70 79 71 4
78 75 79 75 2
78 75 79 76 14
78 80 79 81 11
78 80 79 80 2
78 78 78 79 1
78 78 79 78 33
78 78 79 79 504
78 79 79 80 4
78 79 79 79 1
78 77 79 77 20
78 77 79 78 71
78 72 79 73 7
78 73 79 74 39
78 73 79 73 2
78 76 79 77 234
78 76 79 76 4
79 81 80 81 2
79 81 80 82 9
79 74 80 74 1
79 74 80 75 41
79 77 80 77 3
79 77 80 78 251
79 72 80 72 1
79 72 80 73 1
79 71 80 72 5
79 75 80 75 2
79 75 80 76 8
79 73 80 74 9
79 80 80 81 6
79 76 80 77 16
79 76 80 76 2
79 78 80 78 28
79 78 80 79 76
79 79 80 80 425
79 79 80 79 80
80 74 81 75 10
80 75 81 76 43
80 80 81 81 323
80 80 81 80 102
80 78 81 78 15
80 78 81 79 264
80 79 81 80 115
80 79 81 79 41
80 81 81 82 8
80 77 81 77 2
80 77 81 78 17
80 72 81 73 6
80 73 81 74 1
80 76 81 77 9
80 76 81 76 1
80 82 81 83 9
81 74 82 75 1
81 83 82 84 9
81 75 82 76 10
81 80 82 81 150
81 80 82 80 67
81 78 82 78 12
81 78 82 79 20
81 79 82 80 241
81 79 82 79 64
81 81 82 81 86
81 81 82 82 237
81 77 82 77 3
81 77 82 78 8
81 73 82 74 6
81 76 82 77 43
81 76 82 76 1
81 82 82 83 8
82 84 83 85 9
82 74 83 75 6
82 83 83 84 8
82 75 83 76 1
82 80 83 81 202
82 80 83 80 106
82 78 83 78 9
82 78 83 79 11
82 79 83 80 55
82 79 83 79 29
82 81 83 81 45
82 81 83 82 191
82 77 83 77 3
82 77 83 78 43
82 76 83 77 11
82 82 83 83 208
82 82 83 82 29
83 84 84 85 8
83 81 84 81 91
83 81 84 82 156
83 85 84 85 1
83 85 84 86 8
83 77 84 78 14
83 75 84 76 6
83 83 84 84 198
83 83 84 83 10
83 76 84 76 1
83 80 84 81 101
83 80 84 80 60
83 78 84 78 7
83 78 84 79 45
83 79 84 80 14
83 79 84 79 26
83 82 84 83 181
83 82 84 82 39
84 84 85 84 12
84 84 85 85 186
84 85 85 85 3
84 85 85 86 6
84 83 85 84 167
84 83 85 83 25
84 80 85 81 36
84 80 85 80 38
84 78 85 79 21
84 79 85 80 37
84 79 85 79 34
84 81 85 81 32
84 81 85 82 160
84 76 85 77 7
84 86 85 87 7
84 86 85 86 1
84 82 84 83 1
84 82 85 83 148
84 82 85 82 46
85 84 86 84 27
85 84 86 85 152
85 85 86 85 24
85 85 86 86 165
85 83 86 84 136
85 83 86 83 37
85 80 86 81 37
85 80 86 80 38
85 79 86 80 54
85 79 86 79 1
85 81 86 81 25
85 81 86 82 43
85 87 86 88 7
85 77 86 78 7
85 86 86 87 6
85 86 86 86 1
85 82 86 83 167
85 82 86 82 39
86 84 87 84 32
86 84 87 85 131
86 85 87 85 42
86 85 87 86 134
86 83 87 84 169
86 83 87 83 35
86 80 87 81 87
86 80 87 80 5
86 78 87 78 2
86 78 87 79 5
86 79 87 80 1
86 81 87 81 30
86 81 87 82 32
86 87 87 87 4
86 87 87 88 2
86 88 87 89 7
86 86 87 87 155
86 86 87 86 11
86 82 87 83 49
86 82 87 82 33
87 84 87 85 1
87 84 88 84 39
87 84 88 85 161
87 85 88 85 39
87 85 88 86 135
87 83 88 84 51
87 83 88 83 33
87 80 88 81 5
87 80 88 80 1
87 78 88 79 2
87 79 88 80 5
87 81 88 81 6
87 81 88 82 111
87 87 88 87 12
87 87 88 88 147
87 88 88 89 2
87 89 88 90 7
87 86 88 87 126
87 86 88 86 19
87 82 88 83 39
87 82 88 82 26
88 84 89 84 32
88 84 89 85 58
88 90 89 90 2
88 90 89 91 5
88 85 89 85 34
88 85 89 86 166
88 83 89 84 47
88 83 89 83 25
88 80 89 81 4
88 80 89 80 2
88 79 89 80 2
88 81 89 82 11
88 87 89 87 41
88 87 89 88 97
88 88 89 88 17
88 88 89 89 130
88 89 89 90 1
88 89 89 89 1
88 86 89 87 135
88 86 89 86 19
88 82 89 83 128
88 82 89 82 9
89 84 90 84 25
89 84 90 85 54
89 84 89 85 1
89 90 90 90 2
89 90 90 91 1
89 85 90 85 25
89 85 90 86 67
89 85 89 86 1
89 83 90 84 135
89 83 90 83 17
89 83 89 84 1
89 91 90 92 5
89 80 90 81 3
89 80 90 80 1
89 81 90 82 4
89 87 90 87 43
89 87 90 88 133
89 88 90 88 47
89 88 90 89 67
89 89 90 90 124
89 89 90 89 7
89 86 90 87 166
89 86 90 86 20
89 82 90 83 19
89 82 90 82 1
90 84 91 84 11
90 84 91 85 149
90 90 91 90 19
90 90 91 91 107
90 85 91 85 15
90 85 91 86 64
90 83 91 84 36
90 80 91 81 1
90 91 91 91 1
90 81 91 82 3
90 92 91 92 1
90 92 91 93 4
90 87 91 87 73
90 87 91 88 136
90 88 91 88 58
90 88 91 89 122
90 89 91 90 24
90 89 91 89 50
90 86 91 87 71
90 86 91 86 16
90 82 91 83 3
90 82 91 82 2
91 84 92 84 2
91 84 92 85 45
91 90 92 90 29
91 90 92 91 14
91 85 92 85 7
91 85 92 86 157
91 83 92 84 2
91 83 92 83 1
91 91 92 92 100
91 91 92 91 8
91 92 92 92 1
91 81 92 82 1
91 87 92 87 68
91 87 92 88 76
91 93 92 94 4
91 88 92 88 97
91 88 92 89 97
91 89 92 90 108
91 89 92 89 64
91 86 92 87 66
91 86 92 86 14
91 82 92 83 4
91 82 92 82 1
92 84 93 84 2
92 84 93 85 2
92 85 93 85 1
92 85 93 86 51
92 90 93 90 47
92 90 93 91 90
92 83 93 84 5
92 94 93 95 4
92 91 93 92 8
92 91 93 91 14
92 92 93 92 4
92 92 93 93 97
92 87 93 87 44
92 87 93 88 90
92 88 93 88 88
92 88 93 89 85
92 89 93 90 32
92 89 93 89 129
92 86 93 87 167
92 86 93 86 4
92 82 93 83 2
93 84 94 84 2
93 84 94 85 5
93 85 94 85 1
93 85 94 86 2
93 90 94 90 54
93 90 94 91 25
93 83 94 84 2
93 95 94 96 4
93 91 94 92 88
93 91 94 91 16
93 92 94 92 4
93 92 94 93 8
93 87 94 87 40
93 87 94 88 171
93 93 94 93 6
93 93 94 94 91
93 88 94 88 65
93 88 94 89 113
93 89 94 90 88
93 89 94 89 126
93 86 94 87 55
94 84 95 85 4
94 85 95 85 1
94 85 95 86 5
94 90 95 90 39
94 90 95 91 104
94 94 95 95 82
94 94 95 94 9
94 91 95 92 22
94 91 95 91 19
94 92 95 92 5
94 92 95 93 87
94 87 95 87 3
94 87 95 88 92
94 88 95 88 44
94 88 95 89 191
94 88 94 89 1
94 93 95 93 7
94 93 95 94 7
94 89 95 90 140
94 89 95 89 99
94 89 94 90 1
94 86 95 86 2
94 96 95 97 4
95 85 96 86 5
95 90 96 90 34
95 90 96 91 145
95 95 96 95 11
95 95 96 96 71
95 97 96 97 4
95 94 96 95 7
95 94 96 94 9
95 91 96 92 107
95 91 96 91 16
95 92 96 92 9
95 92 96 93 18
95 87 96 87 3
95 88 96 89 136
95 93 96 93 4
95 93 96 94 90
95 89 96 90 211
95 89 96 89 79
95 86 96 87 6
95 86 96 86 1
96 90 97 90 10
96 90 97 91 235
96 95 97 95 13
96 95 97 96 5
96 97 97 97 4
96 94 97 95 79
96 94 97 94 20
96 91 97 92 147
96 91 97 91 14
96 92 97 92 8
96 92 97 93 108
96 87 97 87 3
96 87 97 88 6
96 93 97 93 6
96 93 97 94 16
96 89 97 90 210
96 89 97 89 5
96 86 97 87 6
96 96 97 97 53
96 96 97 96 18
97 90 98 90 1
97 90 98 91 219
97 95 98 95 13
97 95 98 96 79
97 97 98 98 36
97 97 98 97 21
97 94 98 95 15
97 94 98 94 21
97 91 98 92 244
97 91 98 91 5
97 92 98 92 10
97 92 98 93 145
97 87 98 88 9
97 93 98 93 7
97 93 98 94 107
97 88 98 89 6
97 89 98 89 5
97 96 98 97 5
97 96 98 96 18
98 90 99 90 1
98 95 99 95 12
98 95 99 96 16
98 97 99 98 4
98 97 99 97 22
98 94 99 95 110
98 94 99 94 18
98 91 99 92 224
98 92 99 92 7
98 92 99 93 247
98 98 99 98 14
98 98 99 99 22
98 93 99 93 11
98 93 99 94 141
98 88 99 89 9
98 89 99 90 6
98 89 99 89 5
98 96 99 97 58
98 96 99 96 39
99 90 100 90 1
99 90 100 91 6
99 95 100 95 4
99 95 100 96 118
99 97 100 98 42
99 97 100 97 38
99 94 100 95 142
99 94 100 94 17
99 92 100 93 231
99 99 100 99 6
99 99 100 100 16
99 98 100 98 14
99 98 100 99 4
99 93 100 93 6
99 93 100 94 252
99 89 100 90 14
99 96 100 97 15
99 96 100 96 40
100 99 101 99 7
100 99 101 100 3
100 98 101 98 22
100 98 101 99 34
100 90 101 91 15
100 93 101 94 237
100 95 101 95 5
100 95 101 96 141
100 97 101 98 10
100 97 101 97 43
100 94 101 95 265
100 94 101 94 4
100 91 101 92 6
100 100 101 101 11
100 100 101 100 5
100 96 101 97 133
100 96 101 96 25
101 92 102 93 6
101 98 102 98 24
101 98 102 99 8
101 99 102 99 25
101 99 102 100 16
101 95 102 95 2
101 95 102 96 269
101 101 102 101 1
101 101 102 102 10
101 97 102 98 146
101 97 102 97 30
101 94 102 95 240
101 94 101 95 1
101 91 102 92 15
101 100 102 101 2
101 100 102 100 6
101 96 102 97 139
101 96 102 96 27
102 95 103 96 242
102 102 103 103 8
102 102 103 102 2
102 97 103 98 131
102 97 103 97 38
102 92 103 93 15
102 99 103 99 25
102 99 103 100 8
102 98 103 98 23
102 98 103 99 147
102 93 103 94 6
102 101 103 101 1
102 101 103 102 2
102 96 103 97 293
102 96 103 96 3
102 100 103 101 12
102 100 103 100 10
103 102 104 103 1
103 102 104 102 3
103 94 104 95 6
103 97 104 98 317
103 97 104 97 14
103 98 104 98 26
103 98 104 99 128
103 99 104 99 32
103 99 104 100 140
103 103 104 104 7
103 103 104 103 1
103 93 104 94 15
103 101 104 102 10
103 101 104 101 3
103 100 104 101 6
103 100 104 100 12
103 96 104 97 245
104 104 105 105 7
104 95 105 96 6
104 97 105 98 259
104 102 105 103 9
104 102 105 102 4
104 94 105 95 15
104 103 105 104 1
104 103 105 103 1
104 98 105 98 5
104 98 105 99 338
104 99 104 100 2
104 99 105 99 40
104 99 105 100 118
104 101 105 102 6
104 101 105 101 3
104 100 105 101 125
104 100 105 100 29
105 104 106 105 1
105 95 106 96 15
105 102 106 103 7
105 102 106 102 3
105 97 105 98 1
105 99 106 99 7
105 99 106 100 372
105 98 106 98 1
105 98 106 99 263
105 98 105 99 1
105 103 106 104 10
105 101 106 101 8
105 101 106 102 120
105 100 106 101 117
105 100 106 100 30
105 96 106 97 5
105 96 105 97 1
105 105 106 106 4
105 105 106 105 3
106 104 107 104 3
106 104 107 105 7
106 102 107 103 114
106 102 107 102 9
106 97 107 98 5
106 98 107 98 1
106 103 107 104 7
106 99 107 100 270
106 106 107 106 1
106 106 107 107 3
106 101 107 101 13
106 101 107 102 112
106 105 107 105 4
106 100 107 101 398
106 100 107 100 4
106 96 107 97 15
107 104 108 104 4
107 104 108 105 6
107 97 108 98 15
107 102 108 103 108
107 102 108 102 13
107 107 108 108 2
107 107 108 107 1
107 98 108 98 1
107 98 108 99 5
107 103 108 104 110
107 103 108 103 4
107 106 108 106 1
107 101 108 101 5
107 101 108 102 406
107 105 108 106 4
107 105 108 105 7
107 100 108 101 274
108 104 109 104 26
108 104 109 105 88
108 102 109 103 417
108 102 109 102 2
108 108 109 109 2
108 107 109 107 1
108 103 109 104 100
108 103 109 103 12
108 99 109 100 5
108 98 109 99 16
108 106 109 106 3
108 106 109 107 2
108 101 109 102 279
108 105 109 106 6
108 105 109 105 7
109 104 110 104 32
109 104 110 105 94
109 102 110 103 281
109 107 110 108 2
109 107 110 107 1
109 109 110 109 1
109 109 110 110 1
109 103 110 104 422
109 103 110 103 7
109 99 110 100 16
109 106 110 106 4
109 106 110 107 5
109 100 110 101 5
109 105 110 106 70
109 105 110 105 25
110 104 111 104 6
110 104 111 105 448
110 108 111 109 2
110 107 111 108 5
110 107 111 107 1
110 109 111 109 1
110 103 111 104 288
110 106 111 106 10
110 106 111 107 65
110 101 111 102 5
110 105 111 106 79
110 105 111 105 39
110 105 110 106 1
110 100 111 101 16
110 110 111 111 1
111 104 112 105 291
111 104 111 105 4
111 102 112 103 4
111 102 111 103 1
111 111 112 112 1
111 108 112 109 5
111 107 112 108 52
111 107 112 107 14
111 109 112 110 3
111 103 111 104 1
111 106 112 106 16
111 106 112 107 73
111 101 112 102 16
111 105 112 106 480
111 105 112 105 11
112 112 113 112 1
112 109 113 109 1
112 109 113 110 4
112 103 113 104 4
112 106 113 106 5
112 106 113 107 492
112 102 113 103 16
112 108 113 109 47
112 108 113 108 5
112 105 112 106 1
112 105 113 106 301
112 110 113 111 2
112 110 113 110 1
112 107 113 108 72
112 107 113 107 15
113 112 114 112 1
113 109 114 109 5
113 109 114 110 44
113 104 114 105 4
113 103 114 104 16
113 106 114 107 306
113 111 114 112 2
113 108 114 109 63
113 108 114 108 13
113 108 113 109 1
113 110 114 111 4
113 110 114 110 1
113 107 114 108 506
113 107 114 107 1
114 112 115 113 3
114 104 115 105 16
114 109 114 110 1
114 109 115 109 6
114 109 115 110 61
114 111 115 112 4
114 108 115 109 512
114 108 115 108 8
114 105 115 106 4
114 107 114 108 1
114 107 115 108 306
114 110 115 111 42
114 110 115 110 4
115 112 116 112 1
115 112 116 113 2
115 112 115 113 1
115 109 116 109 1
115 109 116 110 520
115 106 116 107 4
115 108 116 109 311
115 108 115 109 3
115 111 116 112 37
115 111 116 111 6
115 105 116 106 16
115 113 116 114 2
115 113 116 113 2
115 110 116 111 60
115 110 116 110 4
115 110 115 111 1
116 112 117 112 7
116 112 117 113 32
116 109 116 110 5
116 109 117 110 309
116 106 117 107 16
116 114 117 114 1
116 114 117 115 1
116 108 116 109 2
116 111 116 112 1
116 111 117 112 58
116 111 117 111 7
116 113 117 114 2
116 113 117 113 2
116 107 116 108 2
116 107 117 108 2
116 110 117 111 528
116 110 117 110 1
117 114 118 114 1
117 114 118 115 2
117 108 118 109 2
117 108 117 109 1
117 111 118 112 538
117 111 118 111 1
117 115 118 116 1
117 107 118 108 15
117 107 117 108 1
117 112 118 112 12
117 112 118 113 53
117 109 117 110 1
117 113 118 114 26
117 113 118 113 8
117 110 118 111 307
117 110 117 111 4
118 111 119 112 307
118 111 118 112 1
118 114 119 114 5
118 114 119 115 23
118 108 119 109 15
118 115 119 115 2
118 112 119 112 5
118 112 119 113 546
118 109 119 110 2
118 116 119 116 1
118 113 119 114 48
118 113 119 113 12
118 113 118 114 1
119 111 119 112 1
119 114 119 115 3
119 114 120 114 7
119 114 120 115 43
119 115 120 116 23
119 115 120 115 5
119 109 119 110 1
119 109 120 110 14
119 112 119 113 12
119 112 120 113 301
119 116 120 116 1
119 113 120 114 566
119 113 120 113 4
119 110 119 111 1
119 110 120 111 2
120 112 120 113 2
120 116 121 116 5
120 116 121 117 20
120 111 120 112 2
120 111 121 112 2
120 114 121 114 2
120 114 121 115 582
120 115 120 116 1
120 115 121 116 40
120 115 121 115 7
120 110 120 111 2
120 110 121 111 12
120 113 120 114 11
120 113 121 114 296
121 112 122 113 2
121 112 121 113 1
121 116 122 116 12
121 116 122 117 30
121 116 121 117 3
121 111 122 112 11
121 111 121 112 1
121 117 122 118 18
121 117 122 117 5
121 114 122 115 249
121 114 121 115 50
121 115 122 116 636
121 115 122 115 3
121 113 121 114 1
122 112 123 113 7
122 112 122 113 4
122 116 123 116 7
122 116 123 117 674
122 116 122 117 1
122 118 123 119 15
122 118 123 118 4
122 114 122 115 4
122 117 123 118 23
122 117 123 117 12
122 117 122 118 1
122 115 123 116 222
122 115 122 116 34
122 113 123 114 2
122 113 122 114 4
123 119 124 119 5
123 119 124 120 14
123 116 123 117 45
123 116 124 117 187
123 118 123 119 4
123 118 124 119 9
123 118 124 118 14
123 114 123 115 3
123 114 124 115 2
123 117 124 118 725
123 117 124 117 6
123 115 123 116 3
123 113 124 114 4
123 113 123 114 3
124 119 125 119 10
124 119 125 120 4
124 120 125 120 14
124 116 124 117 6
124 118 125 119 814
124 118 125 118 3
124 114 124 115 4
124 117 124 118 78
124 117 125 118 121
124 115 124 116 6
125 119 126 119 1
125 119 126 120 924
125 120 126 120 18
125 118 125 119 101
125 118 126 119 23
126 119 126 120 24
