0 1 1 2 246
0 1 0 2 4
0 0 1 1 716
0 0 0 1 250
0 2 1 3 4
1 1 1 2 474
1 1 2 2 242
1 3 2 4 21
1 2 1 3 17
1 2 2 3 703
2 4 3 5 450
2 3 3 4 449
2 3 2 4 429
2 2 3 3 67
2 2 2 3 175
3 4 4 5 39
3 4 3 5 477
3 3 3 4 67
3 5 4 6 927
4 6 5 7 945
4 5 4 6 18
4 5 5 6 21
5 6 6 7 4
5 6 5 7 17
5 7 6 8 962
6 8 7 9 966
6 7 6 8 4
7 9 8 10 966
8 10 9 11 966
9 11 10 12 966
10 12 11 13 966
11 13 12 14 966
12 14 13 15 966
13 15 14 16 966
14 16 15 17 966
15 17 16 18 966
16 18 17 19 966
17 19 18 19 1
17 19 18 20 965
18 19 19 20 1
18 20 19 21 965
19 21 20 22 965
19 20 20 21 1
20 22 21 22 1
20 22 21 23 964
20 21 21 22 1
21 22 22 23 2
21 23 22 24 964
22 24 23 25 957
22 24 23 24 7
22 23 23 24 2
23 25 24 25 16
23 25 24 26 941
23 24 24 25 9
24 25 25 26 25
24 26 25 27 610
24 26 25 26 331
25 27 26 27 299
25 27 26 28 311
25 26 26 27 356
26 27 27 28 655
26 28 27 28 300
26 28 27 29 11
27 28 28 29 955
27 29 28 30 1
27 29 28 29 10
28 30 29 30 1
28 29 29 30 965
29 30 30 31 966
30 31 31 32 966
31 32 32 33 966
32 33 33 34 966
33 34 34 35 966
34 35 35 36 966
35 36 36 37 966
36 37 37 38 966
37 38 38 39 966
38 39 39 40 966
39 40 40 41 966
40 41 41 42 966
41 42 42 43 966
42 43 43 44 966
43 44 44 45 966
44 45 45 46 966
45 46 46 47 966
46 47 47 48 966
47 48 48 49 966
48 49 49 50 966
49 50 50 51 966
50 51 51 52 966
51 52 52 53 966
52 53 53 54 966
53 54 54 55 966
54 55 55 56 966
55 56 56 56 2
55 56 56 57 964
56 56 57 57 2
56 57 57 58 964
57 57 58 58 2
57 58 58 59 958
57 58 58 58 6
58 59 59 59 1
58 59 59 60 956
58 59 58 60 1
58 60 59 61 1
58 58 59 59 3
58 58 59 58 5
59 59 60 60 4
59 60 60 60 7
59 60 60 61 949
59 61 60 62 1
59 58 60 59 5
60 59 61 60 5
60 60 61 60 7
60 60 61 61 4
60 61 61 61 7
60 61 61 62 942
60 62 61 63 1
61 60 62 60 2
61 60 62 61 10
61 63 61 64 2
61 63 62 64 1
61 64 62 65 2
61 61 62 61 6
61 61 62 62 5
61 62 61 63 2
61 62 62 63 934
61 62 62 62 6
62 60 63 61 2
62 63 63 63 3
62 63 63 64 931
62 64 63 65 1
62 61 63 61 3
62 61 63 62 13
62 65 63 66 2
62 62 63 63 6
62 62 63 62 5
63 63 64 63 2
63 63 64 64 7
63 64 64 64 1
63 64 64 65 930
63 66 64 67 2
63 61 64 62 5
63 62 64 63 17
63 62 64 62 1
63 65 64 66 1
64 67 65 67 1
64 67 65 68 1
64 63 64 64 1
64 63 65 63 5
64 63 65 64 13
64 64 64 65 1
64 64 65 64 1
64 64 65 65 7
64 66 65 67 1
64 62 65 63 6
64 65 65 66 931
65 67 66 67 1
65 67 66 68 1
65 63 66 64 11
65 64 66 64 5
65 64 66 65 9
65 66 66 67 930
65 66 66 66 1
65 68 66 69 1
65 65 66 66 6
65 65 66 65 1
66 69 67 70 1
66 67 67 67 4
66 67 67 68 928
66 64 67 64 2
66 64 67 65 13
66 64 66 65 1
66 66 67 67 6
66 66 67 66 2
66 66 66 67 1
66 68 67 69 1
66 65 67 66 8
66 65 67 65 1
66 65 66 66 2
67 69 68 70 1
67 67 68 67 4
67 67 68 68 7
67 70 68 71 1
67 64 68 64 1
67 64 68 65 1
67 66 67 67 1
67 66 68 67 9
67 66 68 66 1
67 68 68 69 924
67 68 68 68 4
67 65 67 66 1
67 65 68 66 13
68 67 69 67 4
68 67 69 68 9
68 71 69 72 2
68 64 69 65 1
68 70 69 71 2
68 70 68 71 1
68 68 69 69 11
68 69 69 69 16
68 69 69 70 906
68 69 68 70 2
68 66 69 67 13
68 66 69 66 1
68 65 69 66 1
69 69 70 69 5
69 69 70 70 22
69 67 70 67 1
69 67 70 68 16
69 72 70 72 2
69 71 70 71 1
69 71 70 72 2
69 70 69 71 1
69 70 70 70 9
69 70 70 71 896
69 66 70 67 2
69 68 70 69 5
69 68 70 68 4
69 65 70 66 1
70 69 70 70 1
70 69 71 69 4
70 69 71 70 6
70 67 71 68 3
70 70 71 70 4
70 70 71 71 28
70 72 71 72 3
70 72 71 73 1
70 71 71 71 5
70 71 71 72 892
70 66 71 67 1
70 68 70 69 1
70 68 71 69 19
71 69 72 69 1
71 69 72 70 22
71 67 72 68 1
71 70 72 71 6
71 70 72 70 4
71 71 72 72 25
71 71 72 71 8
71 72 72 72 6
71 72 72 73 889
71 73 72 74 1
71 68 72 69 3
72 69 73 70 4
72 74 73 75 2
72 70 73 70 3
72 70 73 71 23
72 71 73 72 7
72 71 73 71 7
72 72 73 72 8
72 72 73 73 23
72 73 72 74 1
72 73 73 74 887
72 73 73 73 1
72 68 73 69 1
73 69 74 70 1
73 74 74 75 888
73 70 74 70 1
73 70 74 71 6
73 71 74 71 3
73 71 74 72 27
73 72 74 72 10
73 72 74 73 5
73 75 74 76 2
73 73 74 74 21
73 73 74 73 2
73 73 73 74 1
74 74 75 74 4
74 74 75 75 17
74 70 75 71 2
74 71 75 72 9
74 72 75 72 4
74 72 75 73 33
74 75 75 75 3
74 75 75 76 885
74 73 75 74 5
74 73 75 73 2
74 76 75 77 1
74 76 75 76 1
75 74 76 74 6
75 74 76 75 3
75 77 76 77 1
75 71 76 72 2
75 72 76 72 1
75 72 76 73 12
75 75 76 75 2
75 75 76 76 18
75 73 76 74 34
75 73 76 73 1
75 76 76 77 883
75 76 76 76 3
76 74 77 74 3
76 74 77 75 37
76 77 77 77 4
76 77 77 78 880
76 72 77 73 3
76 75 77 75 3
76 75 77 76 2
76 73 77 74 13
76 76 77 77 19
76 76 77 76 2
77 74 77 75 1
77 74 78 75 16
77 77 78 77 2
77 77 78 78 21
77 75 78 76 41
77 73 77 74 1
77 73 78 74 2
77 76 78 77 1
77 76 78 76 3
77 78 78 78 21
77 78 78 79 859
78 74 79 75 2
78 77 79 77 2
78 77 79 78 1
78 75 79 76 16
78 76 79 77 43
78 76 79 76 1
78 78 78 79 1
78 78 79 78 11
78 78 79 79 30
78 79 79 80 737
78 79 79 79 123
79 77 80 77 4
79 77 80 78 41
79 75 80 76 2
79 76 80 77 17
79 80 80 81 565
79 80 80 80 172
79 78 80 78 12
79 79 80 80 123
79 79 80 79 30
80 81 81 81 170
80 81 81 82 395
80 77 81 78 21
80 76 81 77 2
80 80 81 81 234
80 80 81 80 61
80 78 81 78 13
80 78 81 79 39
80 78 80 79 1
80 79 81 79 31
81 81 82 81 32
81 81 82 82 372
81 77 82 78 2
81 83 82 84 1
81 80 82 81 1
81 80 82 80 60
81 78 82 78 1
81 78 82 79 33
81 79 82 80 29
81 79 82 79 41
81 82 81 83 1
81 82 82 83 346
81 82 82 82 48
82 84 83 85 1
82 81 83 81 32
82 81 83 82 1
82 83 83 84 323
82 83 83 83 23
82 80 83 81 20
82 80 83 80 69
82 78 83 78 1
82 78 83 79 2
82 79 83 80 69
82 79 83 79 5
82 82 83 83 381
82 82 83 82 39
83 84 84 84 16
83 84 84 85 307
83 85 84 86 1
83 83 84 84 370
83 83 84 83 34
83 80 84 81 122
83 80 84 80 16
83 78 84 79 1
83 79 84 80 7
83 81 84 81 32
83 81 84 82 20
83 82 84 83 1
83 82 84 82 39
84 81 85 81 15
84 81 85 82 139
84 84 85 84 39
84 84 85 85 347
84 85 85 85 21
84 85 85 86 286
84 83 85 84 1
84 83 85 83 34
84 86 85 87 1
84 80 85 81 23
84 79 85 80 1
84 82 85 83 14
84 82 85 82 45
85 81 86 82 38
85 84 85 85 1
85 84 86 84 39
85 87 86 88 1
85 85 86 85 37
85 85 86 86 332
85 83 86 84 12
85 83 86 83 36
85 80 86 81 1
85 86 86 87 272
85 86 86 86 14
85 82 86 83 158
85 82 86 82 26
86 81 87 82 1
86 84 87 84 41
86 84 87 85 10
86 87 87 87 8
86 87 87 88 264
86 88 87 89 1
86 85 87 85 37
86 83 87 84 159
86 83 87 83 35
86 86 87 87 327
86 86 87 86 19
86 82 87 83 64
87 84 88 84 25
87 84 88 85 175
87 85 88 85 37
87 85 88 86 10
87 83 88 84 99
87 87 88 87 78
87 87 88 88 257
87 88 88 88 23
87 88 88 89 241
87 89 88 90 1
87 86 88 86 19
87 82 88 83 1
88 84 89 85 124
88 90 89 91 1
88 85 89 85 23
88 85 89 86 189
88 83 89 84 1
88 87 89 87 78
88 88 89 88 97
88 88 89 89 183
88 89 89 90 230
88 89 89 89 11
88 86 89 87 3
88 86 89 86 26
89 84 90 85 1
89 90 90 90 36
89 90 90 91 194
89 85 90 86 147
89 91 90 92 1
89 87 90 87 79
89 87 90 88 2
89 88 90 88 96
89 88 90 89 1
89 89 90 90 59
89 89 90 89 135
89 86 90 87 205
89 86 90 86 10
90 92 91 93 1
90 87 90 88 1
90 87 91 87 72
90 87 91 88 212
90 85 91 86 1
90 88 91 88 96
90 88 91 89 3
90 90 91 90 57
90 90 91 91 38
90 89 91 89 136
90 91 91 92 186
90 91 91 91 8
90 86 90 87 1
90 86 91 87 156
91 92 92 92 3
91 92 92 93 183
91 87 92 88 228
91 93 92 94 1
91 88 92 88 79
91 88 92 89 229
91 90 92 90 57
91 89 92 90 3
91 89 92 89 136
91 86 92 87 1
91 91 92 92 27
91 91 92 91 19
92 90 93 90 57
92 90 93 91 3
92 94 93 95 1
92 91 93 91 19
92 92 93 92 10
92 92 93 93 20
92 87 93 88 1
92 88 93 89 307
92 93 93 93 3
92 93 93 94 180
92 89 93 90 240
92 89 93 89 125
93 92 94 92 10
93 88 93 89 1
93 93 94 93 6
93 93 94 94 17
93 90 94 90 20
93 90 94 91 278
93 95 94 96 1
93 94 94 95 161
93 94 94 94 19
93 89 93 90 1
93 89 94 90 431
93 89 94 89 1
93 91 94 92 3
93 91 94 91 19
94 90 95 91 451
94 95 95 95 11
94 95 95 96 150
94 94 95 95 15
94 94 95 94 21
94 91 95 92 286
94 91 95 91 11
94 92 95 92 9
94 92 95 93 4
94 93 95 93 6
94 89 95 90 1
94 96 95 97 1
95 92 96 92 7
95 92 96 93 288
95 93 96 93 6
95 93 96 94 4
95 90 96 91 1
95 95 96 95 12
95 95 96 96 14
95 97 96 98 1
95 94 96 94 21
95 91 96 92 462
95 96 96 97 111
95 96 96 96 39
96 95 97 95 12
96 97 97 98 71
96 97 97 97 40
96 94 97 95 4
96 94 97 94 21
96 91 97 92 1
96 92 97 93 469
96 98 97 99 1
96 93 97 93 5
96 93 97 94 289
96 96 97 97 13
96 96 97 96 40
97 92 98 93 1
97 99 98 99 1
97 98 98 98 23
97 98 98 99 48
97 93 98 94 474
97 95 98 95 12
97 95 98 96 4
97 97 98 98 8
97 97 98 97 45
97 94 98 95 304
97 94 98 94 6
97 96 98 96 40
98 98 99 98 25
98 98 99 99 6
98 99 99 99 25
98 99 99 100 24
98 93 99 94 1
98 95 99 95 1
98 95 99 96 315
98 97 99 97 45
98 94 99 95 480
98 96 99 97 4
98 96 99 96 40
99 98 100 98 25
99 99 100 99 25
99 99 100 100 6
99 95 99 96 2
99 95 100 96 480
99 97 100 98 5
99 97 100 97 44
99 94 99 95 1
99 100 100 101 18
99 100 100 100 6
99 96 100 97 356
99 96 100 96 1
100 99 101 99 25
100 98 101 98 25
100 98 101 99 5
100 101 101 101 1
100 101 101 102 17
100 97 101 98 404
100 97 101 97 4
100 100 101 101 3
100 100 101 100 9
100 96 101 97 473
100 96 100 97 8
101 99 102 99 25
101 99 102 100 5
101 98 102 98 1
101 98 102 99 429
101 102 102 103 14
101 102 102 102 3
101 101 102 101 1
101 101 102 102 3
101 97 101 98 1
101 97 102 98 476
101 100 102 100 9
102 103 103 104 14
102 99 103 100 461
102 98 103 99 470
102 98 102 99 7
102 101 103 101 1
102 102 103 103 3
102 102 103 102 3
102 100 103 101 5
102 100 103 100 9
103 104 104 104 2
103 104 104 105 12
103 103 104 104 3
103 99 104 100 456
103 99 103 100 14
103 102 104 102 3
103 101 104 101 1
103 101 104 102 5
103 100 104 101 482
103 100 104 100 2
104 104 105 104 2
104 104 105 105 3
104 102 105 103 5
104 102 105 102 3
104 101 105 102 496
104 105 105 106 6
104 105 105 105 6
104 100 104 101 13
104 100 105 101 445
105 104 106 104 2
105 103 106 104 5
105 106 106 106 2
105 106 106 107 4
105 101 106 102 430
105 101 105 102 15
105 102 106 103 514
105 105 106 106 3
105 105 106 105 6
106 104 107 104 4
106 104 107 105 3
106 103 107 104 517
106 106 107 106 3
106 106 107 107 2
106 102 106 103 3
106 102 107 103 427
106 105 107 105 6
106 107 107 108 3
106 107 107 107 1
107 104 108 104 1
107 104 108 105 520
107 103 108 104 427
107 106 108 106 3
107 108 108 109 3
107 105 108 106 2
107 105 108 105 7
107 107 108 108 2
107 107 108 107 1
108 109 109 110 3
108 104 109 105 418
108 104 108 105 10
108 106 109 106 3
108 106 109 107 3
108 108 109 109 2
108 105 109 106 536
108 105 108 106 1
108 107 109 107 1
109 109 110 109 1
109 109 110 110 1
109 106 110 107 543
109 105 109 106 4
109 105 110 106 414
109 110 110 111 2
109 110 110 110 1
109 107 110 108 3
109 107 110 107 1
110 109 111 109 1
110 106 111 107 401
110 106 110 107 13
110 111 111 112 2
110 108 111 109 6
110 110 111 111 1
110 110 111 110 1
110 107 111 108 554
110 107 110 108 3
111 112 112 113 2
111 109 112 109 1
111 109 112 110 7
111 111 112 112 1
111 108 112 109 555
111 108 111 109 1
111 110 112 110 1
111 107 112 108 399
111 107 111 108 2
112 112 113 113 1
112 109 112 110 2
112 109 113 110 565
112 108 112 109 11
112 108 113 109 388
112 113 113 114 2
112 110 113 111 9
112 110 113 110 1
113 109 114 110 383
113 109 113 110 5
113 114 114 114 1
113 114 114 115 1
113 111 114 112 10
113 113 114 114 1
113 110 114 111 570
113 110 113 111 1
114 112 115 112 1
114 112 115 113 9
114 114 115 114 1
114 114 115 115 1
114 111 115 112 575
114 115 115 116 1
114 110 114 111 5
114 110 115 111 378
115 112 116 113 580
115 116 116 116 1
115 114 116 114 1
115 111 116 112 374
115 111 115 112 4
115 115 116 115 1
115 113 116 114 9
116 112 116 113 14
116 112 117 113 360
116 116 117 116 1
116 114 116 115 2
116 114 117 114 1
116 114 117 115 8
116 115 117 116 2
116 115 117 115 1
116 113 116 114 1
116 113 117 114 593
117 116 118 116 1
117 116 118 117 2
117 114 118 115 598
117 114 117 115 18
117 115 118 116 26
117 115 118 115 1
117 113 118 114 338
117 113 117 114 22
118 116 119 116 1
118 116 119 117 46
118 116 118 117 1
118 117 119 118 3
118 114 119 115 278
118 114 118 115 60
118 115 119 116 638
118 115 118 116 21
119 116 119 117 628
119 116 120 117 273
119 118 120 119 5
119 118 120 118 5
119 117 119 118 7
119 117 120 118 667
119 115 119 116 262
119 115 120 116 16
120 119 121 119 3
120 119 121 120 2
120 116 120 117 8
120 116 121 117 8
120 118 121 119 764
120 117 120 118 92
120 117 121 118 189
121 119 122 120 871
121 120 122 120 2
121 118 122 119 89
121 118 121 119 104
121 117 122 118 4
121 117 121 118 4
122 119 122 120 93
122 118 122 119 4
