0 0 1 1 5606
1 1 2 2 5606
2 2 3 3 5606
3 3 4 4 5606
4 4 5 5 5606
5 5 6 6 5606
6 6 7 7 5606
7 7 8 8 5606
8 8 9 9 5606
9 9 10 10 5606
10 10 11 11 5606
11 11 12 12 5606
12 12 13 13 5606
13 13 14 14 5606
14 14 15 15 5606
15 15 16 16 5606
16 16 17 17 5606
17 17 18 18 5606
18 18 19 18 107
18 18 19 19 5499
19 18 20 19 107
19 19 20 19 5450
19 19 20 20 49
20 19 21 20 5557
20 20 21 21 1
20 20 21 20 48
21 21 22 21 1
21 20 22 21 5605
22 21 23 22 5606
23 22 24 23 5606
24 23 25 24 5606
25 24 26 25 5606
26 25 27 26 5606
27 26 28 27 5606
28 27 29 28 5606
29 28 30 29 5606
30 29 31 30 5606
31 30 32 31 5606
32 31 33 32 5606
33 32 34 33 5606
34 33 35 34 5606
35 34 36 35 5606
36 35 37 36 5606
37 36 38 37 5606
38 37 39 38 5606
39 38 40 38 3
39 38 40 39 5603
40 38 41 38 3
40 39 41 40 5603
41 38 42 38 3
41 40 42 41 5603
42 38 43 39 3
42 41 43 42 5602
42 41 43 41 1
43 42 44 43 5602
43 39 44 40 3
43 41 44 41 1
44 40 45 41 3
44 43 45 43 3
44 43 45 44 5599
44 41 45 41 1
45 43 46 43 2
45 43 46 44 1
45 41 46 42 4
45 44 46 45 5593
45 44 46 44 6
46 42 47 43 4
46 46 47 47 1
46 45 46 46 1
46 45 47 46 5565
46 45 47 45 27
46 43 47 43 1
46 43 47 44 1
46 44 47 45 1
46 44 47 44 6
47 46 47 47 1
47 46 48 46 237
47 46 48 47 5327
47 45 48 46 2
47 45 48 45 26
47 43 48 44 5
47 44 48 45 4
47 44 48 44 3
47 48 48 49 1
47 47 47 48 1
47 47 48 47 1
48 49 49 49 1
48 46 49 46 237
48 46 49 47 2
48 45 49 46 2
48 45 49 45 28
48 44 49 44 8
48 47 49 48 222
48 47 49 47 5106
49 49 50 49 1
49 46 50 46 235
49 46 50 47 4
49 45 50 45 28
49 44 50 44 8
49 48 50 49 130
49 48 50 48 92
49 47 50 48 13
49 47 50 47 5095
50 49 51 50 84
50 49 51 49 47
50 46 51 46 235
50 45 51 46 1
50 45 51 45 27
50 44 51 44 8
50 48 51 48 105
50 47 51 47 5099
51 50 52 50 69
51 50 52 51 15
51 49 52 50 2
51 49 52 49 45
51 46 52 46 142
51 46 52 47 94
51 45 52 45 27
51 44 52 44 8
51 48 52 48 105
51 47 52 48 5
51 47 52 47 5094
52 50 53 50 67
52 50 53 51 4
52 51 53 52 11
52 51 53 51 4
52 48 53 49 6
52 48 53 48 104
52 47 53 48 3205
52 47 53 47 1983
52 46 53 46 32
52 46 53 47 110
52 49 53 49 45
52 45 53 46 21
52 45 53 45 6
52 44 53 45 8
53 50 54 50 67
53 51 54 52 2
53 51 54 51 6
53 48 54 49 1522
53 48 54 48 1788
53 47 53 48 1
53 47 54 48 22
53 47 54 47 2070
53 52 54 52 11
53 46 54 46 8
53 46 54 47 45
53 49 54 50 6
53 49 54 49 45
53 45 54 46 14
54 52 55 52 12
54 52 55 53 1
54 50 55 50 67
54 50 55 51 6
54 46 55 47 22
54 49 55 50 142
54 49 55 49 1425
54 51 55 51 6
54 48 55 48 1810
54 47 55 48 163
54 47 55 47 1952
55 52 56 52 12
55 50 56 50 104
55 50 56 51 105
55 53 56 53 1
55 49 56 49 1425
55 51 56 52 6
55 51 56 51 6
55 48 56 49 170
55 48 56 48 1803
55 47 56 48 1974
56 52 57 52 18
56 50 57 50 104
56 53 57 53 1
56 49 57 50 162
56 49 57 49 1433
56 51 57 52 67
56 51 57 51 44
56 48 57 49 3777
57 52 58 52 77
57 52 58 53 8
57 50 58 50 137
57 50 58 51 129
57 53 58 53 1
57 49 58 50 5210
57 51 58 51 44
58 52 59 52 77
58 50 59 51 5347
58 53 59 53 9
58 51 59 52 88
58 51 59 51 85
59 52 60 52 165
59 53 60 53 9
59 51 60 52 5432
60 52 61 53 5597
60 53 61 53 9
61 53 62 54 5606
62 54 63 55 5606
63 55 64 56 5606
64 56 65 57 5606
65 57 66 58 5606
66 58 67 59 5606
67 59 68 60 5606
68 60 69 61 5606
69 61 70 62 5606
70 62 71 63 5606
71 63 72 64 5606
72 64 73 65 5606
73 65 74 66 5606
74 66 75 67 5606
75 67 76 68 5606
76 68 77 69 5606
77 69 78 70 5606
78 70 79 71 5606
79 71 80 72 5606
80 72 81 73 5606
81 73 82 74 5606
82 74 83 75 5606
83 75 84 76 5606
84 76 85 77 5606
85 77 86 78 5606
86 78 87 79 5606
87 79 88 80 5606
88 80 89 81 5606
89 81 90 82 5606
90 82 91 83 5606
91 83 92 84 5606
92 84 93 85 5606
93 85 94 86 5606
94 86 95 87 5606
95 87 96 88 5606
96 88 97 89 5606
97 89 98 90 5606
98 90 99 91 5606
99 91 100 92 5606
100 92 101 93 5606
101 93 102 94 5606
102 94 103 95 5606
103 95 104 96 5606
104 96 105 97 5606
105 97 106 98 5606
106 98 107 99 5606
107 99 108 100 5606
108 100 109 101 5606
109 101 110 102 5606
110 102 111 103 5606
111 103 112 104 5606
112 104 113 105 5606
113 105 114 106 5606
114 106 115 107 5606
115 107 116 108 5606
116 108 117 109 5606
117 109 118 110 5606
118 110 119 111 5606
119 111 120 112 5606
120 112 121 113 5606
121 113 122 114 5606
122 114 123 115 5606
123 115 124 116 5606
124 116 125 117 5606
125 117 126 118 5606
126 118 127 119 5606
127 119 128 120 5606
128 120 129 121 5606
129 121 130 122 5606
130 122 131 123 5606
131 123 132 124 5606
132 124 133 125 5606
133 125 134 126 5606
134 126 135 127 5606
135 127 136 128 5606
136 128 137 129 5606
137 129 138 130 5606
138 130 139 131 5606
139 131 140 132 5606
140 132 141 133 5606
141 133 142 134 5606
142 134 143 135 5606
143 135 144 136 5606
144 136 145 137 5606
145 137 146 138 5606
146 138 147 139 5606
147 139 148 140 5606
148 140 149 141 5606
149 141 150 142 5606
150 142 151 143 5606
151 143 152 144 5606
152 144 153 145 5606
153 145 154 146 5606
154 146 155 147 5606
155 147 156 148 5606
156 148 157 149 5606
157 149 158 150 5606
158 150 159 151 5606
159 151 160 152 5606
160 152 161 153 5606
161 153 162 154 5606
162 154 163 155 5606
163 155 164 156 5606
164 156 165 157 5606
165 157 166 158 5606
166 158 167 159 5606
