0 0 1 1 5606
1 1 2 2 5606
2 2 3 3 5606
3 3 4 4 5606
4 4 5 5 5606
5 5 6 6 5606
6 6 7 7 5606
7 7 8 8 5606
8 8 9 9 5606
9 9 10 10 5606
10 10 11 11 5606
11 11 12 12 5606
12 12 13 13 5606
13 13 14 14 5606
14 14 15 15 5606
15 15 16 16 5606
16 16 17 17 5606
17 17 18 18 5606
18 18 19 19 5606
19 19 20 20 5606
20 20 21 21 5606
21 21 22 22 5606
22 22 23 23 5606
23 23 24 24 5606
24 24 25 25 5606
25 25 26 26 5606
26 26 27 27 5606
27 27 28 28 5606
28 28 29 29 5606
29 29 30 30 5606
30 30 31 31 5606
31 31 32 32 5606
32 32 33 33 5606
33 33 34 34 5606
34 34 35 35 5606
35 35 36 36 5606
36 36 37 37 5606
37 38 38 39 1
37 37 38 38 5592
37 37 38 37 13
37 37 37 38 1
38 38 39 38 17
38 38 39 39 5575
38 39 39 40 1
38 37 39 38 13
39 38 40 39 30
39 39 40 39 48
39 39 40 40 5527
39 40 40 41 1
40 39 41 40 78
40 40 41 40 2756
40 40 41 41 2771
40 41 41 41 1
41 40 42 40 3
41 40 42 41 2831
41 41 42 42 23
41 41 42 41 2749
42 42 43 42 15
42 42 43 43 8
42 40 43 40 3
42 41 43 42 5572
42 41 43 41 8
43 42 44 43 5587
43 40 44 40 3
43 43 44 44 8
43 41 44 41 8
44 40 45 41 3
44 43 45 44 5587
44 44 45 45 8
44 41 45 41 8
45 45 46 46 8
45 41 46 42 11
45 44 46 45 5587
46 42 47 43 11
46 46 47 47 9
46 45 46 46 1
46 45 47 46 5585
46 45 47 45 1
47 46 47 47 1
47 46 48 46 213
47 46 48 47 5371
47 45 48 45 1
47 43 48 44 11
47 47 48 48 9
47 47 48 47 1
48 49 49 50 8
48 46 49 46 212
48 46 49 47 1
48 45 49 45 1
48 44 49 45 11
48 48 49 49 10
48 48 48 49 8
48 47 49 48 212
48 47 49 47 5151
48 47 48 48 9
49 50 50 51 9
49 49 50 50 1
49 49 50 49 9
49 49 49 50 1
49 46 50 46 211
49 46 50 47 1
49 45 50 46 11
49 45 50 45 1
49 48 50 49 106
49 48 50 48 105
49 48 49 49 1
49 47 50 48 24
49 47 50 47 5128
50 50 51 50 1
50 46 51 46 213
50 46 51 47 9
50 49 51 50 10
50 49 51 49 105
50 45 51 46 1
50 51 51 52 9
50 48 51 49 24
50 48 51 48 105
50 47 51 47 5129
51 52 52 52 2
51 52 52 53 7
51 50 52 50 4
51 50 52 51 7
51 46 52 46 112
51 46 52 47 102
51 49 52 50 24
51 49 52 49 105
51 48 52 48 105
51 47 52 48 2
51 47 52 47 5136
52 50 53 50 6
52 50 53 51 22
52 53 53 54 7
52 51 53 52 6
52 51 53 51 1
52 48 53 49 2
52 48 53 48 105
52 47 53 47 99
52 47 53 48 5139
52 52 53 52 2
52 49 53 49 105
52 46 53 47 112
53 52 54 52 2
53 52 54 53 6
53 50 54 50 6
53 49 54 49 107
53 51 54 52 21
53 51 54 51 2
53 54 54 54 1
53 54 54 55 6
53 47 53 48 1
53 47 54 48 210
53 48 54 49 5244
53 48 54 48 1
54 50 55 50 6
54 53 55 53 4
54 53 55 54 2
54 51 55 51 2
54 48 54 49 3
54 48 55 49 208
54 52 55 52 2
54 52 55 53 21
54 49 55 50 5353
54 49 55 49 1
54 55 55 56 2
54 55 55 55 4
54 54 55 54 1
55 52 56 53 2
55 50 56 50 2
55 50 56 51 5357
55 53 56 53 5
55 53 56 54 20
55 56 56 56 2
55 49 56 50 209
55 51 56 51 2
55 54 56 55 3
55 55 56 55 4
56 50 57 51 211
56 53 57 53 5
56 53 57 54 2
56 56 57 56 2
56 51 57 52 5358
56 51 57 51 1
56 55 57 55 7
56 54 57 54 2
56 54 57 55 18
57 52 58 53 5358
57 53 58 53 5
57 56 58 56 2
57 51 58 52 212
57 54 58 55 1
57 54 58 54 3
57 55 58 55 25
58 52 59 53 145
58 52 58 53 67
58 53 59 54 5430
58 56 59 56 2
58 54 59 54 3
58 55 59 55 26
59 53 59 54 70
59 53 60 54 75
59 56 60 56 2
59 55 60 55 26
59 54 60 55 5503
60 56 61 56 2
60 54 60 55 75
60 55 61 56 5604
61 56 62 57 5606
62 57 63 58 5606
63 58 64 59 5606
64 59 65 60 5606
65 60 66 61 5606
66 61 67 62 5606
67 62 68 63 5606
68 63 69 64 5606
69 64 70 65 5606
70 65 71 66 5606
71 66 72 67 5606
72 67 73 68 5606
73 68 74 69 5606
74 69 75 70 5606
75 70 76 71 5606
76 71 77 72 5606
77 72 78 73 5606
78 73 79 74 5606
79 74 80 75 5606
80 75 81 76 5606
81 76 82 77 5606
82 77 83 78 5606
83 78 84 79 5606
84 79 85 80 5606
85 80 86 81 5606
86 81 87 82 5606
87 82 88 83 5606
88 83 89 84 5606
89 84 90 85 5606
90 85 91 86 5606
91 86 92 87 5606
92 87 93 88 5606
93 88 94 89 5606
94 89 95 90 5606
95 90 96 91 5606
96 91 97 92 5606
97 92 98 93 5606
98 93 99 94 5606
99 94 100 95 5606
100 95 101 96 5606
101 96 102 97 5606
102 97 103 98 5606
103 98 104 99 5606
104 99 105 100 5606
105 100 106 101 5606
106 101 107 102 5606
107 102 108 103 5606
108 103 109 104 5606
109 104 110 105 5606
110 105 111 106 5606
111 106 112 107 5606
112 107 113 108 5606
113 108 114 109 5606
114 109 115 110 5606
115 110 116 111 5606
116 111 117 112 5606
117 112 118 113 5606
118 113 119 114 5606
119 114 120 115 5606
120 115 121 116 5606
121 116 122 117 5606
122 117 123 118 5606
123 118 124 119 5606
124 119 125 120 5606
125 120 126 121 5606
126 121 127 122 5606
127 122 128 123 5606
128 123 129 124 5606
129 124 130 125 5606
130 125 131 126 5606
131 126 132 127 5606
132 127 133 128 5606
133 128 134 129 5606
134 129 135 130 5606
135 130 136 131 5606
136 131 137 132 5606
137 132 138 133 5606
138 133 139 134 5606
139 134 140 135 5606
140 135 141 136 5606
141 136 142 137 5606
142 137 143 138 5606
143 138 144 139 5606
144 139 145 140 5606
145 140 146 141 5606
146 141 147 142 5606
147 142 148 143 5606
148 143 149 144 5606
149 144 150 145 5606
150 145 151 146 5606
151 146 152 147 5606
152 147 153 148 5606
153 148 154 149 5606
154 149 155 150 5606
155 150 156 151 5606
156 151 157 152 5606
157 152 158 153 5606
158 153 159 154 5606
159 154 160 155 5606
160 155 161 156 5606
161 156 162 157 5606
162 157 163 158 5606
163 158 164 159 5606
164 159 165 160 5606
165 160 166 161 5606
166 161 167 162 5606
