0 0 1 1 5606
1 1 2 2 5606
2 2 3 3 5606
3 3 4 4 5606
4 4 5 5 5606
5 5 6 6 5606
6 6 7 7 5606
7 7 8 8 5606
8 8 9 9 5606
9 9 10 10 5606
10 10 11 11 5606
11 11 12 12 5606
12 12 13 13 5606
13 13 14 14 5606
14 14 15 15 5606
15 15 16 16 5606
16 16 17 17 5606
17 17 18 18 5606
18 18 19 19 5606
19 19 20 20 5606
20 20 21 21 5606
21 21 22 22 5606
22 22 23 23 5606
23 23 24 24 5606
24 24 25 25 5606
25 25 26 26 5606
26 26 27 27 5606
27 27 28 28 5606
28 28 29 29 5606
29 29 30 30 5606
30 30 31 31 5606
31 31 32 32 5606
32 32 33 33 5606
33 33 34 34 5606
34 34 35 35 5606
35 35 36 36 5606
36 36 37 36 1
36 36 37 37 5605
37 36 38 36 1
37 37 38 38 5605
38 38 39 38 61
38 38 39 39 5544
38 36 39 36 1
39 38 40 38 61
39 39 40 39 2680
39 39 40 40 2864
39 36 40 36 1
40 38 41 38 61
40 39 41 39 2680
40 36 41 36 1
40 40 41 40 63
40 40 41 41 2801
41 38 42 39 61
41 39 42 39 2680
41 36 42 36 1
41 40 42 40 63
41 41 42 42 2739
41 41 42 41 62
42 42 43 42 51
42 42 43 43 2688
42 39 43 39 13
42 39 43 40 2728
42 36 43 37 1
42 40 43 40 63
42 41 43 41 62
43 42 44 42 51
43 39 44 39 13
43 40 44 41 2791
43 37 44 38 1
43 43 44 43 55
43 43 44 44 2633
43 41 44 41 62
44 38 45 39 1
44 42 45 42 51
44 39 45 39 13
44 43 45 43 55
44 44 45 45 2570
44 44 45 44 63
44 41 45 42 2853
45 42 46 42 2
45 42 46 43 2902
45 39 46 40 14
45 45 46 46 2442
45 45 46 45 128
45 43 46 43 55
45 44 46 45 1
45 44 46 44 62
46 42 47 42 2
46 40 47 41 14
46 46 46 47 1
46 46 47 46 14
46 46 47 47 2427
46 45 47 46 17
46 45 47 45 112
46 43 47 43 8
46 43 47 44 2949
46 44 47 45 2
46 44 47 44 60
46 47 47 48 1
47 41 48 42 13
47 41 48 41 1
47 48 48 48 1
47 47 48 47 160
47 47 48 48 2267
47 42 48 42 2
47 46 48 46 14
47 46 48 47 18
47 45 47 46 1
47 45 48 46 5
47 45 48 45 109
47 43 48 43 7
47 43 48 44 1
47 44 47 45 1
47 44 48 45 2914
47 44 48 44 94
48 42 49 42 10
48 42 49 43 5
48 46 49 46 18
48 46 49 47 1
48 45 49 46 103
48 45 49 45 2920
48 43 49 43 7
48 41 49 41 1
48 44 49 45 1
48 44 49 44 94
48 47 49 47 178
48 48 49 49 72
48 48 49 48 2196
49 41 50 41 1
49 47 50 48 3
49 47 50 47 176
49 48 50 49 3
49 48 50 48 2193
49 42 50 42 10
49 49 50 50 33
49 49 50 49 39
49 46 50 46 63
49 46 50 47 58
49 45 50 46 9
49 45 50 45 2912
49 43 50 43 7
49 43 50 44 5
49 44 50 44 94
50 50 51 50 8
50 50 51 51 25
50 41 51 41 1
50 47 51 48 29
50 47 51 47 205
50 48 51 48 2196
50 42 51 42 10
50 49 51 49 42
50 46 51 46 71
50 46 51 47 1
50 45 51 45 2912
50 43 51 43 7
50 44 51 45 5
50 44 51 44 94
51 50 52 50 8
51 51 52 51 25
51 41 52 42 1
51 47 52 48 43
51 47 52 47 163
51 48 52 49 7
51 48 52 48 2218
51 42 52 42 10
51 49 52 49 42
51 46 52 46 71
51 45 52 46 6
51 45 52 45 2911
51 43 52 43 7
51 44 52 45 50
51 44 52 44 44
52 50 53 50 8
52 51 53 51 25
52 47 53 48 84
52 47 53 47 79
52 48 53 49 1260
52 48 53 48 1001
52 42 53 43 11
52 49 53 50 3
52 49 53 49 46
52 46 53 46 57
52 46 53 47 20
52 45 53 46 1900
52 45 53 45 1061
52 43 53 43 4
52 43 53 44 3
52 44 53 45 34
52 44 53 44 10
53 50 54 50 11
53 51 54 51 25
53 47 54 48 18
53 47 54 47 81
53 48 53 49 1
53 48 54 49 47
53 48 54 48 1037
53 49 54 50 452
53 49 54 49 855
53 46 54 46 923
53 46 54 47 1034
53 45 54 46 12
53 45 54 45 1083
53 43 54 44 15
53 44 54 45 4
53 44 54 44 9
54 50 55 50 414
54 50 55 51 49
54 51 55 52 1
54 51 55 51 24
54 47 55 48 121
54 47 55 47 994
54 48 55 49 25
54 48 55 48 1030
54 49 55 50 26
54 49 55 49 876
54 46 55 46 935
54 45 55 46 22
54 45 55 45 1065
54 44 55 45 24
55 50 56 50 427
55 50 56 51 13
55 51 56 52 3
55 51 56 51 70
55 47 56 48 9
55 47 56 47 985
55 48 56 49 892
55 48 56 48 259
55 52 56 52 1
55 49 56 50 28
55 49 56 49 873
55 46 56 46 932
55 46 56 47 25
55 45 56 46 1089
56 52 57 52 3
56 52 57 53 1
56 50 57 50 428
56 50 57 51 27
56 49 57 50 1669
56 49 57 49 96
56 46 57 47 2021
56 51 57 51 83
56 47 57 48 23
56 47 57 47 987
56 48 57 49 13
56 48 57 48 255
57 52 58 52 3
57 50 58 50 97
57 50 58 51 2000
57 53 58 53 1
57 49 58 50 20
57 49 58 49 89
57 51 58 52 2
57 51 58 51 108
57 48 58 49 30
57 48 58 48 248
57 47 58 48 3008
58 52 59 52 5
58 50 59 50 109
58 50 59 51 8
58 53 59 53 1
58 49 59 50 17
58 49 59 49 102
58 51 59 52 84
58 51 59 51 2024
58 48 59 49 3256
59 52 60 52 49
59 52 60 53 40
59 50 60 50 126
59 53 60 53 1
59 49 60 50 3358
59 51 60 51 2032
60 52 61 52 49
60 50 61 51 3484
60 53 61 53 41
60 51 61 51 2032
61 52 62 52 49
61 53 62 53 41
61 51 62 52 5516
62 52 63 53 5565
62 53 63 53 41
63 53 64 54 5606
64 54 65 55 5606
65 55 66 56 5606
66 56 67 57 5606
67 57 68 58 5606
68 58 69 59 5606
69 59 70 60 5606
70 60 71 61 5606
71 61 72 62 5606
72 62 73 63 5606
73 63 74 64 5606
74 64 75 65 5606
75 65 76 66 5606
76 66 77 67 5606
77 67 78 68 5606
78 68 79 69 5606
79 69 80 70 5606
80 70 81 71 5606
81 71 82 72 5606
82 72 83 73 5606
83 73 84 74 5606
84 74 85 75 5606
85 75 86 76 5606
86 76 87 77 5606
87 77 88 78 5606
88 78 89 79 5606
89 79 90 80 5606
90 80 91 81 5606
91 81 92 82 5606
92 82 93 83 5606
93 83 94 84 5606
94 84 95 85 5606
95 85 96 86 5606
96 86 97 87 5606
97 87 98 88 5606
98 88 99 89 5606
99 89 100 90 5606
100 90 101 91 5606
101 91 102 92 5606
102 92 103 93 5606
103 93 104 94 5606
104 94 105 95 5606
105 95 106 96 5606
106 96 107 97 5606
107 97 108 98 5606
108 98 109 99 5606
109 99 110 100 5606
110 100 111 101 5606
111 101 112 102 5606
112 102 113 103 5606
113 103 114 104 5606
114 104 115 105 5606
115 105 116 106 5606
116 106 117 107 5606
117 107 118 108 5606
118 108 119 109 5606
119 109 120 110 5606
120 110 121 111 5606
121 111 122 112 5606
122 112 123 113 5606
123 113 124 114 5606
124 114 125 115 5606
125 115 126 116 5606
126 116 127 117 5606
127 117 128 118 5606
128 118 129 119 5606
129 119 130 120 5606
130 120 131 121 5606
131 121 132 122 5606
132 122 133 123 5606
133 123 134 124 5606
134 124 135 125 5606
135 125 136 126 5606
136 126 137 127 5606
137 127 138 128 5606
138 128 139 129 5606
139 129 140 130 5606
140 130 141 131 5606
141 131 142 132 5606
142 132 143 133 5606
143 133 144 134 5606
144 134 145 135 5606
145 135 146 136 5606
146 136 147 137 5606
147 137 148 138 5606
148 138 149 139 5606
149 139 150 140 5606
150 140 151 141 5606
151 141 152 142 5606
152 142 153 143 5606
153 143 154 144 5606
154 144 155 145 5606
155 145 156 146 5606
156 146 157 147 5606
157 147 158 148 5606
158 148 159 149 5606
159 149 160 150 5606
160 150 161 151 5606
161 151 162 152 5606
162 152 163 153 5606
163 153 164 154 5606
164 154 165 155 5606
165 155 166 156 5606
166 156 167 157 5606
