0 0 1 1 5606
1 1 2 2 5606
2 2 3 3 5606
3 3 4 4 5606
4 4 5 5 5606
5 5 6 6 5606
6 6 7 7 5606
7 7 8 8 5606
8 8 9 9 5606
9 9 10 10 5606
10 10 11 11 5606
11 11 12 12 5606
12 12 13 13 5606
13 13 14 14 5606
14 14 15 15 5606
15 15 16 16 5606
16 16 17 17 5606
17 17 18 18 5606
18 18 18 19 107
18 18 19 19 5499
18 19 19 20 107
19 19 19 20 5450
19 19 20 20 49
19 20 20 21 5557
20 21 21 22 5605
20 20 21 21 1
20 20 20 21 48
21 22 22 23 5606
21 21 21 22 1
22 23 23 24 5606
23 24 24 25 5606
24 25 25 26 5606
25 26 26 27 5606
26 27 27 28 5606
27 28 28 29 5606
28 29 29 30 5606
29 30 30 31 5606
30 31 31 32 5606
31 32 32 33 5606
32 33 33 34 5606
33 34 34 35 5606
34 35 35 36 5606
35 36 36 37 5606
36 38 37 39 1
36 37 36 38 1
36 37 37 38 5592
36 37 37 37 13
37 38 38 38 17
37 38 38 39 5575
37 39 38 40 1
37 37 38 38 13
38 38 39 39 30
38 39 38 40 3
38 39 39 39 47
38 39 39 40 5525
38 40 38 41 3
38 40 39 41 1
38 41 39 42 3
39 42 40 43 3
39 39 40 40 77
39 40 40 40 2755
39 40 40 41 2770
39 41 40 41 1
40 40 41 40 3
40 40 41 41 2829
40 43 41 44 3
40 41 41 42 23
40 41 41 41 2748
41 42 42 42 15
41 42 42 43 8
41 42 41 43 1
41 40 42 40 3
41 43 41 44 1
41 44 42 45 4
41 41 42 42 5568
41 41 42 41 8
41 41 41 42 1
42 42 43 43 5583
42 40 43 40 3
42 45 43 46 4
42 43 43 44 8
42 41 43 41 8
43 40 44 41 3
43 46 44 47 5
43 45 43 46 1
43 45 44 46 2
43 43 43 44 2
43 43 44 44 5581
43 44 43 45 3
43 44 44 45 7
43 41 44 41 8
44 46 45 47 6
44 46 44 47 2
44 45 45 46 7
44 45 44 46 6
44 41 45 42 11
44 44 45 45 5575
44 44 44 45 6
44 47 45 48 7
45 42 46 43 11
45 46 46 47 8
45 46 45 47 25
45 45 46 46 5549
45 45 45 46 26
45 48 46 49 11
45 47 46 48 27
45 47 45 48 4
46 50 46 51 2
46 51 46 52 2
46 48 46 49 8
46 48 47 49 52
46 47 46 48 33
46 47 47 48 10
46 52 47 53 2
46 46 46 47 35
46 46 47 46 8
46 46 47 47 5506
46 49 46 50 2
46 49 47 50 17
46 43 47 44 11
47 50 48 51 1791
47 53 48 54 2
47 46 48 46 5
47 46 47 47 3
47 49 48 50 362
47 49 47 50 1774
47 44 48 45 11
47 48 48 49 2
47 48 47 49 2084
47 47 48 47 68
47 47 48 48 3365
47 47 47 48 2076
48 50 49 51 392
48 50 48 51 1787
48 53 48 54 4
48 51 49 52 3573
48 51 49 51 1
48 51 48 52 4
48 47 49 47 65
48 47 48 48 5
48 48 49 49 1549
48 48 49 48 6
48 48 48 49 1815
48 52 48 53 4
48 49 48 50 1817
48 46 49 46 4
48 46 49 47 1
48 46 48 47 2
48 45 49 46 9
48 45 48 46 2
48 54 49 55 5
48 54 49 54 1
49 52 50 53 5005
49 50 49 51 1425
49 46 50 46 4
49 46 50 47 7
49 46 49 47 2
49 49 50 50 137
49 49 50 49 1
49 49 49 50 1425
49 51 50 52 386
49 51 49 52 1432
49 55 50 55 5
49 54 50 54 1
49 48 50 48 4
49 48 49 49 14
49 47 50 47 56
49 47 49 48 12
50 52 50 53 203
50 52 51 53 287
50 50 50 51 104
50 50 51 51 94
50 53 51 54 5208
50 49 50 50 61
50 46 50 47 2
50 46 51 47 2
50 51 50 52 104
50 55 51 55 5
50 54 51 54 1
50 48 50 49 60
50 48 51 48 1
50 47 50 48 57
50 47 51 48 5
50 47 51 47 3
51 50 51 51 6
51 53 52 54 176
51 53 51 54 154
51 51 52 52 57
51 51 51 52 43
51 48 52 49 3
51 48 52 48 1
51 48 51 49 6
51 47 52 48 1
51 47 51 48 4
51 52 51 53 43
51 49 51 50 6
51 55 52 55 5
51 54 52 55 5363
52 50 52 51 4
52 53 52 54 53
52 51 52 52 4
52 48 52 49 2
52 52 52 53 53
52 52 53 53 8
52 56 53 56 2
52 49 52 50 4
52 49 53 50 1
52 55 52 56 2
52 55 53 56 5595
52 54 52 55 229
53 52 53 53 1
53 50 53 51 1
53 53 53 54 9
53 56 54 57 5606
53 51 53 52 1
53 55 53 56 9
53 54 53 55 9
54 57 55 58 5606
55 58 56 59 5606
56 59 57 60 5606
57 60 58 61 5606
58 61 59 62 5606
59 62 60 63 5606
60 63 61 64 5606
61 64 62 65 5606
62 65 63 66 5606
63 66 64 67 5606
64 67 65 68 5606
65 68 66 69 5606
66 69 67 70 5606
67 70 68 71 5606
68 71 69 72 5606
69 72 70 73 5606
70 73 71 74 5606
71 74 72 75 5606
72 75 73 76 5606
73 76 74 77 5606
74 77 75 78 5606
75 78 76 79 5606
76 79 77 80 5606
77 80 78 81 5606
78 81 79 82 5606
79 82 80 83 5606
80 83 81 84 5606
81 84 82 85 5606
82 85 83 86 5606
83 86 84 87 5606
84 87 85 88 5606
85 88 86 89 5606
86 89 87 90 5606
87 90 88 91 5606
88 91 89 92 5606
89 92 90 93 5606
90 93 91 94 5606
91 94 92 95 5606
92 95 93 96 5606
93 96 94 97 5606
94 97 95 98 5606
95 98 96 99 5606
96 99 97 100 5606
97 100 98 101 5606
98 101 99 102 5606
99 102 100 103 5606
100 103 101 104 5606
101 104 102 105 5606
102 105 103 106 5606
103 106 104 107 5606
104 107 105 108 5606
105 108 106 109 5606
106 109 107 110 5606
107 110 108 111 5606
108 111 109 112 5606
109 112 110 113 5606
110 113 111 114 5606
111 114 112 115 5606
112 115 113 116 5606
113 116 114 117 5606
114 117 115 118 5606
115 118 116 119 5606
116 119 117 120 5606
117 120 118 121 5606
118 121 119 122 5606
119 122 120 123 5606
120 123 121 124 5606
121 124 122 125 5606
122 125 123 126 5606
123 126 124 127 5606
124 127 125 128 5606
125 128 126 129 5606
126 129 127 130 5606
127 130 128 131 5606
128 131 129 132 5606
129 132 130 133 5606
130 133 131 134 5606
131 134 132 135 5606
132 135 133 136 5606
133 136 134 137 5606
134 137 135 138 5606
135 138 136 139 5606
136 139 137 140 5606
137 140 138 141 5606
138 141 139 142 5606
139 142 140 143 5606
140 143 141 144 5606
141 144 142 145 5606
142 145 143 146 5606
143 146 144 147 5606
144 147 145 148 5606
145 148 146 149 5606
146 149 147 150 5606
147 150 148 151 5606
148 151 149 152 5606
149 152 150 153 5606
150 153 151 154 5606
151 154 152 155 5606
152 155 153 156 5606
153 156 154 157 5606
154 157 155 158 5606
155 158 156 159 5606
156 159 157 160 5606
157 160 158 161 5606
158 161 159 162 5606
