0 0 1 1 5606
1 1 2 2 5606
2 2 3 3 5606
3 3 4 4 5606
4 4 5 5 5606
5 5 6 6 5606
6 6 7 7 5606
7 7 8 8 5606
8 8 9 9 5606
9 9 10 10 5606
10 10 11 11 5606
11 11 12 12 5606
12 12 13 13 5606
13 13 14 14 5606
14 14 15 15 5606
15 15 16 16 5606
16 16 17 17 5606
17 17 18 18 5606
18 18 18 19 107
18 18 19 19 5499
18 19 19 20 107
19 19 19 20 5450
19 19 20 20 49
19 20 20 21 5557
20 21 21 22 5605
20 20 21 21 1
20 20 20 21 48
21 22 22 23 5606
21 21 21 22 1
22 23 23 24 5606
23 24 24 25 5606
24 25 25 26 5606
25 26 26 27 5606
26 27 27 28 5606
27 28 28 29 5606
28 29 29 30 5606
29 30 30 31 5606
30 31 31 32 5606
31 32 32 33 5606
32 33 33 34 5606
33 34 34 35 5606
34 35 35 36 5606
35 36 36 36 1
35 36 36 37 5605
36 36 37 36 1
36 37 37 38 5605
37 38 38 38 61
37 38 38 39 5544
37 36 38 36 1
38 38 39 38 61
38 39 39 39 2677
38 39 39 40 2867
38 36 39 36 1
39 38 40 38 61
39 39 40 39 2677
39 36 40 36 1
39 40 40 40 63
39 40 40 41 2804
40 38 41 39 61
40 39 41 39 2677
40 36 41 36 1
40 40 41 40 63
40 41 41 42 2742
40 41 41 41 62
41 42 42 42 50
41 42 42 43 2692
41 39 42 39 13
41 39 42 40 2725
41 36 42 37 1
41 40 42 40 63
41 41 42 41 62
42 42 43 42 50
42 39 43 39 13
42 40 43 41 2788
42 37 43 38 1
42 43 43 43 55
42 43 43 44 2637
42 41 43 41 62
43 38 44 39 1
43 42 44 42 50
43 39 44 39 13
43 43 44 43 55
43 44 44 45 2577
43 44 44 44 60
43 41 44 42 2850
44 42 45 42 1
44 42 45 43 2899
44 39 45 40 14
44 45 45 46 2454
44 45 45 45 123
44 43 45 43 55
44 44 45 44 60
45 40 46 41 14
45 48 46 49 3
45 48 46 48 3
45 48 45 49 2
45 47 46 47 1
45 47 45 48 8
45 42 46 42 1
45 46 46 46 5
45 46 46 47 2440
45 46 45 47 9
45 49 46 50 2
45 45 46 46 17
45 45 46 45 107
45 43 46 43 2
45 43 46 44 2951
45 43 45 44 1
45 44 46 45 1
45 44 46 44 59
45 44 45 45 1
46 50 47 51 2
46 41 47 42 14
46 48 46 49 8
46 48 47 48 6
46 47 46 48 11
46 47 47 47 41
46 47 47 48 2389
46 42 47 42 1
46 49 47 50 2
46 49 47 49 9
46 46 47 46 6
46 46 47 47 18
46 45 46 46 2
46 45 47 46 1
46 45 47 45 107
46 43 47 43 2
46 44 46 45 2
46 44 47 45 3005
46 44 47 44 3
47 50 48 50 18
47 50 48 51 26
47 50 47 51 4
47 51 48 51 6
47 47 48 48 21
47 47 48 47 40
47 48 47 49 58
47 48 48 49 2129
47 48 48 48 208
47 42 48 43 15
47 49 47 50 46
47 49 48 49 21
47 46 47 47 2
47 46 48 46 6
47 46 48 47 1
47 45 47 46 2
47 45 48 46 3070
47 45 48 45 40
47 43 48 43 2
47 44 48 44 3
48 50 49 50 20
48 50 48 51 5
48 51 49 51 37
48 47 49 48 1
48 47 49 47 40
48 48 49 49 24
48 48 49 48 205
48 46 49 46 1
48 46 49 47 3080
48 49 49 50 2083
48 49 49 49 60
48 49 48 50 7
48 45 49 46 12
48 45 49 45 24
48 45 48 46 5
48 43 49 44 16
48 43 48 44 1
48 44 49 44 3
48 44 48 45 1
49 50 50 50 65
49 50 50 51 2065
49 50 49 51 3
49 53 50 53 1
49 51 50 51 39
49 51 49 52 1
49 48 50 48 206
49 48 49 49 26
49 47 50 47 33
49 47 50 48 3062
49 47 49 48 26
49 52 49 53 1
49 49 50 50 23
49 49 50 49 57
49 49 49 50 30
49 46 50 47 13
49 46 49 47 1
49 45 50 45 23
49 45 49 46 1
49 44 50 45 18
49 44 50 44 1
50 50 50 51 1
50 50 51 50 79
50 50 51 51 8
50 53 51 53 1
50 51 51 52 89
50 51 51 51 2016
50 47 50 48 5
50 47 51 47 1
50 47 51 48 40
50 48 51 49 3254
50 48 51 48 19
50 49 51 49 57
50 45 51 46 36
50 45 51 45 5
50 44 51 45 1
51 50 52 50 79
51 53 52 53 1
51 51 52 51 2024
51 47 52 47 1
51 47 51 48 1
51 48 52 49 52
51 48 52 48 1
51 48 51 49 7
51 52 52 52 49
51 52 52 53 40
51 49 52 50 3311
51 49 52 49 7
51 46 52 47 35
51 46 51 47 1
51 45 52 46 4
51 45 52 45 2
52 50 53 51 3491
52 53 53 53 41
52 51 53 51 2024
52 48 52 49 42
52 47 52 48 41
52 52 53 52 49
52 46 52 47 5
52 49 52 50 101
52 45 52 46 1
52 45 53 45 1
53 50 53 51 1
53 53 54 53 41
53 51 54 52 5516
53 48 53 49 1
53 47 53 48 1
53 52 54 52 49
53 46 53 47 1
53 49 53 50 1
53 45 53 46 1
54 52 55 53 5565
54 53 55 53 41
55 53 56 54 5606
56 54 57 55 5606
57 55 58 56 5606
58 56 59 57 5606
59 57 60 58 5606
60 58 61 59 5606
61 59 62 60 5606
62 60 63 61 5606
63 61 64 62 5606
64 62 65 63 5606
65 63 66 64 5606
66 64 67 65 5606
67 65 68 66 5606
68 66 69 67 5606
69 67 70 68 5606
70 68 71 69 5606
71 69 72 70 5606
72 70 73 71 5606
73 71 74 72 5606
74 72 75 73 5606
75 73 76 74 5606
76 74 77 75 5606
77 75 78 76 5606
78 76 79 77 5606
79 77 80 78 5606
80 78 81 79 5606
81 79 82 80 5606
82 80 83 81 5606
83 81 84 82 5606
84 82 85 83 5606
85 83 86 84 5606
86 84 87 85 5606
87 85 88 86 5606
88 86 89 87 5606
89 87 90 88 5606
90 88 91 89 5606
91 89 92 90 5606
92 90 93 91 5606
93 91 94 92 5606
94 92 95 93 5606
95 93 96 94 5606
96 94 97 95 5606
97 95 98 96 5606
98 96 99 97 5606
99 97 100 98 5606
100 98 101 99 5606
101 99 102 100 5606
102 100 103 101 5606
103 101 104 102 5606
104 102 105 103 5606
105 103 106 104 5606
106 104 107 105 5606
107 105 108 106 5606
108 106 109 107 5606
109 107 110 108 5606
110 108 111 109 5606
111 109 112 110 5606
112 110 113 111 5606
113 111 114 112 5606
114 112 115 113 5606
115 113 116 114 5606
116 114 117 115 5606
117 115 118 116 5606
118 116 119 117 5606
119 117 120 118 5606
120 118 121 119 5606
121 119 122 120 5606
122 120 123 121 5606
123 121 124 122 5606
124 122 125 123 5606
125 123 126 124 5606
126 124 127 125 5606
127 125 128 126 5606
128 126 129 127 5606
129 127 130 128 5606
130 128 131 129 5606
131 129 132 130 5606
132 130 133 131 5606
133 131 134 132 5606
134 132 135 133 5606
135 133 136 134 5606
136 134 137 135 5606
137 135 138 136 5606
138 136 139 137 5606
139 137 140 138 5606
140 138 141 139 5606
141 139 142 140 5606
142 140 143 141 5606
143 141 144 142 5606
144 142 145 143 5606
145 143 146 144 5606
146 144 147 145 5606
147 145 148 146 5606
148 146 149 147 5606
149 147 150 148 5606
150 148 151 149 5606
151 149 152 150 5606
152 150 153 151 5606
153 151 154 152 5606
154 152 155 153 5606
155 153 156 154 5606
156 154 157 155 5606
157 155 158 156 5606
158 156 159 157 5606
