0 0 1 1 5606
1 1 2 2 5606
2 2 3 3 5606
3 3 4 4 5606
4 4 5 5 5606
5 5 6 6 5606
6 6 7 7 5606
7 7 8 8 5606
8 8 9 9 5606
9 9 10 10 5606
10 10 11 11 5606
11 11 12 12 5606
12 12 13 13 5606
13 13 14 14 5606
14 14 15 15 5606
15 15 16 16 5606
16 16 17 17 5606
17 17 18 18 5606
18 18 19 19 5606
19 19 20 20 5606
20 20 21 21 5606
21 21 22 22 5606
22 22 23 23 5606
23 23 24 24 5606
24 24 25 25 5606
25 25 26 26 5606
26 26 27 27 5606
27 27 28 28 5606
28 28 29 29 5606
29 29 30 30 5606
30 30 31 31 5606
31 31 32 32 5606
32 32 33 33 5606
33 33 34 34 5606
34 34 35 35 5606
35 35 36 36 5606
36 36 37 36 1
36 36 37 37 5605
37 38 38 38 1
37 38 38 39 12
37 36 38 36 1
37 37 38 38 5591
37 37 38 37 1
37 37 37 38 13
38 38 38 39 17
38 38 39 38 61
38 38 39 39 5514
38 39 39 39 15
38 39 39 40 14
38 36 39 36 1
38 37 39 38 1
39 38 40 38 61
39 38 40 39 1
39 39 39 40 19
39 39 40 39 2680
39 39 40 40 2830
39 36 40 36 1
39 40 40 41 33
40 42 40 43 1
40 38 41 38 34
40 38 41 39 27
40 39 40 40 2
40 39 41 39 2678
40 39 41 40 1
40 36 41 36 1
40 40 40 41 1393
40 40 41 40 63
40 40 41 41 1376
40 43 41 43 1
40 41 40 42 1
40 41 41 42 1393
40 41 41 41 32
41 39 42 39 21
41 39 42 40 2716
41 39 41 40 2
41 36 42 37 1
41 40 42 40 63
41 40 41 41 3
41 41 42 42 15
41 41 42 41 62
41 41 41 42 1334
41 42 42 42 51
41 42 42 43 2670
41 42 41 43 6
41 38 41 39 34
41 45 42 46 3
41 45 42 45 3
41 43 42 43 1
41 43 41 44 6
41 44 41 45 6
42 42 42 43 8
42 42 43 42 51
42 42 43 43 7
42 39 42 40 7
42 39 43 39 13
42 39 43 40 1
42 46 43 47 3
42 40 43 41 2786
42 37 43 38 1
42 45 43 45 3
42 43 43 43 54
42 43 43 44 2625
42 41 43 41 62
43 39 44 39 13
43 40 44 41 1
43 41 44 42 2848
43 47 44 48 3
43 38 44 39 1
43 42 44 42 51
43 45 44 45 3
43 43 44 43 54
43 43 44 44 7
43 44 44 45 2563
43 44 44 44 62
44 42 45 42 2
44 42 45 43 2897
44 39 45 40 14
44 45 45 46 2440
44 45 45 45 126
44 43 45 43 54
44 41 45 42 1
44 44 45 45 6
44 44 45 44 63
44 48 45 49 1
44 48 45 48 2
45 40 46 41 14
45 48 46 48 2
45 42 46 42 2
45 42 46 43 1
45 46 46 46 14
45 46 46 47 2426
45 49 46 50 1
45 45 46 46 21
45 45 46 45 111
45 43 46 43 8
45 43 46 44 2943
45 44 46 45 3
45 44 46 44 60
46 50 46 51 2
46 50 47 51 1
46 51 47 51 2
46 41 47 42 14
46 48 46 49 2
46 48 47 49 2
46 48 47 48 3
46 47 46 48 5
46 47 47 47 44
46 47 47 48 2378
46 42 47 42 2
46 46 46 47 1
46 46 47 46 14
46 46 47 47 22
46 49 46 50 2
46 45 46 46 2
46 45 47 46 7
46 45 47 45 109
46 43 47 43 7
46 43 47 44 2
46 44 46 45 4
46 44 47 45 2988
46 44 47 44 11
47 50 48 50 2
47 50 47 51 15
47 51 48 51 18
47 47 47 48 22
47 47 48 48 13
47 47 48 47 58
47 48 47 49 21
47 48 48 49 1355
47 48 48 48 1027
47 42 48 42 3
47 42 48 43 13
47 49 47 50 17
47 49 48 50 1
47 49 48 49 5
47 46 48 46 7
47 46 48 47 15
47 46 47 47 27
47 45 47 46 28
47 45 48 46 1983
47 45 48 45 1086
47 43 48 43 4
47 43 48 44 3
47 44 48 45 3
47 44 48 44 10
48 50 49 50 4
48 50 48 51 3
48 51 49 51 21
48 47 49 48 14
48 47 49 47 61
48 47 48 48 1
48 48 49 49 7
48 48 49 48 1033
48 48 48 49 1
48 42 49 42 3
48 49 49 50 487
48 49 49 49 870
48 49 48 50 4
48 46 49 46 943
48 46 49 47 1044
48 46 48 47 3
48 45 49 45 1089
48 43 49 44 17
48 44 49 45 4
48 44 49 44 9
49 50 50 50 426
49 50 50 51 65
49 51 50 51 21
49 47 50 48 110
49 47 50 47 994
49 47 49 48 1
49 48 50 49 58
49 48 50 48 990
49 42 50 43 3
49 49 50 49 877
49 46 50 46 943
49 45 50 46 80
49 45 50 45 1013
49 44 50 45 23
49 44 50 44 3
50 50 51 50 426
50 51 51 52 3
50 51 51 51 83
50 47 51 48 8
50 47 51 47 986
50 48 51 49 847
50 48 51 48 253
50 49 51 50 70
50 49 51 49 865
50 46 51 46 925
50 46 51 47 98
50 45 51 46 1031
50 45 51 45 5
50 43 51 44 3
50 44 51 44 3
51 50 52 50 429
51 50 52 51 68
51 51 52 51 83
51 47 52 48 97
51 47 52 47 987
51 48 52 49 12
51 48 52 48 249
51 52 52 52 2
51 52 52 53 1
51 46 52 46 2
51 46 52 47 1954
51 49 52 50 1617
51 49 52 49 94
51 49 51 50 1
51 45 52 45 5
51 44 52 45 4
51 44 52 44 2
52 50 53 50 87
52 50 53 51 1959
52 53 53 53 1
52 51 53 52 5
52 51 53 51 146
52 48 53 49 121
52 48 53 48 225
52 47 53 48 2941
52 52 53 52 2
52 49 53 50 19
52 49 53 49 87
52 46 53 46 2
52 45 53 46 6
52 45 53 45 3
52 44 53 45 2
53 50 54 50 98
53 50 54 51 8
53 53 54 53 1
53 51 54 52 82
53 51 54 51 2023
53 48 54 49 3164
53 48 54 48 2
53 52 54 52 7
53 49 54 50 63
53 49 54 49 145
53 46 54 46 2
53 46 54 47 6
53 45 54 46 5
54 50 54 51 1
54 50 55 50 161
54 53 55 53 1
54 51 55 51 2032
54 47 55 48 6
54 48 54 49 1
54 48 55 48 1
54 52 55 52 49
54 52 55 53 40
54 49 54 50 1
54 49 55 50 3308
54 49 55 49 1
54 46 55 47 7
55 52 56 52 49
55 50 56 50 1
55 50 56 51 3483
55 53 56 53 41
55 49 55 50 15
55 51 56 51 2032
55 48 55 49 14
55 47 55 48 7
56 52 57 52 49
56 50 56 51 1
56 53 57 53 41
56 51 57 52 5516
57 52 58 53 5565
57 53 58 53 41
58 53 59 54 5606
59 54 60 55 5606
60 55 61 56 5606
61 56 62 57 5606
62 57 63 58 5606
63 58 64 59 5606
64 59 65 60 5606
65 60 66 61 5606
66 61 67 62 5606
67 62 68 63 5606
68 63 69 64 5606
69 64 70 65 5606
70 65 71 66 5606
71 66 72 67 5606
72 67 73 68 5606
73 68 74 69 5606
74 69 75 70 5606
75 70 76 71 5606
76 71 77 72 5606
77 72 78 73 5606
78 73 79 74 5606
79 74 80 75 5606
80 75 81 76 5606
81 76 82 77 5606
82 77 83 78 5606
83 78 84 79 5606
84 79 85 80 5606
85 80 86 81 5606
86 81 87 82 5606
87 82 88 83 5606
88 83 89 84 5606
89 84 90 85 5606
90 85 91 86 5606
91 86 92 87 5606
92 87 93 88 5606
93 88 94 89 5606
94 89 95 90 5606
95 90 96 91 5606
96 91 97 92 5606
97 92 98 93 5606
98 93 99 94 5606
99 94 100 95 5606
100 95 101 96 5606
101 96 102 97 5606
102 97 103 98 5606
103 98 104 99 5606
104 99 105 100 5606
105 100 106 101 5606
106 101 107 102 5606
107 102 108 103 5606
108 103 109 104 5606
109 104 110 105 5606
110 105 111 106 5606
111 106 112 107 5606
112 107 113 108 5606
113 108 114 109 5606
114 109 115 110 5606
115 110 116 111 5606
116 111 117 112 5606
117 112 118 113 5606
118 113 119 114 5606
119 114 120 115 5606
120 115 121 116 5606
121 116 122 117 5606
122 117 123 118 5606
123 118 124 119 5606
124 119 125 120 5606
125 120 126 121 5606
126 121 127 122 5606
127 122 128 123 5606
128 123 129 124 5606
129 124 130 125 5606
130 125 131 126 5606
131 126 132 127 5606
132 127 133 128 5606
133 128 134 129 5606
134 129 135 130 5606
135 130 136 131 5606
136 131 137 132 5606
137 132 138 133 5606
138 133 139 134 5606
139 134 140 135 5606
140 135 141 136 5606
141 136 142 137 5606
142 137 143 138 5606
143 138 144 139 5606
144 139 145 140 5606
145 140 146 141 5606
146 141 147 142 5606
147 142 148 143 5606
148 143 149 144 5606
149 144 150 145 5606
150 145 151 146 5606
151 146 152 147 5606
152 147 153 148 5606
153 148 154 149 5606
154 149 155 150 5606
155 150 156 151 5606
156 151 157 152 5606
157 152 158 153 5606
158 153 159 154 5606
159 154 160 155 5606
160 155 161 156 5606
161 156 162 157 5606
