#FIG 2.0
80 2
2 1 0     6 0 0 0 0 0.000 0 0
  461  283  427  283 9999 9999
1 3 0  1 0 0 0 21 0.00 1 0.0   461  283    3     3   461  283  283 349
1 3 0  1 0 0 0 21 0.00 1 0.0   427  283    3     3   427  283  283 349
2 1 0     6 0 0 0 0 0.000 0 0
  427  283  285  325 9999 9999
1 3 0  1 0 0 0 21 0.00 1 0.0   427  283    3     3   427  283  283 349
1 3 0  1 0 0 0 21 0.00 1 0.0   285  325    3     3   285  325  325 349
2 1 0     6 0 0 0 0 0.000 0 0
  427  283  411  231 9999 9999
1 3 0  1 0 0 0 21 0.00 1 0.0   427  283    3     3   427  283  283 349
1 3 0  1 0 0 0 21 0.00 1 0.0   411  231    3     3   411  231  231 349
2 1 0     6 0 0 0 0 0.000 0 0
  461  283  461  283 9999 9999
1 3 0  1 0 0 0 21 0.00 1 0.0   461  283    3     3   461  283  283 349
1 3 0  1 0 0 0 21 0.00 1 0.0   461  283    3     3   461  283  283 349
2 1 0     6 0 0 0 0 0.000 0 0
  461  283  506  292 9999 9999
1 3 0  1 0 0 0 21 0.00 1 0.0   461  283    3     3   461  283  283 349
1 3 0  1 0 0 0 21 0.00 1 0.0   506  292    3     3   506  292  292 349
2 1 0     6 0 0 0 0 0.000 0 0
  461  283  391  378 9999 9999
1 3 0  1 0 0 0 21 0.00 1 0.0   461  283    3     3   461  283  283 349
1 3 0  1 0 0 0 21 0.00 1 0.0   391  378    3     3   391  378  378 349
2 1 0     3 0 0 0 0 0.000 0 0
   84  327   81  324 9999 9999
1 3 0  1 0 0 0 21 0.00 1 0.0    84  327    1     1    84  327  327 349
1 3 0  1 0 0 0 21 0.00 1 0.0    81  324    1     1    81  324  324 349
2 1 0     3 0 0 0 0 0.000 0 0
   81  324   78  323 9999 9999
1 3 0  1 0 0 0 21 0.00 1 0.0    81  324    1     1    81  324  324 349
1 3 0  1 0 0 0 21 0.00 1 0.0    78  323    1     1    78  323  323 349
2 1 0     3 0 0 0 0 0.000 0 0
   78  323   74  323 9999 9999
1 3 0  1 0 0 0 21 0.00 1 0.0    78  323    1     1    78  323  323 349
1 3 0  1 0 0 0 21 0.00 1 0.0    74  323    1     1    74  323  323 349
2 1 0     3 0 0 0 0 0.000 0 0
   74  323   71  324 9999 9999
1 3 0  1 0 0 0 21 0.00 1 0.0    74  323    1     1    74  323  323 349
1 3 0  1 0 0 0 21 0.00 1 0.0    71  324    1     1    71  324  324 349
2 1 0     3 0 0 0 0 0.000 0 0
   71  324   69  327 9999 9999
1 3 0  1 0 0 0 21 0.00 1 0.0    71  324    1     1    71  324  324 349
1 3 0  1 0 0 0 21 0.00 1 0.0    69  327    1     1    69  327  327 349
2 1 0     3 0 0 0 0 0.000 0 0
   69  327   67  331 9999 9999
1 3 0  1 0 0 0 21 0.00 1 0.0    69  327    1     1    69  327  327 349
1 3 0  1 0 0 0 21 0.00 1 0.0    67  331    1     1    67  331  331 349
2 1 0     3 0 0 0 0 0.000 0 0
   67  331   67  333 9999 9999
1 3 0  1 0 0 0 21 0.00 1 0.0    67  331    1     1    67  331  331 349
1 3 0  1 0 0 0 21 0.00 1 0.0    67  333    1     1    67  333  333 349
2 1 0     3 0 0 0 0 0.000 0 0
   67  333   69  337 9999 9999
1 3 0  1 0 0 0 21 0.00 1 0.0    67  333    1     1    67  333  333 349
1 3 0  1 0 0 0 21 0.00 1 0.0    69  337    1     1    69  337  337 349
2 1 0     3 0 0 0 0 0.000 0 0
   69  337   71  340 9999 9999
1 3 0  1 0 0 0 21 0.00 1 0.0    69  337    1     1    69  337  337 349
1 3 0  1 0 0 0 21 0.00 1 0.0    71  340    1     1    71  340  340 349
2 1 0     3 0 0 0 0 0.000 0 0
   71  340   74  341 9999 9999
1 3 0  1 0 0 0 21 0.00 1 0.0    71  340    1     1    71  340  340 349
1 3 0  1 0 0 0 21 0.00 1 0.0    74  341    1     1    74  341  341 349
2 1 0     3 0 0 0 0 0.000 0 0
   74  341   78  341 9999 9999
1 3 0  1 0 0 0 21 0.00 1 0.0    74  341    1     1    74  341  341 349
1 3 0  1 0 0 0 21 0.00 1 0.0    78  341    1     1    78  341  341 349
2 1 0     3 0 0 0 0 0.000 0 0
   78  341   81  340 9999 9999
1 3 0  1 0 0 0 21 0.00 1 0.0    78  341    1     1    78  341  341 349
1 3 0  1 0 0 0 21 0.00 1 0.0    81  340    1     1    81  340  340 349
2 1 0     3 0 0 0 0 0.000 0 0
   81  340   84  337 9999 9999
1 3 0  1 0 0 0 21 0.00 1 0.0    81  340    1     1    81  340  340 349
1 3 0  1 0 0 0 21 0.00 1 0.0    84  337    1     1    84  337  337 349
2 1 0     3 0 0 0 0 0.000 0 0
   99  323   96  324 9999 9999
1 3 0  1 0 0 0 21 0.00 1 0.0    99  323    1     1    99  323  323 349
1 3 0  1 0 0 0 21 0.00 1 0.0    96  324    1     1    96  324  324 349
2 1 0     3 0 0 0 0 0.000 0 0
   96  324   93  327 9999 9999
1 3 0  1 0 0 0 21 0.00 1 0.0    96  324    1     1    96  324  324 349
1 3 0  1 0 0 0 21 0.00 1 0.0    93  327    1     1    93  327  327 349
2 1 0     3 0 0 0 0 0.000 0 0
   93  327   92  331 9999 9999
1 3 0  1 0 0 0 21 0.00 1 0.0    93  327    1     1    93  327  327 349
1 3 0  1 0 0 0 21 0.00 1 0.0    92  331    1     1    92  331  331 349
2 1 0     3 0 0 0 0 0.000 0 0
   92  331   92  333 9999 9999
1 3 0  1 0 0 0 21 0.00 1 0.0    92  331    1     1    92  331  331 349
1 3 0  1 0 0 0 21 0.00 1 0.0    92  333    1     1    92  333  333 349
2 1 0     3 0 0 0 0 0.000 0 0
   92  333   93  337 9999 9999
1 3 0  1 0 0 0 21 0.00 1 0.0    92  333    1     1    92  333  333 349
1 3 0  1 0 0 0 21 0.00 1 0.0    93  337    1     1    93  337  337 349
2 1 0     3 0 0 0 0 0.000 0 0
   93  337   96  340 9999 9999
1 3 0  1 0 0 0 21 0.00 1 0.0    93  337    1     1    93  337  337 349
1 3 0  1 0 0 0 21 0.00 1 0.0    96  340    1     1    96  340  340 349
2 1 0     3 0 0 0 0 0.000 0 0
   96  340   99  341 9999 9999
1 3 0  1 0 0 0 21 0.00 1 0.0    96  340    1     1    96  340  340 349
1 3 0  1 0 0 0 21 0.00 1 0.0    99  341    1     1    99  341  341 349
2 1 0     3 0 0 0 0 0.000 0 0
   99  341  103  341 9999 9999
1 3 0  1 0 0 0 21 0.00 1 0.0    99  341    1     1    99  341  341 349
1 3 0  1 0 0 0 21 0.00 1 0.0   103  341    1     1   103  341  341 349
2 1 0     3 0 0 0 0 0.000 0 0
  103  341  106  340 9999 9999
1 3 0  1 0 0 0 21 0.00 1 0.0   103  341    1     1   103  341  341 349
1 3 0  1 0 0 0 21 0.00 1 0.0   106  340    1     1   106  340  340 349
2 1 0     3 0 0 0 0 0.000 0 0
  106  340  109  337 9999 9999
1 3 0  1 0 0 0 21 0.00 1 0.0   106  340    1     1   106  340  340 349
1 3 0  1 0 0 0 21 0.00 1 0.0   109  337    1     1   109  337  337 349
2 1 0     3 0 0 0 0 0.000 0 0
  109  337  110  333 9999 9999
1 3 0  1 0 0 0 21 0.00 1 0.0   109  337    1     1   109  337  337 349
1 3 0  1 0 0 0 21 0.00 1 0.0   110  333    1     1   110  333  333 349
2 1 0     3 0 0 0 0 0.000 0 0
  110  333  110  331 9999 9999
1 3 0  1 0 0 0 21 0.00 1 0.0   110  333    1     1   110  333  333 349
1 3 0  1 0 0 0 21 0.00 1 0.0   110  331    1     1   110  331  331 349
2 1 0     3 0 0 0 0 0.000 0 0
  110  331  109  327 9999 9999
1 3 0  1 0 0 0 21 0.00 1 0.0   110  331    1     1   110  331  331 349
1 3 0  1 0 0 0 21 0.00 1 0.0   109  327    1     1   109  327  327 349
2 1 0     3 0 0 0 0 0.000 0 0
  109  327  106  324 9999 9999
1 3 0  1 0 0 0 21 0.00 1 0.0   109  327    1     1   109  327  327 349
1 3 0  1 0 0 0 21 0.00 1 0.0   106  324    1     1   106  324  324 349
2 1 0     3 0 0 0 0 0.000 0 0
  106  324  103  323 9999 9999
1 3 0  1 0 0 0 21 0.00 1 0.0   106  324    1     1   106  324  324 349
1 3 0  1 0 0 0 21 0.00 1 0.0   103  323    1     1   103  323  323 349
2 1 0     3 0 0 0 0 0.000 0 0
  103  323   99  323 9999 9999
1 3 0  1 0 0 0 21 0.00 1 0.0   103  323    1     1   103  323  323 349
1 3 0  1 0 0 0 21 0.00 1 0.0    99  323    1     1    99  323  323 349
2 1 0     3 0 0 0 0 0.000 0 0
  120  323  120  341 9999 9999
1 3 0  1 0 0 0 21 0.00 1 0.0   120  323    1     1   120  323  323 349
1 3 0  1 0 0 0 21 0.00 1 0.0   120  341    1     1   120  341  341 349
2 1 0     3 0 0 0 0 0.000 0 0
  120  328  124  324 9999 9999
1 3 0  1 0 0 0 21 0.00 1 0.0   120  328    1     1   120  328  328 349
1 3 0  1 0 0 0 21 0.00 1 0.0   124  324    1     1   124  324  324 349
2 1 0     3 0 0 0 0 0.000 0 0
  124  324  127  323 9999 9999
1 3 0  1 0 0 0 21 0.00 1 0.0   124  324    1     1   124  324  324 349
1 3 0  1 0 0 0 21 0.00 1 0.0   127  323    1     1   127  323  323 349
2 1 0     3 0 0 0 0 0.000 0 0
  127  323  131  323 9999 9999
1 3 0  1 0 0 0 21 0.00 1 0.0   127  323    1     1   127  323  323 349
1 3 0  1 0 0 0 21 0.00 1 0.0   131  323    1     1   131  323  323 349
2 1 0     3 0 0 0 0 0.000 0 0
  131  323  134  324 9999 9999
1 3 0  1 0 0 0 21 0.00 1 0.0   131  323    1     1   131  323  323 349
1 3 0  1 0 0 0 21 0.00 1 0.0   134  324    1     1   134  324  324 349
2 1 0     3 0 0 0 0 0.000 0 0
  134  324  135  328 9999 9999
1 3 0  1 0 0 0 21 0.00 1 0.0   134  324    1     1   134  324  324 349
1 3 0  1 0 0 0 21 0.00 1 0.0   135  328    1     1   135  328  328 349
2 1 0     3 0 0 0 0 0.000 0 0
  135  328  135  341 9999 9999
1 3 0  1 0 0 0 21 0.00 1 0.0   135  328    1     1   135  328  328 349
1 3 0  1 0 0 0 21 0.00 1 0.0   135  341    1     1   135  341  341 349
2 1 0     3 0 0 0 0 0.000 0 0
  160  327  158  324 9999 9999
1 3 0  1 0 0 0 21 0.00 1 0.0   160  327    1     1   160  327  327 349
1 3 0  1 0 0 0 21 0.00 1 0.0   158  324    1     1   158  324  324 349
2 1 0     3 0 0 0 0 0.000 0 0
  158  324  154  323 9999 9999
1 3 0  1 0 0 0 21 0.00 1 0.0   158  324    1     1   158  324  324 349
1 3 0  1 0 0 0 21 0.00 1 0.0   154  323    1     1   154  323  323 349
2 1 0     3 0 0 0 0 0.000 0 0
  154  323  150  323 9999 9999
1 3 0  1 0 0 0 21 0.00 1 0.0   154  323    1     1   154  323  323 349
1 3 0  1 0 0 0 21 0.00 1 0.0   150  323    1     1   150  323  323 349
2 1 0     3 0 0 0 0 0.000 0 0
  150  323  146  324 9999 9999
1 3 0  1 0 0 0 21 0.00 1 0.0   150  323    1     1   150  323  323 349
1 3 0  1 0 0 0 21 0.00 1 0.0   146  324    1     1   146  324  324 349
2 1 0     3 0 0 0 0 0.000 0 0
  146  324  145  327 9999 9999
1 3 0  1 0 0 0 21 0.00 1 0.0   146  324    1     1   146  324  324 349
1 3 0  1 0 0 0 21 0.00 1 0.0   145  327    1     1   145  327  327 349
2 1 0     3 0 0 0 0 0.000 0 0
  145  327  146  329 9999 9999
1 3 0  1 0 0 0 21 0.00 1 0.0   145  327    1     1   145  327  327 349
1 3 0  1 0 0 0 21 0.00 1 0.0   146  329    1     1   146  329  329 349
2 1 0     3 0 0 0 0 0.000 0 0
  146  329  149  331 9999 9999
1 3 0  1 0 0 0 21 0.00 1 0.0   146  329    1     1   146  329  329 349
1 3 0  1 0 0 0 21 0.00 1 0.0   149  331    1     1   149  331  331 349
2 1 0     3 0 0 0 0 0.000 0 0
  149  331  156  332 9999 9999
1 3 0  1 0 0 0 21 0.00 1 0.0   149  331    1     1   149  331  331 349
1 3 0  1 0 0 0 21 0.00 1 0.0   156  332    1     1   156  332  332 349
2 1 0     3 0 0 0 0 0.000 0 0
  156  332  158  333 9999 9999
1 3 0  1 0 0 0 21 0.00 1 0.0   156  332    1     1   156  332  332 349
1 3 0  1 0 0 0 21 0.00 1 0.0   158  333    1     1   158  333  333 349
2 1 0     3 0 0 0 0 0.000 0 0
  158  333  160  336 9999 9999
1 3 0  1 0 0 0 21 0.00 1 0.0   158  333    1     1   158  333  333 349
1 3 0  1 0 0 0 21 0.00 1 0.0   160  336    1     1   160  336  336 349
2 1 0     3 0 0 0 0 0.000 0 0
  160  336  160  337 9999 9999
1 3 0  1 0 0 0 21 0.00 1 0.0   160  336    1     1   160  336  336 349
1 3 0  1 0 0 0 21 0.00 1 0.0   160  337    1     1   160  337  337 349
2 1 0     3 0 0 0 0 0.000 0 0
  160  337  158  340 9999 9999
1 3 0  1 0 0 0 21 0.00 1 0.0   160  337    1     1   160  337  337 349
1 3 0  1 0 0 0 21 0.00 1 0.0   158  340    1     1   158  340  340 349
2 1 0     3 0 0 0 0 0.000 0 0
  158  340  154  341 9999 9999
1 3 0  1 0 0 0 21 0.00 1 0.0   158  340    1     1   158  340  340 349
1 3 0  1 0 0 0 21 0.00 1 0.0   154  341    1     1   154  341  341 349
2 1 0     3 0 0 0 0 0.000 0 0
  154  341  150  341 9999 9999
1 3 0  1 0 0 0 21 0.00 1 0.0   154  341    1     1   154  341  341 349
1 3 0  1 0 0 0 21 0.00 1 0.0   150  341    1     1   150  341  341 349
2 1 0     3 0 0 0 0 0.000 0 0
  150  341  146  340 9999 9999
1 3 0  1 0 0 0 21 0.00 1 0.0   150  341    1     1   150  341  341 349
1 3 0  1 0 0 0 21 0.00 1 0.0   146  340    1     1   146  340  340 349
2 1 0     3 0 0 0 0 0.000 0 0
  146  340  145  337 9999 9999
1 3 0  1 0 0 0 21 0.00 1 0.0   146  340    1     1   146  340  340 349
1 3 0  1 0 0 0 21 0.00 1 0.0   145  337    1     1   145  337  337 349
2 1 0     3 0 0 0 0 0.000 0 0
  170  313  170  341 9999 9999
1 3 0  1 0 0 0 21 0.00 1 0.0   170  313    1     1   170  313  313 349
1 3 0  1 0 0 0 21 0.00 1 0.0   170  341    1     1   170  341  341 349
2 1 0     3 0 0 0 0 0.000 0 0
  170  313  182  313 9999 9999
1 3 0  1 0 0 0 21 0.00 1 0.0   170  313    1     1   170  313  313 349
1 3 0  1 0 0 0 21 0.00 1 0.0   182  313    1     1   182  313  313 349
2 1 0     3 0 0 0 0 0.000 0 0
  182  313  186  315 9999 9999
1 3 0  1 0 0 0 21 0.00 1 0.0   182  313    1     1   182  313  313 349
1 3 0  1 0 0 0 21 0.00 1 0.0   186  315    1     1   186  315  315 349
2 1 0     3 0 0 0 0 0.000 0 0
  186  315  187  316 9999 9999
1 3 0  1 0 0 0 21 0.00 1 0.0   186  315    1     1   186  315  315 349
1 3 0  1 0 0 0 21 0.00 1 0.0   187  316    1     1   187  316  316 349
2 1 0     3 0 0 0 0 0.000 0 0
  187  316  189  319 9999 9999
1 3 0  1 0 0 0 21 0.00 1 0.0   187  316    1     1   187  316  316 349
1 3 0  1 0 0 0 21 0.00 1 0.0   189  319    1     1   189  319  319 349
2 1 0     3 0 0 0 0 0.000 0 0
  189  319  189  321 9999 9999
1 3 0  1 0 0 0 21 0.00 1 0.0   189  319    1     1   189  319  319 349
1 3 0  1 0 0 0 21 0.00 1 0.0   189  321    1     1   189  321  321 349
2 1 0     3 0 0 0 0 0.000 0 0
  189  321  187  324 9999 9999
1 3 0  1 0 0 0 21 0.00 1 0.0   189  321    1     1   189  321  321 349
1 3 0  1 0 0 0 21 0.00 1 0.0   187  324    1     1   187  324  324 349
2 1 0     3 0 0 0 0 0.000 0 0
  187  324  186  325 9999 9999
1 3 0  1 0 0 0 21 0.00 1 0.0   187  324    1     1   187  324  324 349
1 3 0  1 0 0 0 21 0.00 1 0.0   186  325    1     1   186  325  325 349
2 1 0     3 0 0 0 0 0.000 0 0
  186  325  182  327 9999 9999
1 3 0  1 0 0 0 21 0.00 1 0.0   186  325    1     1   186  325  325 349
1 3 0  1 0 0 0 21 0.00 1 0.0   182  327    1     1   182  327  327 349
2 1 0     3 0 0 0 0 0.000 0 0
  170  327  182  327 9999 9999
1 3 0  1 0 0 0 21 0.00 1 0.0   170  327    1     1   170  327  327 349
1 3 0  1 0 0 0 21 0.00 1 0.0   182  327    1     1   182  327  327 349
2 1 0     3 0 0 0 0 0.000 0 0
  182  327  186  328 9999 9999
1 3 0  1 0 0 0 21 0.00 1 0.0   182  327    1     1   182  327  327 349
1 3 0  1 0 0 0 21 0.00 1 0.0   186  328    1     1   186  328  328 349
2 1 0     3 0 0 0 0 0.000 0 0
  186  328  187  329 9999 9999
1 3 0  1 0 0 0 21 0.00 1 0.0   186  328    1     1   186  328  328 349
1 3 0  1 0 0 0 21 0.00 1 0.0   187  329    1     1   187  329  329 349
2 1 0     3 0 0 0 0 0.000 0 0
  187  329  189  332 9999 9999
1 3 0  1 0 0 0 21 0.00 1 0.0   187  329    1     1   187  329  329 349
1 3 0  1 0 0 0 21 0.00 1 0.0   189  332    1     1   189  332  332 349
2 1 0     3 0 0 0 0 0.000 0 0
  189  332  189  336 9999 9999
1 3 0  1 0 0 0 21 0.00 1 0.0   189  332    1     1   189  332  332 349
1 3 0  1 0 0 0 21 0.00 1 0.0   189  336    1     1   189  336  336 349
2 1 0     3 0 0 0 0 0.000 0 0
  189  336  187  339 9999 9999
1 3 0  1 0 0 0 21 0.00 1 0.0   189  336    1     1   189  336  336 349
1 3 0  1 0 0 0 21 0.00 1 0.0   187  339    1     1   187  339  339 349
2 1 0     3 0 0 0 0 0.000 0 0
  187  339  186  340 9999 9999
1 3 0  1 0 0 0 21 0.00 1 0.0   187  339    1     1   187  339  339 349
1 3 0  1 0 0 0 21 0.00 1 0.0   186  340    1     1   186  340  340 349
2 1 0     3 0 0 0 0 0.000 0 0
  186  340  182  341 9999 9999
1 3 0  1 0 0 0 21 0.00 1 0.0   186  340    1     1   186  340  340 349
1 3 0  1 0 0 0 21 0.00 1 0.0   182  341    1     1   182  341  341 349
2 1 0     3 0 0 0 0 0.000 0 0
  182  341  170  341 9999 9999
1 3 0  1 0 0 0 21 0.00 1 0.0   182  341    1     1   182  341  341 349
1 3 0  1 0 0 0 21 0.00 1 0.0   170  341    1     1   170  341  341 349
2 1 0     3 0 0 0 0 0.000 0 0
  197  331  214  331 9999 9999
1 3 0  1 0 0 0 21 0.00 1 0.0   197  331    1     1   197  331  331 349
1 3 0  1 0 0 0 21 0.00 1 0.0   214  331    1     1   214  331  331 349
2 1 0     3 0 0 0 0 0.000 0 0
  214  331  214  328 9999 9999
1 3 0  1 0 0 0 21 0.00 1 0.0   214  331    1     1   214  331  331 349
1 3 0  1 0 0 0 21 0.00 1 0.0   214  328    1     1   214  328  328 349
2 1 0     3 0 0 0 0 0.000 0 0
  214  328  212  325 9999 9999
1 3 0  1 0 0 0 21 0.00 1 0.0   214  328    1     1   214  328  328 349
1 3 0  1 0 0 0 21 0.00 1 0.0   212  325    1     1   212  325  325 349
2 1 0     3 0 0 0 0 0.000 0 0
  212  325  211  324 9999 9999
1 3 0  1 0 0 0 21 0.00 1 0.0   212  325    1     1   212  325  325 349
1 3 0  1 0 0 0 21 0.00 1 0.0   211  324    1     1   211  324  324 349
2 1 0     3 0 0 0 0 0.000 0 0
  211  324  208  323 9999 9999
1 3 0  1 0 0 0 21 0.00 1 0.0   211  324    1     1   211  324  324 349
1 3 0  1 0 0 0 21 0.00 1 0.0   208  323    1     1   208  323  323 349
2 1 0     3 0 0 0 0 0.000 0 0
  208  323  204  323 9999 9999
1 3 0  1 0 0 0 21 0.00 1 0.0   208  323    1     1   208  323  323 349
1 3 0  1 0 0 0 21 0.00 1 0.0   204  323    1     1   204  323  323 349
2 1 0     3 0 0 0 0 0.000 0 0
  204  323  201  324 9999 9999
1 3 0  1 0 0 0 21 0.00 1 0.0   204  323    1     1   204  323  323 349
1 3 0  1 0 0 0 21 0.00 1 0.0   201  324    1     1   201  324  324 349
2 1 0     3 0 0 0 0 0.000 0 0
  201  324  199  327 9999 9999
1 3 0  1 0 0 0 21 0.00 1 0.0   201  324    1     1   201  324  324 349
1 3 0  1 0 0 0 21 0.00 1 0.0   199  327    1     1   199  327  327 349
2 1 0     3 0 0 0 0 0.000 0 0
  199  327  197  331 9999 9999
1 3 0  1 0 0 0 21 0.00 1 0.0   199  327    1     1   199  327  327 349
1 3 0  1 0 0 0 21 0.00 1 0.0   197  331    1     1   197  331  331 349
2 1 0     3 0 0 0 0 0.000 0 0
  197  331  197  333 9999 9999
1 3 0  1 0 0 0 21 0.00 1 0.0   197  331    1     1   197  331  331 349
1 3 0  1 0 0 0 21 0.00 1 0.0   197  333    1     1   197  333  333 349
2 1 0     3 0 0 0 0 0.000 0 0
  197  333  199  337 9999 9999
1 3 0  1 0 0 0 21 0.00 1 0.0   197  333    1     1   197  333  333 349
1 3 0  1 0 0 0 21 0.00 1 0.0   199  337    1     1   199  337  337 349
2 1 0     3 0 0 0 0 0.000 0 0
  199  337  201  340 9999 9999
1 3 0  1 0 0 0 21 0.00 1 0.0   199  337    1     1   199  337  337 349
1 3 0  1 0 0 0 21 0.00 1 0.0   201  340    1     1   201  340  340 349
2 1 0     3 0 0 0 0 0.000 0 0
  201  340  204  341 9999 9999
1 3 0  1 0 0 0 21 0.00 1 0.0   201  340    1     1   201  340  340 349
1 3 0  1 0 0 0 21 0.00 1 0.0   204  341    1     1   204  341  341 349
2 1 0     3 0 0 0 0 0.000 0 0
  204  341  208  341 9999 9999
1 3 0  1 0 0 0 21 0.00 1 0.0   204  341    1     1   204  341  341 349
1 3 0  1 0 0 0 21 0.00 1 0.0   208  341    1     1   208  341  341 349
2 1 0     3 0 0 0 0 0.000 0 0
  208  341  211  340 9999 9999
1 3 0  1 0 0 0 21 0.00 1 0.0   208  341    1     1   208  341  341 349
1 3 0  1 0 0 0 21 0.00 1 0.0   211  340    1     1   211  340  340 349
2 1 0     3 0 0 0 0 0.000 0 0
  211  340  214  337 9999 9999
1 3 0  1 0 0 0 21 0.00 1 0.0   211  340    1     1   211  340  340 349
1 3 0  1 0 0 0 21 0.00 1 0.0   214  337    1     1   214  337  337 349
2 1 0     3 0 0 0 0 0.000 0 0
  223  323  223  341 9999 9999
1 3 0  1 0 0 0 21 0.00 1 0.0   223  323    1     1   223  323  323 349
1 3 0  1 0 0 0 21 0.00 1 0.0   223  341    1     1   223  341  341 349
2 1 0     3 0 0 0 0 0.000 0 0
  223  328  228  324 9999 9999
1 3 0  1 0 0 0 21 0.00 1 0.0   223  328    1     1   223  328  328 349
1 3 0  1 0 0 0 21 0.00 1 0.0   228  324    1     1   228  324  324 349
2 1 0     3 0 0 0 0 0.000 0 0
  228  324  230  323 9999 9999
1 3 0  1 0 0 0 21 0.00 1 0.0   228  324    1     1   228  324  324 349
1 3 0  1 0 0 0 21 0.00 1 0.0   230  323    1     1   230  323  323 349
2 1 0     3 0 0 0 0 0.000 0 0
  230  323  235  323 9999 9999
1 3 0  1 0 0 0 21 0.00 1 0.0   230  323    1     1   230  323  323 349
1 3 0  1 0 0 0 21 0.00 1 0.0   235  323    1     1   235  323  323 349
2 1 0     3 0 0 0 0 0.000 0 0
  235  323  237  324 9999 9999
1 3 0  1 0 0 0 21 0.00 1 0.0   235  323    1     1   235  323  323 349
1 3 0  1 0 0 0 21 0.00 1 0.0   237  324    1     1   237  324  324 349
2 1 0     3 0 0 0 0 0.000 0 0
  237  324  239  328 9999 9999
1 3 0  1 0 0 0 21 0.00 1 0.0   237  324    1     1   237  324  324 349
1 3 0  1 0 0 0 21 0.00 1 0.0   239  328    1     1   239  328  328 349
2 1 0     3 0 0 0 0 0.000 0 0
  239  328  239  341 9999 9999
1 3 0  1 0 0 0 21 0.00 1 0.0   239  328    1     1   239  328  328 349
1 3 0  1 0 0 0 21 0.00 1 0.0   239  341    1     1   239  341  341 349
2 1 0     3 0 0 0 0 0.000 0 0
  247  323  255  341 9999 9999
1 3 0  1 0 0 0 21 0.00 1 0.0   247  323    1     1   247  323  323 349
1 3 0  1 0 0 0 21 0.00 1 0.0   255  341    1     1   255  341  341 349
2 1 0     3 0 0 0 0 0.000 0 0
  264  323  255  341 9999 9999
1 3 0  1 0 0 0 21 0.00 1 0.0   264  323    1     1   264  323  323 349
1 3 0  1 0 0 0 21 0.00 1 0.0   255  341    1     1   255  341  341 349
2 1 0     3 0 0 0 0 0.000 0 0
  229  198  226  196 9999 9999
1 3 0  1 0 0 0 21 0.00 1 0.0   229  198    1     1   229  198  198 349
1 3 0  1 0 0 0 21 0.00 1 0.0   226  196    1     1   226  196  196 349
2 1 0     3 0 0 0 0 0.000 0 0
  226  196  223  194 9999 9999
1 3 0  1 0 0 0 21 0.00 1 0.0   226  196    1     1   226  196  196 349
1 3 0  1 0 0 0 21 0.00 1 0.0   223  194    1     1   223  194  194 349
2 1 0     3 0 0 0 0 0.000 0 0
  223  194  219  194 9999 9999
1 3 0  1 0 0 0 21 0.00 1 0.0   223  194    1     1   223  194  194 349
1 3 0  1 0 0 0 21 0.00 1 0.0   219  194    1     1   219  194  194 349
2 1 0     3 0 0 0 0 0.000 0 0
  219  194  216  196 9999 9999
1 3 0  1 0 0 0 21 0.00 1 0.0   219  194    1     1   219  194  194 349
1 3 0  1 0 0 0 21 0.00 1 0.0   216  196    1     1   216  196  196 349
2 1 0     3 0 0 0 0 0.000 0 0
  216  196  214  198 9999 9999
1 3 0  1 0 0 0 21 0.00 1 0.0   216  196    1     1   216  196  196 349
1 3 0  1 0 0 0 21 0.00 1 0.0   214  198    1     1   214  198  198 349
2 1 0     3 0 0 0 0 0.000 0 0
  214  198  212  202 9999 9999
1 3 0  1 0 0 0 21 0.00 1 0.0   214  198    1     1   214  198  198 349
1 3 0  1 0 0 0 21 0.00 1 0.0   212  202    1     1   212  202  202 349
2 1 0     3 0 0 0 0 0.000 0 0
  212  202  212  205 9999 9999
1 3 0  1 0 0 0 21 0.00 1 0.0   212  202    1     1   212  202  202 349
1 3 0  1 0 0 0 21 0.00 1 0.0   212  205    1     1   212  205  205 349
2 1 0     3 0 0 0 0 0.000 0 0
  212  205  214  209 9999 9999
1 3 0  1 0 0 0 21 0.00 1 0.0   212  205    1     1   212  205  205 349
1 3 0  1 0 0 0 21 0.00 1 0.0   214  209    1     1   214  209  209 349
2 1 0     3 0 0 0 0 0.000 0 0
  214  209  216  211 9999 9999
1 3 0  1 0 0 0 21 0.00 1 0.0   214  209    1     1   214  209  209 349
1 3 0  1 0 0 0 21 0.00 1 0.0   216  211    1     1   216  211  211 349
2 1 0     3 0 0 0 0 0.000 0 0
  216  211  219  213 9999 9999
1 3 0  1 0 0 0 21 0.00 1 0.0   216  211    1     1   216  211  211 349
1 3 0  1 0 0 0 21 0.00 1 0.0   219  213    1     1   219  213  213 349
2 1 0     3 0 0 0 0 0.000 0 0
  219  213  223  213 9999 9999
1 3 0  1 0 0 0 21 0.00 1 0.0   219  213    1     1   219  213  213 349
1 3 0  1 0 0 0 21 0.00 1 0.0   223  213    1     1   223  213  213 349
2 1 0     3 0 0 0 0 0.000 0 0
  223  213  226  211 9999 9999
1 3 0  1 0 0 0 21 0.00 1 0.0   223  213    1     1   223  213  213 349
1 3 0  1 0 0 0 21 0.00 1 0.0   226  211    1     1   226  211  211 349
2 1 0     3 0 0 0 0 0.000 0 0
  226  211  229  209 9999 9999
1 3 0  1 0 0 0 21 0.00 1 0.0   226  211    1     1   226  211  211 349
1 3 0  1 0 0 0 21 0.00 1 0.0   229  209    1     1   229  209  209 349
2 1 0     3 0 0 0 0 0.000 0 0
  244  194  241  196 9999 9999
1 3 0  1 0 0 0 21 0.00 1 0.0   244  194    1     1   244  194  194 349
1 3 0  1 0 0 0 21 0.00 1 0.0   241  196    1     1   241  196  196 349
2 1 0     3 0 0 0 0 0.000 0 0
  241  196  239  198 9999 9999
1 3 0  1 0 0 0 21 0.00 1 0.0   241  196    1     1   241  196  196 349
1 3 0  1 0 0 0 21 0.00 1 0.0   239  198    1     1   239  198  198 349
2 1 0     3 0 0 0 0 0.000 0 0
  239  198  237  202 9999 9999
1 3 0  1 0 0 0 21 0.00 1 0.0   239  198    1     1   239  198  198 349
1 3 0  1 0 0 0 21 0.00 1 0.0   237  202    1     1   237  202  202 349
2 1 0     3 0 0 0 0 0.000 0 0
  237  202  237  205 9999 9999
1 3 0  1 0 0 0 21 0.00 1 0.0   237  202    1     1   237  202  202 349
1 3 0  1 0 0 0 21 0.00 1 0.0   237  205    1     1   237  205  205 349
2 1 0     3 0 0 0 0 0.000 0 0
  237  205  239  209 9999 9999
1 3 0  1 0 0 0 21 0.00 1 0.0   237  205    1     1   237  205  205 349
1 3 0  1 0 0 0 21 0.00 1 0.0   239  209    1     1   239  209  209 349
2 1 0     3 0 0 0 0 0.000 0 0
  239  209  241  211 9999 9999
1 3 0  1 0 0 0 21 0.00 1 0.0   239  209    1     1   239  209  209 349
1 3 0  1 0 0 0 21 0.00 1 0.0   241  211    1     1   241  211  211 349
2 1 0     3 0 0 0 0 0.000 0 0
  241  211  244  213 9999 9999
1 3 0  1 0 0 0 21 0.00 1 0.0   241  211    1     1   241  211  211 349
1 3 0  1 0 0 0 21 0.00 1 0.0   244  213    1     1   244  213  213 349
2 1 0     3 0 0 0 0 0.000 0 0
  244  213  248  213 9999 9999
1 3 0  1 0 0 0 21 0.00 1 0.0   244  213    1     1   244  213  213 349
1 3 0  1 0 0 0 21 0.00 1 0.0   248  213    1     1   248  213  213 349
2 1 0     3 0 0 0 0 0.000 0 0
  248  213  251  211 9999 9999
1 3 0  1 0 0 0 21 0.00 1 0.0   248  213    1     1   248  213  213 349
1 3 0  1 0 0 0 21 0.00 1 0.0   251  211    1     1   251  211  211 349
2 1 0     3 0 0 0 0 0.000 0 0
  251  211  254  209 9999 9999
1 3 0  1 0 0 0 21 0.00 1 0.0   251  211    1     1   251  211  211 349
1 3 0  1 0 0 0 21 0.00 1 0.0   254  209    1     1   254  209  209 349
2 1 0     3 0 0 0 0 0.000 0 0
  254  209  255  205 9999 9999
1 3 0  1 0 0 0 21 0.00 1 0.0   254  209    1     1   254  209  209 349
1 3 0  1 0 0 0 21 0.00 1 0.0   255  205    1     1   255  205  205 349
2 1 0     3 0 0 0 0 0.000 0 0
  255  205  255  202 9999 9999
1 3 0  1 0 0 0 21 0.00 1 0.0   255  205    1     1   255  205  205 349
1 3 0  1 0 0 0 21 0.00 1 0.0   255  202    1     1   255  202  202 349
2 1 0     3 0 0 0 0 0.000 0 0
  255  202  254  198 9999 9999
1 3 0  1 0 0 0 21 0.00 1 0.0   255  202    1     1   255  202  202 349
1 3 0  1 0 0 0 21 0.00 1 0.0   254  198    1     1   254  198  198 349
2 1 0     3 0 0 0 0 0.000 0 0
  254  198  251  196 9999 9999
1 3 0  1 0 0 0 21 0.00 1 0.0   254  198    1     1   254  198  198 349
1 3 0  1 0 0 0 21 0.00 1 0.0   251  196    1     1   251  196  196 349
2 1 0     3 0 0 0 0 0.000 0 0
  251  196  248  194 9999 9999
1 3 0  1 0 0 0 21 0.00 1 0.0   251  196    1     1   251  196  196 349
1 3 0  1 0 0 0 21 0.00 1 0.0   248  194    1     1   248  194  194 349
2 1 0     3 0 0 0 0 0.000 0 0
  248  194  244  194 9999 9999
1 3 0  1 0 0 0 21 0.00 1 0.0   248  194    1     1   248  194  194 349
1 3 0  1 0 0 0 21 0.00 1 0.0   244  194    1     1   244  194  194 349
2 1 0     3 0 0 0 0 0.000 0 0
  265  194  265  213 9999 9999
1 3 0  1 0 0 0 21 0.00 1 0.0   265  194    1     1   265  194  194 349
1 3 0  1 0 0 0 21 0.00 1 0.0   265  213    1     1   265  213  213 349
2 1 0     3 0 0 0 0 0.000 0 0
  265  200  269  196 9999 9999
1 3 0  1 0 0 0 21 0.00 1 0.0   265  200    1     1   265  200  200 349
1 3 0  1 0 0 0 21 0.00 1 0.0   269  196    1     1   269  196  196 349
2 1 0     3 0 0 0 0 0.000 0 0
  269  196  272  194 9999 9999
1 3 0  1 0 0 0 21 0.00 1 0.0   269  196    1     1   269  196  196 349
1 3 0  1 0 0 0 21 0.00 1 0.0   272  194    1     1   272  194  194 349
2 1 0     3 0 0 0 0 0.000 0 0
  272  194  276  194 9999 9999
1 3 0  1 0 0 0 21 0.00 1 0.0   272  194    1     1   272  194  194 349
1 3 0  1 0 0 0 21 0.00 1 0.0   276  194    1     1   276  194  194 349
2 1 0     3 0 0 0 0 0.000 0 0
  276  194  279  196 9999 9999
1 3 0  1 0 0 0 21 0.00 1 0.0   276  194    1     1   276  194  194 349
1 3 0  1 0 0 0 21 0.00 1 0.0   279  196    1     1   279  196  196 349
2 1 0     3 0 0 0 0 0.000 0 0
  279  196  280  200 9999 9999
1 3 0  1 0 0 0 21 0.00 1 0.0   279  196    1     1   279  196  196 349
1 3 0  1 0 0 0 21 0.00 1 0.0   280  200    1     1   280  200  200 349
2 1 0     3 0 0 0 0 0.000 0 0
  280  200  280  213 9999 9999
1 3 0  1 0 0 0 21 0.00 1 0.0   280  200    1     1   280  200  200 349
1 3 0  1 0 0 0 21 0.00 1 0.0   280  213    1     1   280  213  213 349
2 1 0     3 0 0 0 0 0.000 0 0
  305  198  304  196 9999 9999
1 3 0  1 0 0 0 21 0.00 1 0.0   305  198    1     1   305  198  198 349
1 3 0  1 0 0 0 21 0.00 1 0.0   304  196    1     1   304  196  196 349
2 1 0     3 0 0 0 0 0.000 0 0
  304  196  299  194 9999 9999
1 3 0  1 0 0 0 21 0.00 1 0.0   304  196    1     1   304  196  196 349
1 3 0  1 0 0 0 21 0.00 1 0.0   299  194    1     1   299  194  194 349
2 1 0     3 0 0 0 0 0.000 0 0
  299  194  295  194 9999 9999
1 3 0  1 0 0 0 21 0.00 1 0.0   299  194    1     1   299  194  194 349
1 3 0  1 0 0 0 21 0.00 1 0.0   295  194    1     1   295  194  194 349
2 1 0     3 0 0 0 0 0.000 0 0
  295  194  291  196 9999 9999
1 3 0  1 0 0 0 21 0.00 1 0.0   295  194    1     1   295  194  194 349
1 3 0  1 0 0 0 21 0.00 1 0.0   291  196    1     1   291  196  196 349
2 1 0     3 0 0 0 0 0.000 0 0
  291  196  290  198 9999 9999
1 3 0  1 0 0 0 21 0.00 1 0.0   291  196    1     1   291  196  196 349
1 3 0  1 0 0 0 21 0.00 1 0.0   290  198    1     1   290  198  198 349
2 1 0     3 0 0 0 0 0.000 0 0
  290  198  291  201 9999 9999
1 3 0  1 0 0 0 21 0.00 1 0.0   290  198    1     1   290  198  198 349
1 3 0  1 0 0 0 21 0.00 1 0.0   291  201    1     1   291  201  201 349
2 1 0     3 0 0 0 0 0.000 0 0
  291  201  294  202 9999 9999
1 3 0  1 0 0 0 21 0.00 1 0.0   291  201    1     1   291  201  201 349
1 3 0  1 0 0 0 21 0.00 1 0.0   294  202    1     1   294  202  202 349
2 1 0     3 0 0 0 0 0.000 0 0
  294  202  301  204 9999 9999
1 3 0  1 0 0 0 21 0.00 1 0.0   294  202    1     1   294  202  202 349
1 3 0  1 0 0 0 21 0.00 1 0.0   301  204    1     1   301  204  204 349
2 1 0     3 0 0 0 0 0.000 0 0
  301  204  304  205 9999 9999
1 3 0  1 0 0 0 21 0.00 1 0.0   301  204    1     1   301  204  204 349
1 3 0  1 0 0 0 21 0.00 1 0.0   304  205    1     1   304  205  205 349
2 1 0     3 0 0 0 0 0.000 0 0
  304  205  305  207 9999 9999
1 3 0  1 0 0 0 21 0.00 1 0.0   304  205    1     1   304  205  205 349
1 3 0  1 0 0 0 21 0.00 1 0.0   305  207    1     1   305  207  207 349
2 1 0     3 0 0 0 0 0.000 0 0
  305  207  305  209 9999 9999
1 3 0  1 0 0 0 21 0.00 1 0.0   305  207    1     1   305  207  207 349
1 3 0  1 0 0 0 21 0.00 1 0.0   305  209    1     1   305  209  209 349
2 1 0     3 0 0 0 0 0.000 0 0
  305  209  304  211 9999 9999
1 3 0  1 0 0 0 21 0.00 1 0.0   305  209    1     1   305  209  209 349
1 3 0  1 0 0 0 21 0.00 1 0.0   304  211    1     1   304  211  211 349
2 1 0     3 0 0 0 0 0.000 0 0
  304  211  299  213 9999 9999
1 3 0  1 0 0 0 21 0.00 1 0.0   304  211    1     1   304  211  211 349
1 3 0  1 0 0 0 21 0.00 1 0.0   299  213    1     1   299  213  213 349
2 1 0     3 0 0 0 0 0.000 0 0
  299  213  295  213 9999 9999
1 3 0  1 0 0 0 21 0.00 1 0.0   299  213    1     1   299  213  213 349
1 3 0  1 0 0 0 21 0.00 1 0.0   295  213    1     1   295  213  213 349
2 1 0     3 0 0 0 0 0.000 0 0
  295  213  291  211 9999 9999
1 3 0  1 0 0 0 21 0.00 1 0.0   295  213    1     1   295  213  213 349
1 3 0  1 0 0 0 21 0.00 1 0.0   291  211    1     1   291  211  211 349
2 1 0     3 0 0 0 0 0.000 0 0
  291  211  290  209 9999 9999
1 3 0  1 0 0 0 21 0.00 1 0.0   291  211    1     1   291  211  211 349
1 3 0  1 0 0 0 21 0.00 1 0.0   290  209    1     1   290  209  209 349
2 1 0     3 0 0 0 0 0.000 0 0
  334  192  333  189 9999 9999
1 3 0  1 0 0 0 21 0.00 1 0.0   334  192    1     1   334  192  192 349
1 3 0  1 0 0 0 21 0.00 1 0.0   333  189    1     1   333  189  189 349
2 1 0     3 0 0 0 0 0.000 0 0
  333  189  330  186 9999 9999
1 3 0  1 0 0 0 21 0.00 1 0.0   333  189    1     1   333  189  189 349
1 3 0  1 0 0 0 21 0.00 1 0.0   330  186    1     1   330  186  186 349
2 1 0     3 0 0 0 0 0.000 0 0
  330  186  327  185 9999 9999
1 3 0  1 0 0 0 21 0.00 1 0.0   330  186    1     1   330  186  186 349
1 3 0  1 0 0 0 21 0.00 1 0.0   327  185    1     1   327  185  185 349
2 1 0     3 0 0 0 0 0.000 0 0
  327  185  322  185 9999 9999
1 3 0  1 0 0 0 21 0.00 1 0.0   327  185    1     1   327  185  185 349
1 3 0  1 0 0 0 21 0.00 1 0.0   322  185    1     1   322  185  185 349
2 1 0     3 0 0 0 0 0.000 0 0
  322  185  319  186 9999 9999
1 3 0  1 0 0 0 21 0.00 1 0.0   322  185    1     1   322  185  185 349
1 3 0  1 0 0 0 21 0.00 1 0.0   319  186    1     1   319  186  186 349
2 1 0     3 0 0 0 0 0.000 0 0
  319  186  316  189 9999 9999
1 3 0  1 0 0 0 21 0.00 1 0.0   319  186    1     1   319  186  186 349
1 3 0  1 0 0 0 21 0.00 1 0.0   316  189    1     1   316  189  189 349
2 1 0     3 0 0 0 0 0.000 0 0
  316  189  315  192 9999 9999
1 3 0  1 0 0 0 21 0.00 1 0.0   316  189    1     1   316  189  189 349
1 3 0  1 0 0 0 21 0.00 1 0.0   315  192    1     1   315  192  192 349
2 1 0     3 0 0 0 0 0.000 0 0
  315  192  313  196 9999 9999
1 3 0  1 0 0 0 21 0.00 1 0.0   315  192    1     1   315  192  192 349
1 3 0  1 0 0 0 21 0.00 1 0.0   313  196    1     1   313  196  196 349
2 1 0     3 0 0 0 0 0.000 0 0
  313  196  313  202 9999 9999
1 3 0  1 0 0 0 21 0.00 1 0.0   313  196    1     1   313  196  196 349
1 3 0  1 0 0 0 21 0.00 1 0.0   313  202    1     1   313  202  202 349
2 1 0     3 0 0 0 0 0.000 0 0
  313  202  315  206 9999 9999
1 3 0  1 0 0 0 21 0.00 1 0.0   313  202    1     1   313  202  202 349
1 3 0  1 0 0 0 21 0.00 1 0.0   315  206    1     1   315  206  206 349
2 1 0     3 0 0 0 0 0.000 0 0
  315  206  316  209 9999 9999
1 3 0  1 0 0 0 21 0.00 1 0.0   315  206    1     1   315  206  206 349
1 3 0  1 0 0 0 21 0.00 1 0.0   316  209    1     1   316  209  209 349
2 1 0     3 0 0 0 0 0.000 0 0
  316  209  319  211 9999 9999
1 3 0  1 0 0 0 21 0.00 1 0.0   316  209    1     1   316  209  209 349
1 3 0  1 0 0 0 21 0.00 1 0.0   319  211    1     1   319  211  211 349
2 1 0     3 0 0 0 0 0.000 0 0
  319  211  322  213 9999 9999
1 3 0  1 0 0 0 21 0.00 1 0.0   319  211    1     1   319  211  211 349
1 3 0  1 0 0 0 21 0.00 1 0.0   322  213    1     1   322  213  213 349
2 1 0     3 0 0 0 0 0.000 0 0
  322  213  327  213 9999 9999
1 3 0  1 0 0 0 21 0.00 1 0.0   322  213    1     1   322  213  213 349
1 3 0  1 0 0 0 21 0.00 1 0.0   327  213    1     1   327  213  213 349
2 1 0     3 0 0 0 0 0.000 0 0
  327  213  330  211 9999 9999
1 3 0  1 0 0 0 21 0.00 1 0.0   327  213    1     1   327  213  213 349
1 3 0  1 0 0 0 21 0.00 1 0.0   330  211    1     1   330  211  211 349
2 1 0     3 0 0 0 0 0.000 0 0
  330  211  333  209 9999 9999
1 3 0  1 0 0 0 21 0.00 1 0.0   330  211    1     1   330  211  211 349
1 3 0  1 0 0 0 21 0.00 1 0.0   333  209    1     1   333  209  209 349
2 1 0     3 0 0 0 0 0.000 0 0
  333  209  334  206 9999 9999
1 3 0  1 0 0 0 21 0.00 1 0.0   333  209    1     1   333  209  209 349
1 3 0  1 0 0 0 21 0.00 1 0.0   334  206    1     1   334  206  206 349
2 1 0     3 0 0 0 0 0.000 0 0
  334  206  334  202 9999 9999
1 3 0  1 0 0 0 21 0.00 1 0.0   334  206    1     1   334  206  206 349
1 3 0  1 0 0 0 21 0.00 1 0.0   334  202    1     1   334  202  202 349
2 1 0     3 0 0 0 0 0.000 0 0
  327  202  334  202 9999 9999
1 3 0  1 0 0 0 21 0.00 1 0.0   327  202    1     1   327  202  202 349
1 3 0  1 0 0 0 21 0.00 1 0.0   334  202    1     1   334  202  202 349
2 1 0     3 0 0 0 0 0.000 0 0
  342  202  359  202 9999 9999
1 3 0  1 0 0 0 21 0.00 1 0.0   342  202    1     1   342  202  202 349
1 3 0  1 0 0 0 21 0.00 1 0.0   359  202    1     1   359  202  202 349
2 1 0     3 0 0 0 0 0.000 0 0
  359  202  359  200 9999 9999
1 3 0  1 0 0 0 21 0.00 1 0.0   359  202    1     1   359  202  202 349
1 3 0  1 0 0 0 21 0.00 1 0.0   359  200    1     1   359  200  200 349
2 1 0     3 0 0 0 0 0.000 0 0
  359  200  357  197 9999 9999
1 3 0  1 0 0 0 21 0.00 1 0.0   359  200    1     1   359  200  200 349
1 3 0  1 0 0 0 21 0.00 1 0.0   357  197    1     1   357  197  197 349
2 1 0     3 0 0 0 0 0.000 0 0
  357  197  356  196 9999 9999
1 3 0  1 0 0 0 21 0.00 1 0.0   357  197    1     1   357  197  197 349
1 3 0  1 0 0 0 21 0.00 1 0.0   356  196    1     1   356  196  196 349
2 1 0     3 0 0 0 0 0.000 0 0
  356  196  353  194 9999 9999
1 3 0  1 0 0 0 21 0.00 1 0.0   356  196    1     1   356  196  196 349
1 3 0  1 0 0 0 21 0.00 1 0.0   353  194    1     1   353  194  194 349
2 1 0     3 0 0 0 0 0.000 0 0
  353  194  349  194 9999 9999
1 3 0  1 0 0 0 21 0.00 1 0.0   353  194    1     1   353  194  194 349
1 3 0  1 0 0 0 21 0.00 1 0.0   349  194    1     1   349  194  194 349
2 1 0     3 0 0 0 0 0.000 0 0
  349  194  346  196 9999 9999
1 3 0  1 0 0 0 21 0.00 1 0.0   349  194    1     1   349  194  194 349
1 3 0  1 0 0 0 21 0.00 1 0.0   346  196    1     1   346  196  196 349
2 1 0     3 0 0 0 0 0.000 0 0
  346  196  344  198 9999 9999
1 3 0  1 0 0 0 21 0.00 1 0.0   346  196    1     1   346  196  196 349
1 3 0  1 0 0 0 21 0.00 1 0.0   344  198    1     1   344  198  198 349
2 1 0     3 0 0 0 0 0.000 0 0
  344  198  342  202 9999 9999
1 3 0  1 0 0 0 21 0.00 1 0.0   344  198    1     1   344  198  198 349
1 3 0  1 0 0 0 21 0.00 1 0.0   342  202    1     1   342  202  202 349
2 1 0     3 0 0 0 0 0.000 0 0
  342  202  342  205 9999 9999
1 3 0  1 0 0 0 21 0.00 1 0.0   342  202    1     1   342  202  202 349
1 3 0  1 0 0 0 21 0.00 1 0.0   342  205    1     1   342  205  205 349
2 1 0     3 0 0 0 0 0.000 0 0
  342  205  344  209 9999 9999
1 3 0  1 0 0 0 21 0.00 1 0.0   342  205    1     1   342  205  205 349
1 3 0  1 0 0 0 21 0.00 1 0.0   344  209    1     1   344  209  209 349
2 1 0     3 0 0 0 0 0.000 0 0
  344  209  346  211 9999 9999
1 3 0  1 0 0 0 21 0.00 1 0.0   344  209    1     1   344  209  209 349
1 3 0  1 0 0 0 21 0.00 1 0.0   346  211    1     1   346  211  211 349
2 1 0     3 0 0 0 0 0.000 0 0
  346  211  349  213 9999 9999
1 3 0  1 0 0 0 21 0.00 1 0.0   346  211    1     1   346  211  211 349
1 3 0  1 0 0 0 21 0.00 1 0.0   349  213    1     1   349  213  213 349
2 1 0     3 0 0 0 0 0.000 0 0
  349  213  353  213 9999 9999
1 3 0  1 0 0 0 21 0.00 1 0.0   349  213    1     1   349  213  213 349
1 3 0  1 0 0 0 21 0.00 1 0.0   353  213    1     1   353  213  213 349
2 1 0     3 0 0 0 0 0.000 0 0
  353  213  356  211 9999 9999
1 3 0  1 0 0 0 21 0.00 1 0.0   353  213    1     1   353  213  213 349
1 3 0  1 0 0 0 21 0.00 1 0.0   356  211    1     1   356  211  211 349
2 1 0     3 0 0 0 0 0.000 0 0
  356  211  359  209 9999 9999
1 3 0  1 0 0 0 21 0.00 1 0.0   356  211    1     1   356  211  211 349
1 3 0  1 0 0 0 21 0.00 1 0.0   359  209    1     1   359  209  209 349
2 1 0     3 0 0 0 0 0.000 0 0
  369  194  369  213 9999 9999
1 3 0  1 0 0 0 21 0.00 1 0.0   369  194    1     1   369  194  194 349
1 3 0  1 0 0 0 21 0.00 1 0.0   369  213    1     1   369  213  213 349
2 1 0     3 0 0 0 0 0.000 0 0
  369  200  373  196 9999 9999
1 3 0  1 0 0 0 21 0.00 1 0.0   369  200    1     1   369  200  200 349
1 3 0  1 0 0 0 21 0.00 1 0.0   373  196    1     1   373  196  196 349
2 1 0     3 0 0 0 0 0.000 0 0
  373  196  375  194 9999 9999
1 3 0  1 0 0 0 21 0.00 1 0.0   373  196    1     1   373  196  196 349
1 3 0  1 0 0 0 21 0.00 1 0.0   375  194    1     1   375  194  194 349
2 1 0     3 0 0 0 0 0.000 0 0
  375  194  380  194 9999 9999
1 3 0  1 0 0 0 21 0.00 1 0.0   375  194    1     1   375  194  194 349
1 3 0  1 0 0 0 21 0.00 1 0.0   380  194    1     1   380  194  194 349
2 1 0     3 0 0 0 0 0.000 0 0
  380  194  382  196 9999 9999
1 3 0  1 0 0 0 21 0.00 1 0.0   380  194    1     1   380  194  194 349
1 3 0  1 0 0 0 21 0.00 1 0.0   382  196    1     1   382  196  196 349
2 1 0     3 0 0 0 0 0.000 0 0
  382  196  384  200 9999 9999
1 3 0  1 0 0 0 21 0.00 1 0.0   382  196    1     1   382  196  196 349
1 3 0  1 0 0 0 21 0.00 1 0.0   384  200    1     1   384  200  200 349
2 1 0     3 0 0 0 0 0.000 0 0
  384  200  384  213 9999 9999
1 3 0  1 0 0 0 21 0.00 1 0.0   384  200    1     1   384  200  200 349
1 3 0  1 0 0 0 21 0.00 1 0.0   384  213    1     1   384  213  213 349
2 1 0     3 0 0 0 0 0.000 0 0
  392  194  400  213 9999 9999
1 3 0  1 0 0 0 21 0.00 1 0.0   392  194    1     1   392  194  194 349
1 3 0  1 0 0 0 21 0.00 1 0.0   400  213    1     1   400  213  213 349
2 1 0     3 0 0 0 0 0.000 0 0
  409  194  400  213 9999 9999
1 3 0  1 0 0 0 21 0.00 1 0.0   409  194    1     1   409  194  194 349
1 3 0  1 0 0 0 21 0.00 1 0.0   400  213    1     1   400  213  213 349
2 1 0     3 0 0 0 0 0.000 0 0
  546  292  543  289 9999 9999
1 3 0  1 0 0 0 21 0.00 1 0.0   546  292    1     1   546  292  292 349
1 3 0  1 0 0 0 21 0.00 1 0.0   543  289    1     1   543  289  289 349
2 1 0     3 0 0 0 0 0.000 0 0
  543  289  541  288 9999 9999
1 3 0  1 0 0 0 21 0.00 1 0.0   543  289    1     1   543  289  289 349
1 3 0  1 0 0 0 21 0.00 1 0.0   541  288    1     1   541  288  288 349
2 1 0     3 0 0 0 0 0.000 0 0
  541  288  537  288 9999 9999
1 3 0  1 0 0 0 21 0.00 1 0.0   541  288    1     1   541  288  288 349
1 3 0  1 0 0 0 21 0.00 1 0.0   537  288    1     1   537  288  288 349
2 1 0     3 0 0 0 0 0.000 0 0
  537  288  534  289 9999 9999
1 3 0  1 0 0 0 21 0.00 1 0.0   537  288    1     1   537  288  288 349
1 3 0  1 0 0 0 21 0.00 1 0.0   534  289    1     1   534  289  289 349
2 1 0     3 0 0 0 0 0.000 0 0
  534  289  531  292 9999 9999
1 3 0  1 0 0 0 21 0.00 1 0.0   534  289    1     1   534  289  289 349
1 3 0  1 0 0 0 21 0.00 1 0.0   531  292    1     1   531  292  292 349
2 1 0     3 0 0 0 0 0.000 0 0
  531  292  530  296 9999 9999
1 3 0  1 0 0 0 21 0.00 1 0.0   531  292    1     1   531  292  292 349
1 3 0  1 0 0 0 21 0.00 1 0.0   530  296    1     1   530  296  296 349
2 1 0     3 0 0 0 0 0.000 0 0
  530  296  530  299 9999 9999
1 3 0  1 0 0 0 21 0.00 1 0.0   530  296    1     1   530  296  296 349
1 3 0  1 0 0 0 21 0.00 1 0.0   530  299    1     1   530  299  299 349
2 1 0     3 0 0 0 0 0.000 0 0
  530  299  531  303 9999 9999
1 3 0  1 0 0 0 21 0.00 1 0.0   530  299    1     1   530  299  299 349
1 3 0  1 0 0 0 21 0.00 1 0.0   531  303    1     1   531  303  303 349
2 1 0     3 0 0 0 0 0.000 0 0
  531  303  534  305 9999 9999
1 3 0  1 0 0 0 21 0.00 1 0.0   531  303    1     1   531  303  303 349
1 3 0  1 0 0 0 21 0.00 1 0.0   534  305    1     1   534  305  305 349
2 1 0     3 0 0 0 0 0.000 0 0
  534  305  537  307 9999 9999
1 3 0  1 0 0 0 21 0.00 1 0.0   534  305    1     1   534  305  305 349
1 3 0  1 0 0 0 21 0.00 1 0.0   537  307    1     1   537  307  307 349
2 1 0     3 0 0 0 0 0.000 0 0
  537  307  541  307 9999 9999
1 3 0  1 0 0 0 21 0.00 1 0.0   537  307    1     1   537  307  307 349
1 3 0  1 0 0 0 21 0.00 1 0.0   541  307    1     1   541  307  307 349
2 1 0     3 0 0 0 0 0.000 0 0
  541  307  543  305 9999 9999
1 3 0  1 0 0 0 21 0.00 1 0.0   541  307    1     1   541  307  307 349
1 3 0  1 0 0 0 21 0.00 1 0.0   543  305    1     1   543  305  305 349
2 1 0     3 0 0 0 0 0.000 0 0
  543  305  546  303 9999 9999
1 3 0  1 0 0 0 21 0.00 1 0.0   543  305    1     1   543  305  305 349
1 3 0  1 0 0 0 21 0.00 1 0.0   546  303    1     1   546  303  303 349
2 1 0     3 0 0 0 0 0.000 0 0
  561  288  559  289 9999 9999
1 3 0  1 0 0 0 21 0.00 1 0.0   561  288    1     1   561  288  288 349
1 3 0  1 0 0 0 21 0.00 1 0.0   559  289    1     1   559  289  289 349
2 1 0     3 0 0 0 0 0.000 0 0
  559  289  556  292 9999 9999
1 3 0  1 0 0 0 21 0.00 1 0.0   559  289    1     1   559  289  289 349
1 3 0  1 0 0 0 21 0.00 1 0.0   556  292    1     1   556  292  292 349
2 1 0     3 0 0 0 0 0.000 0 0
  556  292  555  296 9999 9999
1 3 0  1 0 0 0 21 0.00 1 0.0   556  292    1     1   556  292  292 349
1 3 0  1 0 0 0 21 0.00 1 0.0   555  296    1     1   555  296  296 349
2 1 0     3 0 0 0 0 0.000 0 0
  555  296  555  299 9999 9999
1 3 0  1 0 0 0 21 0.00 1 0.0   555  296    1     1   555  296  296 349
1 3 0  1 0 0 0 21 0.00 1 0.0   555  299    1     1   555  299  299 349
2 1 0     3 0 0 0 0 0.000 0 0
  555  299  556  303 9999 9999
1 3 0  1 0 0 0 21 0.00 1 0.0   555  299    1     1   555  299  299 349
1 3 0  1 0 0 0 21 0.00 1 0.0   556  303    1     1   556  303  303 349
2 1 0     3 0 0 0 0 0.000 0 0
  556  303  559  305 9999 9999
1 3 0  1 0 0 0 21 0.00 1 0.0   556  303    1     1   556  303  303 349
1 3 0  1 0 0 0 21 0.00 1 0.0   559  305    1     1   559  305  305 349
2 1 0     3 0 0 0 0 0.000 0 0
  559  305  561  307 9999 9999
1 3 0  1 0 0 0 21 0.00 1 0.0   559  305    1     1   559  305  305 349
1 3 0  1 0 0 0 21 0.00 1 0.0   561  307    1     1   561  307  307 349
2 1 0     3 0 0 0 0 0.000 0 0
  561  307  566  307 9999 9999
1 3 0  1 0 0 0 21 0.00 1 0.0   561  307    1     1   561  307  307 349
1 3 0  1 0 0 0 21 0.00 1 0.0   566  307    1     1   566  307  307 349
2 1 0     3 0 0 0 0 0.000 0 0
  566  307  568  305 9999 9999
1 3 0  1 0 0 0 21 0.00 1 0.0   566  307    1     1   566  307  307 349
1 3 0  1 0 0 0 21 0.00 1 0.0   568  305    1     1   568  305  305 349
2 1 0     3 0 0 0 0 0.000 0 0
  568  305  571  303 9999 9999
1 3 0  1 0 0 0 21 0.00 1 0.0   568  305    1     1   568  305  305 349
1 3 0  1 0 0 0 21 0.00 1 0.0   571  303    1     1   571  303  303 349
2 1 0     3 0 0 0 0 0.000 0 0
  571  303  573  299 9999 9999
1 3 0  1 0 0 0 21 0.00 1 0.0   571  303    1     1   571  303  303 349
1 3 0  1 0 0 0 21 0.00 1 0.0   573  299    1     1   573  299  299 349
2 1 0     3 0 0 0 0 0.000 0 0
  573  299  573  296 9999 9999
1 3 0  1 0 0 0 21 0.00 1 0.0   573  299    1     1   573  299  299 349
1 3 0  1 0 0 0 21 0.00 1 0.0   573  296    1     1   573  296  296 349
2 1 0     3 0 0 0 0 0.000 0 0
  573  296  571  292 9999 9999
1 3 0  1 0 0 0 21 0.00 1 0.0   573  296    1     1   573  296  296 349
1 3 0  1 0 0 0 21 0.00 1 0.0   571  292    1     1   571  292  292 349
2 1 0     3 0 0 0 0 0.000 0 0
  571  292  568  289 9999 9999
1 3 0  1 0 0 0 21 0.00 1 0.0   571  292    1     1   571  292  292 349
1 3 0  1 0 0 0 21 0.00 1 0.0   568  289    1     1   568  289  289 349
2 1 0     3 0 0 0 0 0.000 0 0
  568  289  566  288 9999 9999
1 3 0  1 0 0 0 21 0.00 1 0.0   568  289    1     1   568  289  289 349
1 3 0  1 0 0 0 21 0.00 1 0.0   566  288    1     1   566  288  288 349
2 1 0     3 0 0 0 0 0.000 0 0
  566  288  561  288 9999 9999
1 3 0  1 0 0 0 21 0.00 1 0.0   566  288    1     1   566  288  288 349
1 3 0  1 0 0 0 21 0.00 1 0.0   561  288    1     1   561  288  288 349
2 1 0     3 0 0 0 0 0.000 0 0
  582  288  582  307 9999 9999
1 3 0  1 0 0 0 21 0.00 1 0.0   582  288    1     1   582  288  288 349
1 3 0  1 0 0 0 21 0.00 1 0.0   582  307    1     1   582  307  307 349
2 1 0     3 0 0 0 0 0.000 0 0
  582  293  586  289 9999 9999
1 3 0  1 0 0 0 21 0.00 1 0.0   582  293    1     1   582  293  293 349
1 3 0  1 0 0 0 21 0.00 1 0.0   586  289    1     1   586  289  289 349
2 1 0     3 0 0 0 0 0.000 0 0
  586  289  589  288 9999 9999
1 3 0  1 0 0 0 21 0.00 1 0.0   586  289    1     1   586  289  289 349
1 3 0  1 0 0 0 21 0.00 1 0.0   589  288    1     1   589  288  288 349
2 1 0     3 0 0 0 0 0.000 0 0
  589  288  593  288 9999 9999
1 3 0  1 0 0 0 21 0.00 1 0.0   589  288    1     1   589  288  288 349
1 3 0  1 0 0 0 21 0.00 1 0.0   593  288    1     1   593  288  288 349
2 1 0     3 0 0 0 0 0.000 0 0
  593  288  596  289 9999 9999
1 3 0  1 0 0 0 21 0.00 1 0.0   593  288    1     1   593  288  288 349
1 3 0  1 0 0 0 21 0.00 1 0.0   596  289    1     1   596  289  289 349
2 1 0     3 0 0 0 0 0.000 0 0
  596  289  597  293 9999 9999
1 3 0  1 0 0 0 21 0.00 1 0.0   596  289    1     1   596  289  289 349
1 3 0  1 0 0 0 21 0.00 1 0.0   597  293    1     1   597  293  293 349
2 1 0     3 0 0 0 0 0.000 0 0
  597  293  597  307 9999 9999
1 3 0  1 0 0 0 21 0.00 1 0.0   597  293    1     1   597  293  293 349
1 3 0  1 0 0 0 21 0.00 1 0.0   597  307    1     1   597  307  307 349
2 1 0     3 0 0 0 0 0.000 0 0
  622  292  621  289 9999 9999
1 3 0  1 0 0 0 21 0.00 1 0.0   622  292    1     1   622  292  292 349
1 3 0  1 0 0 0 21 0.00 1 0.0   621  289    1     1   621  289  289 349
2 1 0     3 0 0 0 0 0.000 0 0
  621  289  617  288 9999 9999
1 3 0  1 0 0 0 21 0.00 1 0.0   621  289    1     1   621  289  289 349
1 3 0  1 0 0 0 21 0.00 1 0.0   617  288    1     1   617  288  288 349
2 1 0     3 0 0 0 0 0.000 0 0
  617  288  613  288 9999 9999
1 3 0  1 0 0 0 21 0.00 1 0.0   617  288    1     1   617  288  288 349
1 3 0  1 0 0 0 21 0.00 1 0.0   613  288    1     1   613  288  288 349
2 1 0     3 0 0 0 0 0.000 0 0
  613  288  608  289 9999 9999
1 3 0  1 0 0 0 21 0.00 1 0.0   613  288    1     1   613  288  288 349
1 3 0  1 0 0 0 21 0.00 1 0.0   608  289    1     1   608  289  289 349
2 1 0     3 0 0 0 0 0.000 0 0
  608  289  607  292 9999 9999
1 3 0  1 0 0 0 21 0.00 1 0.0   608  289    1     1   608  289  289 349
1 3 0  1 0 0 0 21 0.00 1 0.0   607  292    1     1   607  292  292 349
2 1 0     3 0 0 0 0 0.000 0 0
  607  292  608  295 9999 9999
1 3 0  1 0 0 0 21 0.00 1 0.0   607  292    1     1   607  292  292 349
1 3 0  1 0 0 0 21 0.00 1 0.0   608  295    1     1   608  295  295 349
2 1 0     3 0 0 0 0 0.000 0 0
  608  295  611  296 9999 9999
1 3 0  1 0 0 0 21 0.00 1 0.0   608  295    1     1   608  295  295 349
1 3 0  1 0 0 0 21 0.00 1 0.0   611  296    1     1   611  296  296 349
2 1 0     3 0 0 0 0 0.000 0 0
  611  296  618  297 9999 9999
1 3 0  1 0 0 0 21 0.00 1 0.0   611  296    1     1   611  296  296 349
1 3 0  1 0 0 0 21 0.00 1 0.0   618  297    1     1   618  297  297 349
2 1 0     3 0 0 0 0 0.000 0 0
  618  297  621  299 9999 9999
1 3 0  1 0 0 0 21 0.00 1 0.0   618  297    1     1   618  297  297 349
1 3 0  1 0 0 0 21 0.00 1 0.0   621  299    1     1   621  299  299 349
2 1 0     3 0 0 0 0 0.000 0 0
  621  299  622  301 9999 9999
1 3 0  1 0 0 0 21 0.00 1 0.0   621  299    1     1   621  299  299 349
1 3 0  1 0 0 0 21 0.00 1 0.0   622  301    1     1   622  301  301 349
2 1 0     3 0 0 0 0 0.000 0 0
  622  301  622  303 9999 9999
1 3 0  1 0 0 0 21 0.00 1 0.0   622  301    1     1   622  301  301 349
1 3 0  1 0 0 0 21 0.00 1 0.0   622  303    1     1   622  303  303 349
2 1 0     3 0 0 0 0 0.000 0 0
  622  303  621  305 9999 9999
1 3 0  1 0 0 0 21 0.00 1 0.0   622  303    1     1   622  303  303 349
1 3 0  1 0 0 0 21 0.00 1 0.0   621  305    1     1   621  305  305 349
2 1 0     3 0 0 0 0 0.000 0 0
  621  305  617  307 9999 9999
1 3 0  1 0 0 0 21 0.00 1 0.0   621  305    1     1   621  305  305 349
1 3 0  1 0 0 0 21 0.00 1 0.0   617  307    1     1   617  307  307 349
2 1 0     3 0 0 0 0 0.000 0 0
  617  307  613  307 9999 9999
1 3 0  1 0 0 0 21 0.00 1 0.0   617  307    1     1   617  307  307 349
1 3 0  1 0 0 0 21 0.00 1 0.0   613  307    1     1   613  307  307 349
2 1 0     3 0 0 0 0 0.000 0 0
  613  307  608  305 9999 9999
1 3 0  1 0 0 0 21 0.00 1 0.0   613  307    1     1   613  307  307 349
1 3 0  1 0 0 0 21 0.00 1 0.0   608  305    1     1   608  305  305 349
2 1 0     3 0 0 0 0 0.000 0 0
  608  305  607  303 9999 9999
1 3 0  1 0 0 0 21 0.00 1 0.0   608  305    1     1   608  305  305 349
1 3 0  1 0 0 0 21 0.00 1 0.0   607  303    1     1   607  303  303 349
2 1 0     3 0 0 0 0 0.000 0 0
  639  279  628  307 9999 9999
1 3 0  1 0 0 0 21 0.00 1 0.0   639  279    1     1   639  279  279 349
1 3 0  1 0 0 0 21 0.00 1 0.0   628  307    1     1   628  307  307 349
2 1 0     3 0 0 0 0 0.000 0 0
  639  279  650  307 9999 9999
1 3 0  1 0 0 0 21 0.00 1 0.0   639  279    1     1   639  279  279 349
1 3 0  1 0 0 0 21 0.00 1 0.0   650  307    1     1   650  307  307 349
2 1 0     3 0 0 0 0 0.000 0 0
  632  297  646  297 9999 9999
1 3 0  1 0 0 0 21 0.00 1 0.0   632  297    1     1   632  297  297 349
1 3 0  1 0 0 0 21 0.00 1 0.0   646  297    1     1   646  297  297 349
2 1 0     3 0 0 0 0 0.000 0 0
  656  296  672  296 9999 9999
1 3 0  1 0 0 0 21 0.00 1 0.0   656  296    1     1   656  296  296 349
1 3 0  1 0 0 0 21 0.00 1 0.0   672  296    1     1   672  296  296 349
2 1 0     3 0 0 0 0 0.000 0 0
  672  296  672  293 9999 9999
1 3 0  1 0 0 0 21 0.00 1 0.0   672  296    1     1   672  296  296 349
1 3 0  1 0 0 0 21 0.00 1 0.0   672  293    1     1   672  293  293 349
2 1 0     3 0 0 0 0 0.000 0 0
  672  293  671  291 9999 9999
1 3 0  1 0 0 0 21 0.00 1 0.0   672  293    1     1   672  293  293 349
1 3 0  1 0 0 0 21 0.00 1 0.0   671  291    1     1   671  291  291 349
2 1 0     3 0 0 0 0 0.000 0 0
  671  291  669  289 9999 9999
1 3 0  1 0 0 0 21 0.00 1 0.0   671  291    1     1   671  291  291 349
1 3 0  1 0 0 0 21 0.00 1 0.0   669  289    1     1   669  289  289 349
2 1 0     3 0 0 0 0 0.000 0 0
  669  289  667  288 9999 9999
1 3 0  1 0 0 0 21 0.00 1 0.0   669  289    1     1   669  289  289 349
1 3 0  1 0 0 0 21 0.00 1 0.0   667  288    1     1   667  288  288 349
2 1 0     3 0 0 0 0 0.000 0 0
  667  288  662  288 9999 9999
1 3 0  1 0 0 0 21 0.00 1 0.0   667  288    1     1   667  288  288 349
1 3 0  1 0 0 0 21 0.00 1 0.0   662  288    1     1   662  288  288 349
2 1 0     3 0 0 0 0 0.000 0 0
  662  288  660  289 9999 9999
1 3 0  1 0 0 0 21 0.00 1 0.0   662  288    1     1   662  288  288 349
1 3 0  1 0 0 0 21 0.00 1 0.0   660  289    1     1   660  289  289 349
2 1 0     3 0 0 0 0 0.000 0 0
  660  289  657  292 9999 9999
1 3 0  1 0 0 0 21 0.00 1 0.0   660  289    1     1   660  289  289 349
1 3 0  1 0 0 0 21 0.00 1 0.0   657  292    1     1   657  292  292 349
2 1 0     3 0 0 0 0 0.000 0 0
  657  292  656  296 9999 9999
1 3 0  1 0 0 0 21 0.00 1 0.0   657  292    1     1   657  292  292 349
1 3 0  1 0 0 0 21 0.00 1 0.0   656  296    1     1   656  296  296 349
2 1 0     3 0 0 0 0 0.000 0 0
  656  296  656  299 9999 9999
1 3 0  1 0 0 0 21 0.00 1 0.0   656  296    1     1   656  296  296 349
1 3 0  1 0 0 0 21 0.00 1 0.0   656  299    1     1   656  299  299 349
2 1 0     3 0 0 0 0 0.000 0 0
  656  299  657  303 9999 9999
1 3 0  1 0 0 0 21 0.00 1 0.0   656  299    1     1   656  299  299 349
1 3 0  1 0 0 0 21 0.00 1 0.0   657  303    1     1   657  303  303 349
2 1 0     3 0 0 0 0 0.000 0 0
  657  303  660  305 9999 9999
1 3 0  1 0 0 0 21 0.00 1 0.0   657  303    1     1   657  303  303 349
1 3 0  1 0 0 0 21 0.00 1 0.0   660  305    1     1   660  305  305 349
2 1 0     3 0 0 0 0 0.000 0 0
  660  305  662  307 9999 9999
1 3 0  1 0 0 0 21 0.00 1 0.0   660  305    1     1   660  305  305 349
1 3 0  1 0 0 0 21 0.00 1 0.0   662  307    1     1   662  307  307 349
2 1 0     3 0 0 0 0 0.000 0 0
  662  307  667  307 9999 9999
1 3 0  1 0 0 0 21 0.00 1 0.0   662  307    1     1   662  307  307 349
1 3 0  1 0 0 0 21 0.00 1 0.0   667  307    1     1   667  307  307 349
2 1 0     3 0 0 0 0 0.000 0 0
  667  307  669  305 9999 9999
1 3 0  1 0 0 0 21 0.00 1 0.0   667  307    1     1   667  307  307 349
1 3 0  1 0 0 0 21 0.00 1 0.0   669  305    1     1   669  305  305 349
2 1 0     3 0 0 0 0 0.000 0 0
  669  305  672  303 9999 9999
1 3 0  1 0 0 0 21 0.00 1 0.0   669  305    1     1   669  305  305 349
1 3 0  1 0 0 0 21 0.00 1 0.0   672  303    1     1   672  303  303 349
2 1 0     3 0 0 0 0 0.000 0 0
  682  288  682  307 9999 9999
1 3 0  1 0 0 0 21 0.00 1 0.0   682  288    1     1   682  288  288 349
1 3 0  1 0 0 0 21 0.00 1 0.0   682  307    1     1   682  307  307 349
2 1 0     3 0 0 0 0 0.000 0 0
  682  293  686  289 9999 9999
1 3 0  1 0 0 0 21 0.00 1 0.0   682  293    1     1   682  293  293 349
1 3 0  1 0 0 0 21 0.00 1 0.0   686  289    1     1   686  289  289 349
2 1 0     3 0 0 0 0 0.000 0 0
  686  289  689  288 9999 9999
1 3 0  1 0 0 0 21 0.00 1 0.0   686  289    1     1   686  289  289 349
1 3 0  1 0 0 0 21 0.00 1 0.0   689  288    1     1   689  288  288 349
2 1 0     3 0 0 0 0 0.000 0 0
  689  288  693  288 9999 9999
1 3 0  1 0 0 0 21 0.00 1 0.0   689  288    1     1   689  288  288 349
1 3 0  1 0 0 0 21 0.00 1 0.0   693  288    1     1   693  288  288 349
2 1 0     3 0 0 0 0 0.000 0 0
  693  288  696  289 9999 9999
1 3 0  1 0 0 0 21 0.00 1 0.0   693  288    1     1   693  288  288 349
1 3 0  1 0 0 0 21 0.00 1 0.0   696  289    1     1   696  289  289 349
2 1 0     3 0 0 0 0 0.000 0 0
  696  289  697  293 9999 9999
1 3 0  1 0 0 0 21 0.00 1 0.0   696  289    1     1   696  289  289 349
1 3 0  1 0 0 0 21 0.00 1 0.0   697  293    1     1   697  293  293 349
2 1 0     3 0 0 0 0 0.000 0 0
  697  293  697  307 9999 9999
1 3 0  1 0 0 0 21 0.00 1 0.0   697  293    1     1   697  293  293 349
1 3 0  1 0 0 0 21 0.00 1 0.0   697  307    1     1   697  307  307 349
2 1 0     3 0 0 0 0 0.000 0 0
  705  288  714  307 9999 9999
1 3 0  1 0 0 0 21 0.00 1 0.0   705  288    1     1   705  288  288 349
1 3 0  1 0 0 0 21 0.00 1 0.0   714  307    1     1   714  307  307 349
2 1 0     3 0 0 0 0 0.000 0 0
  722  288  714  307 9999 9999
1 3 0  1 0 0 0 21 0.00 1 0.0   722  288    1     1   722  288  288 349
1 3 0  1 0 0 0 21 0.00 1 0.0   714  307    1     1   714  307  307 349
2 1 0     3 0 0 0 0 0.000 0 0
  216  390  214  387 9999 9999
1 3 0  1 0 0 0 21 0.00 1 0.0   216  390    1     1   216  390  390 349
1 3 0  1 0 0 0 21 0.00 1 0.0   214  387    1     1   214  387  387 349
2 1 0     3 0 0 0 0 0.000 0 0
  214  387  212  384 9999 9999
1 3 0  1 0 0 0 21 0.00 1 0.0   214  387    1     1   214  387  387 349
1 3 0  1 0 0 0 21 0.00 1 0.0   212  384    1     1   212  384  384 349
2 1 0     3 0 0 0 0 0.000 0 0
  212  384  209  383 9999 9999
1 3 0  1 0 0 0 21 0.00 1 0.0   212  384    1     1   212  384  384 349
1 3 0  1 0 0 0 21 0.00 1 0.0   209  383    1     1   209  383  383 349
2 1 0     3 0 0 0 0 0.000 0 0
  209  383  203  383 9999 9999
1 3 0  1 0 0 0 21 0.00 1 0.0   209  383    1     1   209  383  383 349
1 3 0  1 0 0 0 21 0.00 1 0.0   203  383    1     1   203  383  383 349
2 1 0     3 0 0 0 0 0.000 0 0
  203  383  201  384 9999 9999
1 3 0  1 0 0 0 21 0.00 1 0.0   203  383    1     1   203  383  383 349
1 3 0  1 0 0 0 21 0.00 1 0.0   201  384    1     1   201  384  384 349
2 1 0     3 0 0 0 0 0.000 0 0
  201  384  198  387 9999 9999
1 3 0  1 0 0 0 21 0.00 1 0.0   201  384    1     1   201  384  384 349
1 3 0  1 0 0 0 21 0.00 1 0.0   198  387    1     1   198  387  387 349
2 1 0     3 0 0 0 0 0.000 0 0
  198  387  196  390 9999 9999
1 3 0  1 0 0 0 21 0.00 1 0.0   198  387    1     1   198  387  387 349
1 3 0  1 0 0 0 21 0.00 1 0.0   196  390    1     1   196  390  390 349
2 1 0     3 0 0 0 0 0.000 0 0
  196  390  195  394 9999 9999
1 3 0  1 0 0 0 21 0.00 1 0.0   196  390    1     1   196  390  390 349
1 3 0  1 0 0 0 21 0.00 1 0.0   195  394    1     1   195  394  394 349
2 1 0     3 0 0 0 0 0.000 0 0
  195  394  195  400 9999 9999
1 3 0  1 0 0 0 21 0.00 1 0.0   195  394    1     1   195  394  394 349
1 3 0  1 0 0 0 21 0.00 1 0.0   195  400    1     1   195  400  400 349
2 1 0     3 0 0 0 0 0.000 0 0
  195  400  196  404 9999 9999
1 3 0  1 0 0 0 21 0.00 1 0.0   195  400    1     1   195  400  400 349
1 3 0  1 0 0 0 21 0.00 1 0.0   196  404    1     1   196  404  404 349
2 1 0     3 0 0 0 0 0.000 0 0
  196  404  198  407 9999 9999
1 3 0  1 0 0 0 21 0.00 1 0.0   196  404    1     1   196  404  404 349
1 3 0  1 0 0 0 21 0.00 1 0.0   198  407    1     1   198  407  407 349
2 1 0     3 0 0 0 0 0.000 0 0
  198  407  201  410 9999 9999
1 3 0  1 0 0 0 21 0.00 1 0.0   198  407    1     1   198  407  407 349
1 3 0  1 0 0 0 21 0.00 1 0.0   201  410    1     1   201  410  410 349
2 1 0     3 0 0 0 0 0.000 0 0
  201  410  203  411 9999 9999
1 3 0  1 0 0 0 21 0.00 1 0.0   201  410    1     1   201  410  410 349
1 3 0  1 0 0 0 21 0.00 1 0.0   203  411    1     1   203  411  411 349
2 1 0     3 0 0 0 0 0.000 0 0
  203  411  209  411 9999 9999
1 3 0  1 0 0 0 21 0.00 1 0.0   203  411    1     1   203  411  411 349
1 3 0  1 0 0 0 21 0.00 1 0.0   209  411    1     1   209  411  411 349
2 1 0     3 0 0 0 0 0.000 0 0
  209  411  212  410 9999 9999
1 3 0  1 0 0 0 21 0.00 1 0.0   209  411    1     1   209  411  411 349
1 3 0  1 0 0 0 21 0.00 1 0.0   212  410    1     1   212  410  410 349
2 1 0     3 0 0 0 0 0.000 0 0
  212  410  214  407 9999 9999
1 3 0  1 0 0 0 21 0.00 1 0.0   212  410    1     1   212  410  410 349
1 3 0  1 0 0 0 21 0.00 1 0.0   214  407    1     1   214  407  407 349
2 1 0     3 0 0 0 0 0.000 0 0
  214  407  216  404 9999 9999
1 3 0  1 0 0 0 21 0.00 1 0.0   214  407    1     1   214  407  407 349
1 3 0  1 0 0 0 21 0.00 1 0.0   216  404    1     1   216  404  404 349
2 1 0     3 0 0 0 0 0.000 0 0
  232  383  221  411 9999 9999
1 3 0  1 0 0 0 21 0.00 1 0.0   232  383    1     1   232  383  383 349
1 3 0  1 0 0 0 21 0.00 1 0.0   221  411    1     1   221  411  411 349
2 1 0     3 0 0 0 0 0.000 0 0
  232  383  243  411 9999 9999
1 3 0  1 0 0 0 21 0.00 1 0.0   232  383    1     1   232  383  383 349
1 3 0  1 0 0 0 21 0.00 1 0.0   243  411    1     1   243  411  411 349
2 1 0     3 0 0 0 0 0.000 0 0
  226  402  239  402 9999 9999
1 3 0  1 0 0 0 21 0.00 1 0.0   226  402    1     1   226  402  402 349
1 3 0  1 0 0 0 21 0.00 1 0.0   239  402    1     1   239  402  402 349
2 1 0     3 0 0 0 0 0.000 0 0
  250  383  250  411 9999 9999
1 3 0  1 0 0 0 21 0.00 1 0.0   250  383    1     1   250  383  383 349
1 3 0  1 0 0 0 21 0.00 1 0.0   250  411    1     1   250  411  411 349
2 1 0     3 0 0 0 0 0.000 0 0
  250  383  263  383 9999 9999
1 3 0  1 0 0 0 21 0.00 1 0.0   250  383    1     1   250  383  383 349
1 3 0  1 0 0 0 21 0.00 1 0.0   263  383    1     1   263  383  383 349
2 1 0     3 0 0 0 0 0.000 0 0
  263  383  267  384 9999 9999
1 3 0  1 0 0 0 21 0.00 1 0.0   263  383    1     1   263  383  383 349
1 3 0  1 0 0 0 21 0.00 1 0.0   267  384    1     1   267  384  384 349
2 1 0     3 0 0 0 0 0.000 0 0
  267  384  268  386 9999 9999
1 3 0  1 0 0 0 21 0.00 1 0.0   267  384    1     1   267  384  384 349
1 3 0  1 0 0 0 21 0.00 1 0.0   268  386    1     1   268  386  386 349
2 1 0     3 0 0 0 0 0.000 0 0
  268  386  270  388 9999 9999
1 3 0  1 0 0 0 21 0.00 1 0.0   268  386    1     1   268  386  386 349
1 3 0  1 0 0 0 21 0.00 1 0.0   270  388    1     1   270  388  388 349
2 1 0     3 0 0 0 0 0.000 0 0
  270  388  270  391 9999 9999
1 3 0  1 0 0 0 21 0.00 1 0.0   270  388    1     1   270  388  388 349
1 3 0  1 0 0 0 21 0.00 1 0.0   270  391    1     1   270  391  391 349
2 1 0     3 0 0 0 0 0.000 0 0
  270  391  268  394 9999 9999
1 3 0  1 0 0 0 21 0.00 1 0.0   270  391    1     1   270  391  391 349
1 3 0  1 0 0 0 21 0.00 1 0.0   268  394    1     1   268  394  394 349
2 1 0     3 0 0 0 0 0.000 0 0
  268  394  267  395 9999 9999
1 3 0  1 0 0 0 21 0.00 1 0.0   268  394    1     1   268  394  394 349
1 3 0  1 0 0 0 21 0.00 1 0.0   267  395    1     1   267  395  395 349
2 1 0     3 0 0 0 0 0.000 0 0
  267  395  263  396 9999 9999
1 3 0  1 0 0 0 21 0.00 1 0.0   267  395    1     1   267  395  395 349
1 3 0  1 0 0 0 21 0.00 1 0.0   263  396    1     1   263  396  396 349
2 1 0     3 0 0 0 0 0.000 0 0
  263  396  250  396 9999 9999
1 3 0  1 0 0 0 21 0.00 1 0.0   263  396    1     1   263  396  396 349
1 3 0  1 0 0 0 21 0.00 1 0.0   250  396    1     1   250  396  396 349
2 1 0     3 0 0 0 0 0.000 0 0
  260  396  270  411 9999 9999
1 3 0  1 0 0 0 21 0.00 1 0.0   260  396    1     1   260  396  396 349
1 3 0  1 0 0 0 21 0.00 1 0.0   270  411    1     1   270  411  411 349
2 1 0     3 0 0 0 0 0.000 0 0
  292  383  278  402 9999 9999
1 3 0  1 0 0 0 21 0.00 1 0.0   292  383    1     1   292  383  383 349
1 3 0  1 0 0 0 21 0.00 1 0.0   278  402    1     1   278  402  402 349
2 1 0     3 0 0 0 0 0.000 0 0
  278  402  299  402 9999 9999
1 3 0  1 0 0 0 21 0.00 1 0.0   278  402    1     1   278  402  402 349
1 3 0  1 0 0 0 21 0.00 1 0.0   299  402    1     1   299  402  402 349
2 1 0     3 0 0 0 0 0.000 0 0
  292  383  292  411 9999 9999
1 3 0  1 0 0 0 21 0.00 1 0.0   292  383    1     1   292  383  383 349
1 3 0  1 0 0 0 21 0.00 1 0.0   292  411    1     1   292  411  411 349
2 1 0     3 0 0 0 0 0.000 0 0
  314  383  310  384 9999 9999
1 3 0  1 0 0 0 21 0.00 1 0.0   314  383    1     1   314  383  383 349
1 3 0  1 0 0 0 21 0.00 1 0.0   310  384    1     1   310  384  384 349
2 1 0     3 0 0 0 0 0.000 0 0
  310  384  307  388 9999 9999
1 3 0  1 0 0 0 21 0.00 1 0.0   310  384    1     1   310  384  384 349
1 3 0  1 0 0 0 21 0.00 1 0.0   307  388    1     1   307  388  388 349
2 1 0     3 0 0 0 0 0.000 0 0
  307  388  306  395 9999 9999
1 3 0  1 0 0 0 21 0.00 1 0.0   307  388    1     1   307  388  388 349
1 3 0  1 0 0 0 21 0.00 1 0.0   306  395    1     1   306  395  395 349
2 1 0     3 0 0 0 0 0.000 0 0
  306  395  306  399 9999 9999
1 3 0  1 0 0 0 21 0.00 1 0.0   306  395    1     1   306  395  395 349
1 3 0  1 0 0 0 21 0.00 1 0.0   306  399    1     1   306  399  399 349
2 1 0     3 0 0 0 0 0.000 0 0
  306  399  307  406 9999 9999
1 3 0  1 0 0 0 21 0.00 1 0.0   306  399    1     1   306  399  399 349
1 3 0  1 0 0 0 21 0.00 1 0.0   307  406    1     1   307  406  406 349
2 1 0     3 0 0 0 0 0.000 0 0
  307  406  310  410 9999 9999
1 3 0  1 0 0 0 21 0.00 1 0.0   307  406    1     1   307  406  406 349
1 3 0  1 0 0 0 21 0.00 1 0.0   310  410    1     1   310  410  410 349
2 1 0     3 0 0 0 0 0.000 0 0
  310  410  314  411 9999 9999
1 3 0  1 0 0 0 21 0.00 1 0.0   310  410    1     1   310  410  410 349
1 3 0  1 0 0 0 21 0.00 1 0.0   314  411    1     1   314  411  411 349
2 1 0     3 0 0 0 0 0.000 0 0
  314  411  317  411 9999 9999
1 3 0  1 0 0 0 21 0.00 1 0.0   314  411    1     1   314  411  411 349
1 3 0  1 0 0 0 21 0.00 1 0.0   317  411    1     1   317  411  411 349
2 1 0     3 0 0 0 0 0.000 0 0
  317  411  321  410 9999 9999
1 3 0  1 0 0 0 21 0.00 1 0.0   317  411    1     1   317  411  411 349
1 3 0  1 0 0 0 21 0.00 1 0.0   321  410    1     1   321  410  410 349
2 1 0     3 0 0 0 0 0.000 0 0
  321  410  324  406 9999 9999
1 3 0  1 0 0 0 21 0.00 1 0.0   321  410    1     1   321  410  410 349
1 3 0  1 0 0 0 21 0.00 1 0.0   324  406    1     1   324  406  406 349
2 1 0     3 0 0 0 0 0.000 0 0
  324  406  325  399 9999 9999
1 3 0  1 0 0 0 21 0.00 1 0.0   324  406    1     1   324  406  406 349
1 3 0  1 0 0 0 21 0.00 1 0.0   325  399    1     1   325  399  399 349
2 1 0     3 0 0 0 0 0.000 0 0
  325  399  325  395 9999 9999
1 3 0  1 0 0 0 21 0.00 1 0.0   325  399    1     1   325  399  399 349
1 3 0  1 0 0 0 21 0.00 1 0.0   325  395    1     1   325  395  395 349
2 1 0     3 0 0 0 0 0.000 0 0
  325  395  324  388 9999 9999
1 3 0  1 0 0 0 21 0.00 1 0.0   325  395    1     1   325  395  395 349
1 3 0  1 0 0 0 21 0.00 1 0.0   324  388    1     1   324  388  388 349
2 1 0     3 0 0 0 0 0.000 0 0
  324  388  321  384 9999 9999
1 3 0  1 0 0 0 21 0.00 1 0.0   324  388    1     1   324  388  388 349
1 3 0  1 0 0 0 21 0.00 1 0.0   321  384    1     1   321  384  384 349
2 1 0     3 0 0 0 0 0.000 0 0
  321  384  317  383 9999 9999
1 3 0  1 0 0 0 21 0.00 1 0.0   321  384    1     1   321  384  384 349
1 3 0  1 0 0 0 21 0.00 1 0.0   317  383    1     1   317  383  383 349
2 1 0     3 0 0 0 0 0.000 0 0
  317  383  314  383 9999 9999
1 3 0  1 0 0 0 21 0.00 1 0.0   317  383    1     1   317  383  383 349
1 3 0  1 0 0 0 21 0.00 1 0.0   314  383    1     1   314  383  383 349
2 1 0     3 0 0 0 0 0.000 0 0
  340  383  336  384 9999 9999
1 3 0  1 0 0 0 21 0.00 1 0.0   340  383    1     1   340  383  383 349
1 3 0  1 0 0 0 21 0.00 1 0.0   336  384    1     1   336  384  384 349
2 1 0     3 0 0 0 0 0.000 0 0
  336  384  335  387 9999 9999
1 3 0  1 0 0 0 21 0.00 1 0.0   336  384    1     1   336  384  384 349
1 3 0  1 0 0 0 21 0.00 1 0.0   335  387    1     1   335  387  387 349
2 1 0     3 0 0 0 0 0.000 0 0
  335  387  335  390 9999 9999
1 3 0  1 0 0 0 21 0.00 1 0.0   335  387    1     1   335  387  387 349
1 3 0  1 0 0 0 21 0.00 1 0.0   335  390    1     1   335  390  390 349
2 1 0     3 0 0 0 0 0.000 0 0
  335  390  336  392 9999 9999
1 3 0  1 0 0 0 21 0.00 1 0.0   335  390    1     1   335  390  390 349
1 3 0  1 0 0 0 21 0.00 1 0.0   336  392    1     1   336  392  392 349
2 1 0     3 0 0 0 0 0.000 0 0
  336  392  339  394 9999 9999
1 3 0  1 0 0 0 21 0.00 1 0.0   336  392    1     1   336  392  392 349
1 3 0  1 0 0 0 21 0.00 1 0.0   339  394    1     1   339  394  394 349
2 1 0     3 0 0 0 0 0.000 0 0
  339  394  344  395 9999 9999
1 3 0  1 0 0 0 21 0.00 1 0.0   339  394    1     1   339  394  394 349
1 3 0  1 0 0 0 21 0.00 1 0.0   344  395    1     1   344  395  395 349
2 1 0     3 0 0 0 0 0.000 0 0
  344  395  349  396 9999 9999
1 3 0  1 0 0 0 21 0.00 1 0.0   344  395    1     1   344  395  395 349
1 3 0  1 0 0 0 21 0.00 1 0.0   349  396    1     1   349  396  396 349
2 1 0     3 0 0 0 0 0.000 0 0
  349  396  351  399 9999 9999
1 3 0  1 0 0 0 21 0.00 1 0.0   349  396    1     1   349  396  396 349
1 3 0  1 0 0 0 21 0.00 1 0.0   351  399    1     1   351  399  399 349
2 1 0     3 0 0 0 0 0.000 0 0
  351  399  353  402 9999 9999
1 3 0  1 0 0 0 21 0.00 1 0.0   351  399    1     1   351  399  399 349
1 3 0  1 0 0 0 21 0.00 1 0.0   353  402    1     1   353  402  402 349
2 1 0     3 0 0 0 0 0.000 0 0
  353  402  353  406 9999 9999
1 3 0  1 0 0 0 21 0.00 1 0.0   353  402    1     1   353  402  402 349
1 3 0  1 0 0 0 21 0.00 1 0.0   353  406    1     1   353  406  406 349
2 1 0     3 0 0 0 0 0.000 0 0
  353  406  351  408 9999 9999
1 3 0  1 0 0 0 21 0.00 1 0.0   353  406    1     1   353  406  406 349
1 3 0  1 0 0 0 21 0.00 1 0.0   351  408    1     1   351  408  408 349
2 1 0     3 0 0 0 0 0.000 0 0
  351  408  350  410 9999 9999
1 3 0  1 0 0 0 21 0.00 1 0.0   351  408    1     1   351  408  408 349
1 3 0  1 0 0 0 21 0.00 1 0.0   350  410    1     1   350  410  410 349
2 1 0     3 0 0 0 0 0.000 0 0
  350  410  346  411 9999 9999
1 3 0  1 0 0 0 21 0.00 1 0.0   350  410    1     1   350  410  410 349
1 3 0  1 0 0 0 21 0.00 1 0.0   346  411    1     1   346  411  411 349
2 1 0     3 0 0 0 0 0.000 0 0
  346  411  340  411 9999 9999
1 3 0  1 0 0 0 21 0.00 1 0.0   346  411    1     1   346  411  411 349
1 3 0  1 0 0 0 21 0.00 1 0.0   340  411    1     1   340  411  411 349
2 1 0     3 0 0 0 0 0.000 0 0
  340  411  336  410 9999 9999
1 3 0  1 0 0 0 21 0.00 1 0.0   340  411    1     1   340  411  411 349
1 3 0  1 0 0 0 21 0.00 1 0.0   336  410    1     1   336  410  410 349
2 1 0     3 0 0 0 0 0.000 0 0
  336  410  335  408 9999 9999
1 3 0  1 0 0 0 21 0.00 1 0.0   336  410    1     1   336  410  410 349
1 3 0  1 0 0 0 21 0.00 1 0.0   335  408    1     1   335  408  408 349
2 1 0     3 0 0 0 0 0.000 0 0
  335  408  333  406 9999 9999
1 3 0  1 0 0 0 21 0.00 1 0.0   335  408    1     1   335  408  408 349
1 3 0  1 0 0 0 21 0.00 1 0.0   333  406    1     1   333  406  406 349
2 1 0     3 0 0 0 0 0.000 0 0
  333  406  333  402 9999 9999
1 3 0  1 0 0 0 21 0.00 1 0.0   333  406    1     1   333  406  406 349
1 3 0  1 0 0 0 21 0.00 1 0.0   333  402    1     1   333  402  402 349
2 1 0     3 0 0 0 0 0.000 0 0
  333  402  335  399 9999 9999
1 3 0  1 0 0 0 21 0.00 1 0.0   333  402    1     1   333  402  402 349
1 3 0  1 0 0 0 21 0.00 1 0.0   335  399    1     1   335  399  399 349
2 1 0     3 0 0 0 0 0.000 0 0
  335  399  338  396 9999 9999
1 3 0  1 0 0 0 21 0.00 1 0.0   335  399    1     1   335  399  399 349
1 3 0  1 0 0 0 21 0.00 1 0.0   338  396    1     1   338  396  396 349
2 1 0     3 0 0 0 0 0.000 0 0
  338  396  342  395 9999 9999
1 3 0  1 0 0 0 21 0.00 1 0.0   338  396    1     1   338  396  396 349
1 3 0  1 0 0 0 21 0.00 1 0.0   342  395    1     1   342  395  395 349
2 1 0     3 0 0 0 0 0.000 0 0
  342  395  347  394 9999 9999
1 3 0  1 0 0 0 21 0.00 1 0.0   342  395    1     1   342  395  395 349
1 3 0  1 0 0 0 21 0.00 1 0.0   347  394    1     1   347  394  394 349
2 1 0     3 0 0 0 0 0.000 0 0
  347  394  350  392 9999 9999
1 3 0  1 0 0 0 21 0.00 1 0.0   347  394    1     1   347  394  394 349
1 3 0  1 0 0 0 21 0.00 1 0.0   350  392    1     1   350  392  392 349
2 1 0     3 0 0 0 0 0.000 0 0
  350  392  351  390 9999 9999
1 3 0  1 0 0 0 21 0.00 1 0.0   350  392    1     1   350  392  392 349
1 3 0  1 0 0 0 21 0.00 1 0.0   351  390    1     1   351  390  390 349
2 1 0     3 0 0 0 0 0.000 0 0
  351  390  351  387 9999 9999
1 3 0  1 0 0 0 21 0.00 1 0.0   351  390    1     1   351  390  390 349
1 3 0  1 0 0 0 21 0.00 1 0.0   351  387    1     1   351  387  387 349
2 1 0     3 0 0 0 0 0.000 0 0
  351  387  350  384 9999 9999
1 3 0  1 0 0 0 21 0.00 1 0.0   351  387    1     1   351  387  387 349
1 3 0  1 0 0 0 21 0.00 1 0.0   350  384    1     1   350  384  384 349
2 1 0     3 0 0 0 0 0.000 0 0
  350  384  346  383 9999 9999
1 3 0  1 0 0 0 21 0.00 1 0.0   350  384    1     1   350  384  384 349
1 3 0  1 0 0 0 21 0.00 1 0.0   346  383    1     1   346  383  383 349
2 1 0     3 0 0 0 0 0.000 0 0
  346  383  340  383 9999 9999
1 3 0  1 0 0 0 21 0.00 1 0.0   346  383    1     1   346  383  383 349
1 3 0  1 0 0 0 21 0.00 1 0.0   340  383    1     1   340  383  383 349
2 1 0     3 0 0 0 0 0.000 0 0
  365  388  368  387 9999 9999
1 3 0  1 0 0 0 21 0.00 1 0.0   365  388    1     1   365  388  388 349
1 3 0  1 0 0 0 21 0.00 1 0.0   368  387    1     1   368  387  387 349
2 1 0     3 0 0 0 0 0.000 0 0
  368  387  372  383 9999 9999
1 3 0  1 0 0 0 21 0.00 1 0.0   368  387    1     1   368  387  387 349
1 3 0  1 0 0 0 21 0.00 1 0.0   372  383    1     1   372  383  383 349
2 1 0     3 0 0 0 0 0.000 0 0
  372  383  372  411 9999 9999
1 3 0  1 0 0 0 21 0.00 1 0.0   372  383    1     1   372  383  383 349
1 3 0  1 0 0 0 21 0.00 1 0.0   372  411    1     1   372  411  411 349
