0 0 0 1 18
0 0 1 1 232
0 1 1 2 18
1 1 1 2 64
1 1 2 2 168
1 2 2 3 82
2 2 2 3 64
2 2 3 3 104
2 3 3 4 146
3 3 3 4 75
3 3 4 4 29
3 4 3 5 8
3 4 4 5 213
3 5 3 6 1
3 5 4 6 7
3 6 4 7 1
4 7 5 7 1
4 4 4 5 15
4 4 5 5 14
4 5 4 6 117
4 5 5 6 111
4 6 5 7 124
5 7 6 8 243
5 5 5 6 14
5 6 5 7 118
5 6 6 7 7
6 7 7 8 1
6 7 6 8 6
6 8 7 9 249
7 8 8 9 1
7 9 8 10 249
8 9 8 10 1
8 10 9 11 250
9 11 10 12 250
10 12 11 13 250
11 13 12 14 250
12 14 13 15 250
13 15 14 16 250
14 16 15 17 250
15 17 16 18 250
16 18 17 19 250
17 19 18 20 250
18 20 19 21 250
19 21 20 22 250
20 22 21 23 250
21 23 22 24 250
22 24 23 25 250
23 25 24 26 250
24 26 25 27 250
25 27 26 28 250
26 28 27 29 250
27 29 28 30 250
28 30 29 31 250
29 31 30 32 250
30 32 31 33 250
31 33 32 34 250
32 34 33 35 250
33 35 34 36 250
34 36 35 37 250
35 37 36 38 250
36 38 37 39 243
36 38 36 39 7
36 39 37 40 7
37 39 37 40 5
37 39 38 40 238
37 40 38 41 12
38 40 38 41 64
38 40 39 41 174
38 41 39 42 76
39 41 39 42 63
39 41 40 42 111
39 42 40 43 139
40 42 40 43 109
40 42 41 43 2
40 43 41 44 248
41 43 41 44 2
41 44 42 45 250
42 45 43 46 250
43 46 44 47 250
44 47 45 48 250
45 48 46 49 250
46 49 47 50 250
47 50 48 51 250
48 51 49 52 250
49 52 50 53 250
50 53 51 54 250
51 54 52 55 250
52 55 53 56 250
53 56 54 57 250
54 57 55 58 250
55 58 56 59 250
56 59 57 59 69
56 59 57 60 181
57 59 58 60 69
57 60 58 61 62
57 60 58 60 119
58 61 59 61 57
58 61 59 62 5
58 60 59 61 188
59 61 60 62 245
59 62 60 62 1
59 62 60 63 4
60 62 61 63 246
60 63 61 64 4
61 63 62 64 246
61 64 62 65 4
62 64 63 65 246
62 65 63 66 4
63 65 64 66 246
63 66 64 66 4
64 66 65 67 250
65 67 66 68 250
66 68 67 69 250
67 69 68 70 250
68 70 69 71 250
69 71 70 72 250
70 72 71 73 250
71 73 72 74 250
72 74 73 75 250
73 75 74 76 250
74 76 75 77 250
75 77 76 78 250
76 78 77 79 250
77 79 78 80 250
78 80 79 81 250
79 81 80 82 250
80 82 81 83 250
81 83 82 84 250
82 84 83 85 250
83 85 84 86 250
84 86 85 87 250
85 87 86 88 250
86 88 87 89 250
87 89 88 90 250
88 93 89 94 1
88 90 88 91 1
88 90 89 91 249
88 91 88 92 1
88 92 88 93 1
89 91 89 92 7
89 91 90 92 242
89 100 90 101 6
89 92 89 93 7
89 93 89 94 7
89 94 89 95 6
89 94 90 95 2
89 95 89 96 6
89 96 89 97 6
89 97 89 98 6
89 98 89 99 6
89 99 89 100 6
90 100 90 101 3
90 92 90 93 8
90 92 91 93 234
90 101 90 102 1
90 101 91 102 8
90 93 90 94 8
90 102 90 103 1
90 94 90 95 8
90 103 91 104 1
90 95 90 96 8
90 95 91 96 2
90 96 90 97 4
90 96 91 97 4
90 97 90 98 4
90 98 90 99 4
90 99 90 100 3
90 99 91 100 1
91 100 91 101 1
91 100 92 101 1
91 101 91 102 1
91 93 91 94 5
91 93 92 94 229
91 102 92 103 9
91 94 91 95 5
91 95 91 96 5
91 96 91 97 4
91 96 92 97 3
91 104 92 105 1
91 97 91 98 1
91 97 92 98 7
91 98 91 99 1
91 99 91 100 1
92 100 92 101 2
92 101 93 102 3
92 94 93 95 226
92 94 92 95 3
92 103 93 104 9
92 95 92 96 3
92 96 92 97 3
92 105 93 106 1
92 97 93 98 3
92 97 92 98 3
92 98 93 99 8
92 98 92 99 2
92 99 92 100 2
93 102 94 103 3
93 95 94 96 226
93 104 94 105 9
93 106 94 107 1
93 98 94 99 3
93 99 94 100 8
94 103 95 104 3
94 96 95 97 226
94 105 95 106 9
94 107 95 108 1
94 99 95 100 3
94 100 95 101 8
95 101 96 102 8
95 104 96 105 3
95 97 96 97 1
95 97 96 98 225
95 106 96 107 9
95 108 96 109 1
95 100 96 101 3
96 109 97 110 1
96 100 96 101 1
96 101 97 102 4
96 102 97 103 8
96 105 97 106 3
96 97 97 98 1
96 98 96 99 1
96 98 97 98 2
96 98 97 99 222
96 107 97 107 1
96 107 97 108 8
96 99 96 100 1
97 100 97 101 41
97 101 97 102 41
97 110 98 111 1
97 102 97 103 42
97 102 98 103 3
97 103 97 104 1
97 103 98 104 49
97 104 97 105 1
97 105 97 106 1
97 106 98 107 4
97 98 98 98 1
97 98 98 99 2
97 99 97 100 41
97 99 98 99 6
97 99 98 100 175
97 107 98 107 1
97 108 98 109 8
98 109 99 110 8
98 100 98 101 46
98 100 99 101 124
98 100 99 100 5
98 101 98 102 45
98 101 99 102 1
98 102 98 103 45
98 111 99 112 1
98 103 98 104 45
98 103 99 104 3
98 104 98 105 2
98 104 99 105 92
98 105 98 106 2
98 98 99 99 1
98 106 98 107 2
98 107 98 108 1
98 107 99 107 1
98 107 99 108 5
98 99 99 99 5
98 99 99 100 3
98 108 99 109 1
99 109 100 110 2
99 100 100 101 5
99 100 100 100 3
99 101 99 102 40
99 101 100 102 84
99 102 99 103 40
99 102 100 103 1
99 110 100 111 8
99 103 99 104 40
99 112 100 113 1
99 104 99 105 42
99 104 100 105 1
99 105 99 106 2
99 105 100 106 132
99 106 99 107 2
99 107 99 108 2
99 107 100 107 1
99 99 100 99 2
99 99 100 100 4
99 108 99 109 1
99 108 100 109 6
100 109 101 110 6
100 100 101 101 5
100 100 101 100 2
100 101 101 102 2
100 101 100 102 3
100 110 101 111 2
100 102 101 103 60
100 102 100 103 27
100 111 101 111 3
100 111 101 112 5
100 103 100 104 28
100 104 100 105 28
100 113 101 113 1
100 105 101 106 1
100 105 100 106 28
100 106 101 107 160
100 107 101 107 1
100 99 101 99 1
100 99 101 100 1
101 100 102 101 3
101 101 102 102 5
101 110 102 111 6
101 102 102 103 2
101 103 102 103 1
101 103 102 104 59
101 111 102 111 3
101 111 102 112 2
101 112 102 113 5
101 113 102 113 1
101 106 102 107 1
101 107 102 107 1
101 107 102 108 160
101 99 102 99 1
102 101 103 102 3
102 102 103 103 5
102 111 103 111 3
102 111 103 112 6
102 103 103 104 3
102 104 103 105 59
102 112 103 113 2
102 113 103 113 1
102 113 103 114 5
102 107 102 108 1
102 107 103 108 1
102 99 103 99 1
102 108 103 109 161
103 109 104 110 161
103 102 104 103 3
103 111 104 111 3
103 103 104 104 5
103 112 104 113 6
103 104 104 105 3
103 105 104 106 59
103 113 104 113 1
103 113 104 114 2
103 114 104 115 5
103 99 104 100 1
103 108 104 109 1
104 109 104 110 18
104 109 105 110 1
104 100 105 101 1
104 110 105 111 179
104 111 105 111 3
104 103 105 104 3
104 104 105 105 5
104 105 105 106 3
104 113 105 113 2
104 113 105 114 5
104 114 105 115 2
104 106 104 107 18
104 106 105 107 41
104 107 104 108 18
104 115 105 115 1
104 115 105 116 4
104 108 104 109 18
105 109 105 110 30
105 101 106 102 1
105 110 105 111 29
105 110 106 111 2
105 111 106 112 211
105 104 105 105 3
105 113 106 113 2
105 105 105 106 6
105 105 106 106 2
105 106 105 107 8
105 106 106 107 1
105 114 106 115 5
105 115 106 115 1
105 115 106 116 2
105 107 105 108 30
105 107 106 108 19
105 116 106 117 4
105 108 105 109 30
106 109 106 110 1
106 117 107 118 4
106 102 107 103 1
106 110 106 111 1
106 111 107 112 3
106 112 107 113 211
106 113 107 113 2
106 106 107 107 2
106 115 107 115 1
106 115 107 116 5
106 107 106 108 1
106 116 107 117 2
106 108 106 109 1
106 108 107 109 19
107 117 108 118 2
107 109 107 110 1
107 109 108 110 18
107 118 108 119 4
107 110 107 111 1
107 111 107 112 1
107 103 108 104 1
107 112 107 113 1
107 112 108 113 3
107 113 108 114 214
107 115 108 115 1
107 107 108 108 2
107 116 108 117 5
108 117 109 117 1
108 117 109 118 3
108 117 108 118 1
108 118 109 119 3
108 119 109 120 4
108 110 109 111 18
108 104 109 105 1
108 113 109 114 3
108 114 109 115 214
108 115 109 115 1
108 108 109 109 2
109 117 110 117 1
109 109 110 110 2
109 118 110 118 1
109 118 110 119 2
109 119 110 120 3
109 111 110 112 18
109 120 110 120 1
109 120 110 121 3
109 105 110 106 1
109 114 110 115 3
109 115 110 116 215
110 117 111 117 1
110 118 111 118 1
110 119 111 120 2
110 110 111 111 2
110 120 111 120 1
110 120 111 121 3
110 112 111 113 18
110 121 111 122 3
110 106 111 107 1
110 115 111 116 3
110 116 111 117 215
111 117 112 118 216
111 118 112 118 1
111 111 112 112 2
111 120 112 120 2
111 120 112 121 1
111 113 112 114 18
111 121 112 121 2
111 121 112 122 1
111 122 112 123 3
111 107 112 108 1
111 116 112 117 3
112 117 113 118 3
112 118 113 119 217
112 120 113 120 2
112 112 113 113 2
112 121 113 121 2
112 121 113 122 1
112 122 113 123 1
112 114 113 115 18
112 123 113 123 1
112 123 113 124 2
112 108 113 109 1
113 109 114 110 1
113 117 113 118 2
113 118 113 119 2
113 118 114 119 3
113 119 114 120 219
113 120 114 120 2
113 113 114 114 2
113 121 114 121 2
113 122 114 123 1
113 123 114 123 1
113 123 114 124 1
113 115 113 116 2
113 115 114 116 16
113 124 114 124 2
113 116 113 117 2
114 117 114 118 6
114 118 114 119 6
114 119 114 120 8
114 119 115 120 1
114 110 115 111 1
114 120 115 121 229
114 121 115 121 2
114 114 115 115 2
114 123 115 123 1
114 123 115 124 1
114 124 115 124 3
114 116 114 117 6
114 116 115 117 10
115 117 115 118 3
115 117 116 118 8
115 118 115 119 3
115 119 115 120 3
115 111 115 112 1
115 120 115 121 3
115 120 116 121 1
115 112 115 113 1
115 121 116 122 234
115 113 115 114 1
115 114 115 115 1
115 123 116 123 1
115 115 115 116 1
115 115 116 116 2
115 116 115 117 1
115 124 116 124 4
116 118 117 119 6
116 118 116 119 2
116 119 116 120 2
116 120 116 121 2
116 121 117 122 1
116 121 116 122 2
116 122 117 123 236
116 123 117 123 1
116 124 117 124 4
116 116 117 117 2
117 117 118 118 2
117 119 117 120 2
117 119 118 120 4
117 120 117 121 2
117 121 117 122 2
117 122 117 123 2
117 122 118 123 1
117 123 118 124 239
117 124 118 124 4
118 118 118 119 2
118 119 118 120 2
118 120 118 121 6
118 121 118 122 6
118 122 118 123 6
118 123 118 124 7
118 124 119 125 250
119 125 120 126 250
