0 0 1 0 8
0 0 1 1 242
1 0 2 1 8
1 1 2 1 9
1 1 2 2 233
2 1 3 2 17
2 2 3 2 149
2 2 3 3 84
3 2 3 3 3
3 2 4 3 163
3 3 4 3 76
3 3 4 4 11
4 3 4 4 119
4 3 5 4 120
4 4 4 5 1
4 4 5 4 1
4 4 5 5 128
4 5 5 5 1
5 4 5 5 119
5 4 6 5 2
5 5 5 6 1
5 5 6 6 247
5 6 6 6 1
6 5 7 6 1
6 5 6 6 1
6 6 7 7 249
7 7 8 8 249
7 6 8 7 1
8 7 8 8 1
8 8 9 9 250
9 9 10 10 250
10 10 11 11 250
11 11 12 12 250
12 12 13 13 250
13 13 14 14 250
14 14 15 15 250
15 15 16 16 250
16 16 17 17 250
17 17 18 18 250
18 18 19 19 250
19 19 20 20 250
20 20 21 21 250
21 21 22 22 250
22 22 22 23 7
22 22 23 23 243
22 23 23 24 7
23 23 23 24 3
23 23 24 24 240
23 24 24 25 10
24 24 24 25 73
24 24 25 25 167
24 25 25 26 83
25 25 25 26 67
25 25 26 26 100
25 26 26 27 150
26 26 26 27 92
26 26 27 27 8
26 27 27 28 242
27 27 27 28 7
27 27 28 28 1
27 28 28 29 249
28 29 29 30 249
28 28 29 29 1
29 29 30 30 1
29 30 30 31 249
30 30 30 31 1
30 31 31 32 250
31 32 32 33 250
32 33 33 34 250
33 34 34 35 250
34 35 35 36 250
35 36 36 37 250
36 37 37 38 243
36 37 36 38 7
36 38 37 39 7
37 38 37 39 5
37 38 38 39 238
37 39 38 40 12
38 39 38 40 64
38 39 39 40 174
38 40 39 41 76
39 40 39 41 63
39 40 40 41 111
39 41 40 42 139
40 41 40 42 109
40 41 41 42 2
40 42 41 43 248
41 42 41 43 2
41 43 42 44 250
42 44 43 45 250
43 45 44 46 250
44 46 45 47 250
45 47 46 48 250
46 48 47 49 250
47 49 48 50 250
48 50 49 51 250
49 51 50 52 250
50 52 51 53 250
51 53 52 54 250
52 54 53 55 250
53 55 54 56 250
54 56 55 57 250
55 57 56 58 250
56 58 57 59 250
57 59 58 60 250
58 60 59 61 250
59 61 60 62 250
60 62 61 63 250
61 63 62 64 250
62 64 63 65 250
63 65 64 66 250
64 66 65 67 250
65 67 65 68 2
65 67 66 68 248
65 68 66 69 2
66 69 67 70 120
66 68 66 69 118
66 68 67 69 130
67 69 67 70 112
67 69 68 70 18
67 70 68 71 232
68 70 69 71 8
68 70 68 71 10
68 71 69 72 242
69 71 69 72 5
69 71 70 72 3
69 72 70 73 247
70 72 71 73 3
70 73 71 74 247
71 73 72 74 3
71 74 72 75 247
72 74 73 75 3
72 75 73 76 247
73 75 73 76 1
73 75 74 76 2
73 76 74 77 248
74 77 75 78 250
74 76 74 77 2
75 78 76 79 250
76 79 77 80 250
77 80 78 81 250
78 81 79 82 250
79 82 80 83 250
80 83 81 84 250
81 84 82 85 250
82 85 83 86 250
83 86 84 87 250
84 87 85 88 250
85 88 86 89 250
86 89 87 90 250
87 90 88 91 250
88 91 89 92 250
89 92 90 93 250
90 93 91 94 250
91 94 92 95 250
92 95 93 96 250
93 96 94 97 250
94 97 95 98 250
95 98 96 99 250
96 99 97 100 250
97 100 98 101 250
98 101 99 102 250
99 102 100 103 250
100 103 101 104 250
101 104 101 105 1
101 104 102 104 2
101 104 102 105 247
101 105 102 106 1
102 104 103 105 2
102 105 103 106 247
102 106 103 107 1
103 105 104 106 2
103 106 104 107 247
103 107 104 108 1
104 106 105 107 2
104 107 105 108 247
104 108 105 109 1
105 109 106 110 1
105 107 106 108 2
105 108 106 109 247
106 109 107 110 247
106 110 107 111 1
106 108 107 109 2
107 109 108 110 2
107 110 108 111 247
107 111 108 112 1
108 110 109 111 2
108 111 109 112 247
108 112 109 113 1
109 111 110 112 2
109 112 110 113 247
109 113 110 114 1
110 112 111 113 2
110 113 111 114 247
110 114 111 115 1
111 113 112 114 2
111 114 112 115 247
111 115 112 116 1
112 114 113 115 2
112 115 113 116 247
112 116 113 117 1
113 117 114 118 1
113 115 114 116 2
113 116 114 117 247
114 117 115 117 7
114 117 115 118 242
114 118 115 119 1
114 116 114 117 2
115 117 116 118 7
115 118 116 118 18
115 118 116 119 224
115 119 116 119 1
116 118 117 119 25
116 119 117 119 151
116 119 117 120 74
117 119 118 120 176
117 120 118 120 12
117 120 118 121 62
118 120 119 121 188
118 121 119 121 5
118 121 119 122 57
119 121 120 122 193
119 122 120 122 57
