0 0 0 1 88
0 0 1 1 162
0 1 1 2 88
1 1 1 2 152
1 1 2 2 10
1 2 2 3 240
2 2 2 3 6
2 2 3 3 4
2 3 3 4 246
3 3 3 4 4
3 4 3 5 7
3 4 4 5 243
3 5 4 6 7
4 5 4 6 121
4 5 5 6 122
4 6 5 7 128
5 7 6 8 248
5 6 5 7 120
5 6 6 7 2
6 7 7 8 1
6 7 6 8 1
6 8 7 9 249
7 8 8 9 1
7 9 8 10 249
8 9 8 10 1
8 10 9 11 250
9 11 10 12 250
10 12 11 13 250
11 13 12 14 250
12 14 13 15 250
13 15 14 16 250
14 16 15 17 250
15 17 16 18 250
16 18 17 19 250
17 19 18 20 250
18 20 19 21 250
19 21 20 22 250
20 22 21 23 250
21 23 22 24 250
22 24 23 25 250
23 25 24 26 250
24 26 25 27 250
25 27 26 28 250
26 28 27 29 250
27 29 28 30 250
28 30 29 31 250
29 31 30 32 250
30 32 31 33 250
31 33 32 34 250
32 34 33 35 250
33 35 34 36 250
34 36 35 37 250
35 37 36 38 250
36 38 37 39 243
36 38 36 39 7
36 39 37 40 7
37 39 37 40 5
37 39 38 40 238
37 40 38 41 12
38 40 38 41 64
38 40 39 41 174
38 41 39 42 76
39 41 39 42 63
39 41 40 42 111
39 42 40 43 139
40 42 40 43 109
40 42 41 43 2
40 43 41 44 248
41 43 41 44 2
41 44 42 45 250
42 45 43 46 250
43 46 44 47 250
44 47 45 48 250
45 48 46 49 250
46 49 47 50 250
47 50 48 51 250
48 51 49 52 250
49 52 50 53 250
50 53 51 54 250
51 54 52 55 250
52 55 53 56 250
53 56 54 57 250
54 57 55 58 250
55 58 56 59 250
56 59 57 60 250
57 61 58 62 1
57 60 57 61 1
57 60 58 61 249
58 61 59 62 249
58 62 59 63 1
59 62 60 63 249
59 63 60 64 1
60 63 61 64 249
60 64 61 65 1
61 64 62 65 249
61 65 62 66 1
62 65 63 66 249
62 66 63 67 1
63 66 64 67 249
63 67 64 68 1
64 67 64 68 2
64 67 65 68 247
64 68 65 69 3
65 69 66 70 9
65 68 65 69 6
65 68 66 69 241
66 69 66 70 5
66 69 67 70 236
66 70 67 71 14
67 70 67 71 4
67 70 68 71 232
67 71 68 72 18
68 71 69 71 3
68 71 69 72 112
68 71 68 72 117
68 72 69 73 135
69 71 70 71 2
69 71 70 72 1
69 72 69 73 68
69 72 70 73 44
69 73 70 74 203
70 71 71 72 2
70 72 70 73 1
70 73 70 74 36
70 73 71 74 9
70 74 71 75 239
71 72 72 73 2
71 74 71 75 1
71 74 72 75 8
71 75 72 76 240
72 73 73 74 2
72 75 72 76 7
72 75 73 76 1
72 76 73 77 247
73 77 74 78 248
73 74 74 75 2
73 76 73 77 1
74 78 75 78 2
74 78 75 79 246
74 75 75 76 2
75 78 76 79 2
75 79 76 79 80
75 79 76 80 166
75 76 76 77 2
76 77 77 78 2
76 79 77 80 82
76 80 77 80 59
76 80 77 81 107
77 78 78 79 2
77 80 78 80 1
77 80 78 81 140
77 81 78 81 102
77 81 78 82 5
78 79 79 79 1
78 79 79 80 1
78 80 79 80 1
78 81 79 82 242
78 82 79 82 3
78 82 79 83 2
79 79 80 80 1
79 80 80 80 2
79 82 80 82 1
79 82 80 83 244
79 83 80 83 1
79 83 80 84 1
80 80 81 81 3
80 82 81 82 1
80 83 81 83 10
80 83 81 84 235
80 84 81 85 1
81 85 82 86 1
81 81 82 82 3
81 82 82 82 1
81 83 82 83 10
81 84 82 85 232
81 84 82 84 3
82 85 83 85 11
82 85 83 86 221
82 86 83 86 1
82 82 83 82 2
82 82 83 83 2
82 83 83 83 10
82 84 83 84 3
83 85 84 85 11
83 86 84 86 1
83 86 84 87 221
83 82 84 83 2
83 83 84 83 10
83 83 84 84 2
83 84 84 84 3
84 85 85 85 11
84 86 85 86 1
84 87 85 87 14
84 87 85 88 207
84 83 85 84 12
84 84 85 85 4
84 84 85 84 1
85 85 86 85 11
85 85 86 86 4
85 86 86 86 1
85 87 86 87 14
85 88 86 88 25
85 88 86 89 182
85 84 86 85 13
86 85 87 86 24
86 86 87 87 5
86 87 87 87 14
86 88 87 88 25
86 89 87 89 170
86 89 87 90 12
87 86 88 87 24
87 87 88 87 11
87 87 88 88 8
87 88 88 88 25
87 89 88 89 170
87 90 88 90 6
87 90 88 91 6
88 87 89 88 35
88 88 89 88 25
88 88 89 89 8
88 89 89 89 170
88 90 89 90 6
88 91 89 92 6
89 88 90 89 60
89 89 90 89 171
89 89 90 90 7
89 90 90 90 6
89 92 90 93 4
89 92 90 92 2
90 93 91 94 4
90 89 91 90 231
90 90 91 90 6
90 90 91 91 7
90 92 91 92 2
91 94 92 95 4
91 90 92 91 237
91 91 92 92 7
91 92 92 92 2
92 95 93 96 4
92 91 93 92 237
92 92 93 93 7
92 92 93 92 2
93 93 94 94 7
93 96 94 97 4
93 92 94 93 239
94 93 95 94 239
94 94 95 95 7
94 97 95 97 2
94 97 95 98 2
95 94 96 95 239
95 95 96 96 7
95 97 96 97 2
95 98 96 98 1
95 98 96 99 1
96 95 97 96 239
96 96 97 97 7
96 97 97 98 2
96 98 97 98 1
96 99 97 100 1
97 96 98 97 239
97 97 98 98 7
97 98 98 98 1
97 98 98 99 2
97 100 98 100 1
98 97 99 98 239
98 98 99 98 1
98 98 99 99 7
98 99 99 100 2
98 100 99 100 1
99 98 100 99 240
99 99 100 100 7
99 100 100 101 3
100 101 101 102 3
100 99 101 100 240
100 100 101 101 7
101 101 102 101 2
101 101 102 102 5
101 102 102 103 3
101 100 102 101 240
102 101 103 102 242
102 102 103 103 5
102 103 103 104 3
103 102 104 103 242
103 103 104 104 5
103 104 104 105 3
104 103 105 104 242
104 104 105 105 5
104 105 105 106 3
105 104 106 105 242
105 105 106 106 5
105 106 106 107 3
106 105 107 106 242
106 106 107 107 5
106 107 107 108 3
107 106 108 107 242
107 107 108 108 5
107 108 108 109 3
108 109 109 110 3
108 107 109 108 242
108 108 109 109 5
109 109 110 110 5
109 110 110 111 3
109 108 110 109 242
110 109 110 110 3
110 109 111 110 239
110 110 111 111 8
110 111 111 112 3
111 110 111 111 1
111 110 112 111 238
111 111 112 112 9
111 112 112 113 3
112 111 112 112 26
112 111 113 112 212
112 112 113 113 35
112 113 113 114 3
113 112 113 113 65
113 112 114 113 147
113 113 114 114 100
113 114 114 114 2
113 114 114 115 1
114 113 114 114 71
114 113 115 114 76
114 114 115 115 173
114 115 115 115 1
115 114 115 115 38
115 114 116 115 38
115 115 116 116 212
116 115 117 116 36
116 115 116 116 2
116 116 117 117 214
117 117 118 118 219
117 116 117 117 5
117 116 118 117 31
118 117 118 118 18
118 117 119 118 13
118 118 119 119 237
119 118 119 119 13
119 119 120 120 250
