0 0 1 0 26
0 0 1 1 224
1 0 2 0 4
1 0 2 1 22
1 1 2 1 66
1 1 2 2 158
2 0 3 1 4
2 1 3 1 9
2 1 3 2 79
2 2 3 2 121
2 2 3 3 37
3 1 4 2 13
3 2 4 2 138
3 2 4 3 62
3 3 4 3 37
4 2 5 3 151
4 3 5 3 75
4 3 5 4 24
5 3 6 3 1
5 3 6 4 225
5 4 6 4 10
5 4 6 5 14
6 3 7 3 1
6 4 7 5 235
6 5 7 5 8
6 5 7 6 6
7 3 7 4 1
7 4 7 5 1
7 5 8 6 244
7 6 8 6 6
8 6 9 7 250
9 7 10 8 250
10 8 11 9 250
11 9 12 10 250
12 10 13 11 250
13 11 14 12 250
14 12 15 13 250
15 13 16 14 250
16 14 17 15 250
17 15 18 16 250
18 16 19 17 250
19 17 20 18 250
20 18 21 19 250
21 19 22 20 250
22 20 23 21 250
23 21 24 22 250
24 22 24 23 7
24 22 25 23 243
24 23 25 24 7
25 23 25 24 3
25 23 26 24 240
25 24 26 25 10
26 24 26 25 73
26 24 27 25 167
26 25 27 26 83
27 25 27 26 67
27 25 28 26 100
27 26 28 27 150
28 26 29 27 8
28 26 28 27 92
28 27 29 28 242
29 27 29 28 7
29 27 30 28 1
29 28 30 29 249
30 29 31 30 249
30 28 31 29 1
31 29 32 30 1
31 30 32 31 249
32 30 32 31 1
32 31 33 32 250
33 32 34 33 250
34 33 35 34 250
35 34 36 35 250
36 35 37 36 250
37 36 38 37 250
38 37 39 38 250
39 38 40 39 250
40 39 41 40 250
41 40 42 41 250
42 41 43 42 250
43 42 44 43 250
44 43 45 44 250
45 44 46 45 250
46 45 47 46 250
47 46 48 47 250
48 47 49 48 250
49 48 50 49 250
50 49 51 50 250
51 50 52 51 250
52 51 53 52 250
53 52 54 53 250
54 53 55 54 250
55 54 56 55 250
56 55 57 56 250
57 56 58 57 250
58 57 59 58 250
59 58 59 59 69
59 58 60 59 181
59 59 60 60 69
60 59 61 60 62
60 59 60 60 119
60 60 61 61 188
61 61 62 62 245
61 60 61 61 57
61 60 62 61 5
62 61 62 62 1
62 61 63 62 4
62 62 63 63 246
63 62 64 63 4
63 63 64 64 246
64 63 65 64 4
64 64 65 65 246
65 64 66 65 4
65 65 66 66 246
66 65 66 66 4
66 66 67 67 250
67 67 67 68 2
67 67 68 68 248
67 68 68 69 2
68 69 69 70 120
68 68 69 69 130
68 68 68 69 118
69 69 69 70 112
69 69 70 70 18
69 70 70 71 232
70 70 70 71 10
70 70 71 71 8
70 71 71 72 242
71 71 71 72 5
71 71 72 72 3
71 72 72 73 247
72 72 73 73 3
72 73 73 74 247
73 73 74 74 3
73 74 74 75 247
74 74 75 75 3
74 75 75 76 247
75 75 75 76 1
75 75 76 76 2
75 76 76 77 248
76 77 77 78 250
76 76 76 77 2
77 78 78 79 250
78 79 79 80 250
79 80 80 81 250
80 81 81 82 250
81 82 82 83 250
82 83 83 84 250
83 84 84 85 250
84 85 85 86 250
85 86 86 87 250
86 87 87 88 250
87 88 88 89 250
88 89 89 90 250
89 90 90 91 250
90 91 91 91 1
90 91 91 92 249
91 91 92 91 1
91 92 92 93 242
91 92 92 92 7
92 93 93 93 8
92 93 93 94 234
92 91 93 91 1
92 92 93 92 7
93 93 94 93 8
93 94 94 94 5
93 94 94 95 229
93 91 94 92 1
93 92 94 92 7
94 93 95 93 8
94 94 95 94 5
94 95 95 95 3
94 95 95 96 226
94 92 95 93 2
94 92 95 92 6
95 93 96 93 8
95 93 96 94 2
95 94 96 94 5
95 95 96 95 3
95 96 96 97 226
95 92 96 92 6
96 93 97 93 4
96 93 97 94 4
96 94 97 94 4
96 94 97 95 3
96 95 97 95 3
96 97 97 98 226
96 92 97 92 6
97 93 98 93 4
97 94 98 94 1
97 94 98 95 7
97 95 98 95 3
97 95 98 96 3
97 98 97 99 1
97 98 98 99 225
97 99 98 100 1
97 92 98 92 6
98 100 98 101 1
98 100 99 101 2
98 92 99 92 6
98 93 99 93 4
98 101 99 102 1
98 94 99 94 1
98 95 99 95 2
98 95 99 96 8
98 96 99 97 3
98 99 98 100 2
98 99 99 99 1
98 99 99 100 222
99 92 100 92 6
99 100 99 101 6
99 100 100 101 175
99 100 100 100 41
99 93 100 93 3
99 93 100 94 1
99 101 99 102 5
99 101 100 102 3
99 94 100 94 1
99 102 99 103 2
99 102 100 103 4
99 95 100 95 2
99 103 99 104 1
99 103 100 104 1
99 104 99 105 1
99 96 100 97 8
99 105 99 106 1
99 97 100 98 3
99 106 100 107 1
99 99 100 99 1
100 100 101 100 41
100 92 101 93 6
100 93 101 93 3
100 101 101 101 46
100 101 101 102 124
100 101 100 102 5
100 102 101 103 5
100 102 100 103 3
100 94 101 94 1
100 94 101 95 1
100 95 101 95 2
100 103 101 104 5
100 103 100 104 2
100 104 101 105 3
100 97 101 98 8
100 98 101 99 3
100 99 101 99 1
100 107 101 108 1
101 100 102 100 41
101 101 102 101 45
101 101 102 102 1
101 93 102 93 1
101 93 102 94 8
101 94 102 94 1
101 102 102 102 40
101 102 102 103 84
101 95 102 96 3
101 103 102 103 3
101 103 102 104 2
101 104 102 105 5
101 105 102 106 3
101 98 102 99 8
101 99 102 100 4
101 108 102 109 1
102 109 103 110 1
102 100 103 101 3
102 100 103 100 42
102 93 103 93 1
102 101 103 101 45
102 102 103 102 40
102 102 103 103 1
102 94 103 95 9
102 103 103 103 27
102 103 103 104 60
102 104 103 105 2
102 96 103 97 3
102 105 103 106 5
102 106 103 107 3
102 99 103 100 8
103 100 104 101 49
103 100 104 100 1
103 93 104 94 1
103 101 104 101 45
103 101 104 102 3
103 110 104 111 1
103 102 104 102 40
103 95 104 96 9
103 103 104 103 28
103 104 103 105 1
103 104 104 105 59
103 105 104 106 3
103 97 104 98 3
103 106 104 107 5
103 107 104 108 3
104 100 105 100 1
104 101 105 101 2
104 101 105 102 92
104 94 105 95 1
104 102 105 102 42
104 102 105 103 1
104 111 105 112 1
104 103 105 103 28
104 96 105 97 9
104 105 105 106 59
104 106 105 107 3
104 98 105 99 3
104 107 105 108 5
104 108 105 108 3
105 100 106 100 1
105 101 106 101 2
105 102 106 102 2
105 102 106 103 132
105 95 106 96 1
105 103 106 103 28
105 103 106 104 1
105 112 106 113 1
105 97 106 98 9
105 106 106 107 59
105 99 106 100 3
105 107 106 108 3
105 108 106 109 2
105 108 106 108 6
106 109 107 110 2
106 100 107 101 4
106 101 107 101 2
106 102 107 102 2
106 103 107 104 160
106 104 107 105 1
106 96 107 97 1
106 113 107 114 1
106 98 107 99 9
106 107 107 107 18
106 107 107 108 41
106 108 107 109 1
106 108 107 108 8
107 109 108 110 1
107 100 107 101 1
107 101 107 102 1
107 101 108 101 1
107 101 108 102 5
107 110 108 111 2
107 102 107 103 1
107 102 108 102 2
107 103 107 104 1
107 104 108 105 161
107 105 108 105 1
107 97 108 98 1
107 114 108 115 1
107 107 108 107 18
107 99 107 100 1
107 99 108 100 8
107 108 108 109 18
107 108 108 108 31
108 109 109 110 18
108 100 109 101 8
108 101 109 102 1
108 102 109 102 1
108 102 109 103 6
108 110 109 111 1
108 111 109 112 2
108 105 109 106 162
108 98 109 99 1
108 107 109 107 18
108 115 109 116 1
108 108 109 108 31
109 101 110 102 8
109 102 110 103 2
109 110 110 110 1
109 110 110 111 17
109 111 110 112 1
109 103 110 104 6
109 112 110 113 2
109 106 110 107 162
109 99 110 100 1
109 107 110 107 18
109 116 110 117 1
109 108 110 108 31
110 117 111 118 1
110 100 111 101 1
110 110 111 110 1
110 102 111 103 8
110 111 111 112 17
110 103 111 104 2
110 112 111 113 1
110 104 111 105 6
110 113 111 114 2
110 107 111 108 180
110 108 111 109 1
110 108 111 108 30
111 109 112 110 1
111 118 112 118 1
111 101 112 102 1
111 110 112 110 1
111 103 111 104 3
111 103 112 104 5
111 112 112 113 17
111 104 111 105 3
111 104 112 105 2
111 105 111 106 3
111 105 112 106 6
111 113 112 114 1
111 114 112 115 2
111 106 111 107 3
111 107 111 108 3
111 108 112 109 213
112 109 113 110 213
112 102 113 103 1
112 110 113 110 1
112 110 113 111 1
112 118 113 118 1
112 104 113 105 5
112 105 113 106 2
112 113 113 114 17
112 114 113 115 1
112 106 113 107 6
112 115 113 116 2
113 109 113 110 2
113 118 114 118 1
113 110 114 111 216
113 103 113 104 1
113 111 114 112 1
113 104 113 105 1
113 105 113 106 1
113 105 114 106 5
113 114 114 115 17
113 106 113 107 1
113 106 114 107 2
113 107 113 108 2
113 107 114 108 5
113 115 114 116 1
113 108 113 109 2
113 116 114 117 2
114 117 115 118 2
114 118 115 118 1
114 111 115 112 216
114 112 115 113 1
114 106 115 107 5
114 115 115 116 17
114 107 115 108 2
114 108 115 109 5
114 116 115 117 1
115 117 116 118 1
115 109 115 110 1
115 109 116 110 5
115 118 116 118 1
115 118 116 119 2
115 110 115 111 1
115 111 115 112 1
115 112 116 113 217
115 113 116 114 1
115 107 115 108 1
115 107 116 108 4
115 116 116 117 15
115 116 116 116 2
115 108 115 109 1
115 108 116 109 2
116 109 117 110 2
116 117 117 117 6
116 117 117 118 9
116 118 117 118 2
116 119 117 119 2
116 110 117 111 5
116 113 117 114 217
116 114 117 115 1
116 108 117 109 4
116 116 117 116 2
117 117 118 117 5
117 117 118 118 1
117 109 118 110 4
117 118 118 118 5
117 118 118 119 6
117 119 118 120 2
117 110 118 111 2
117 111 117 112 1
117 111 118 111 1
117 111 118 112 3
117 112 117 113 1
117 113 117 114 1
117 114 118 115 218
117 115 118 116 1
117 116 118 116 2
118 117 119 117 5
118 118 119 118 4
118 118 119 119 2
118 119 119 119 5
118 119 119 120 1
118 110 119 111 4
118 111 119 112 3
118 120 119 120 2
118 112 118 113 1
118 112 119 113 2
118 113 118 114 1
118 114 118 115 1
118 115 119 116 219
118 116 119 117 1
118 116 119 116 2
119 117 120 117 5
119 117 120 118 1
119 118 120 118 4
119 119 120 119 4
119 119 120 120 3
119 111 120 112 4
119 112 120 113 3
119 120 120 120 2
119 120 120 121 1
119 113 120 114 2
119 116 120 117 221
120 117 121 117 6
120 117 121 118 222
120 118 121 118 3
120 118 121 119 2
120 119 121 119 4
120 112 120 113 1
120 112 121 113 3
120 120 121 120 5
120 121 121 121 1
120 113 120 114 1
120 113 121 114 3
120 114 120 115 2
120 114 121 115 1
120 115 120 116 2
120 116 120 117 2
121 117 121 118 2
121 117 122 118 6
121 118 122 118 17
121 118 122 119 210
121 119 122 119 5
121 119 122 120 1
121 120 122 120 5
121 121 122 121 1
121 113 122 114 3
121 114 121 115 2
121 114 122 115 1
121 115 121 116 2
121 115 122 116 1
121 116 121 117 2
122 118 123 119 23
122 119 123 119 146
122 119 123 120 69
122 120 123 120 5
122 120 123 121 1
122 121 123 121 1
122 114 123 115 3
122 115 123 116 1
122 116 123 117 1
123 117 123 118 1
123 117 124 118 1
123 118 123 119 1
123 119 123 120 1
123 119 124 120 169
123 120 124 120 16
123 120 124 121 59
123 121 124 121 2
123 115 123 116 1
123 115 124 116 2
123 116 123 117 1
123 116 124 117 1
124 117 124 118 3
124 118 124 119 4
124 119 124 120 4
124 120 125 121 188
124 120 124 121 1
124 121 125 121 5
124 121 125 122 57
124 116 124 117 2
125 121 126 122 193
125 122 126 122 57
