0 0 0 1 87
0 0 1 0 17
0 0 1 1 146
0 1 1 1 1
0 1 1 2 86
1 0 1 1 1
1 0 2 1 16
1 1 1 2 100
1 1 2 1 37
1 1 2 2 11
1 2 2 2 27
1 2 2 3 159
2 1 2 2 52
2 1 3 2 1
2 2 2 3 4
2 2 3 2 1
2 2 3 3 85
2 3 3 3 63
2 3 3 4 100
3 2 3 3 2
3 3 3 4 1
3 3 4 3 3
3 3 4 4 146
3 4 4 4 72
3 4 4 5 29
4 3 4 4 3
4 4 5 4 1
4 4 5 5 220
4 5 5 5 9
4 5 5 6 20
5 4 6 4 1
5 5 6 6 229
5 6 6 7 12
5 6 6 6 8
6 7 7 7 7
6 7 7 8 5
6 4 7 5 1
6 6 7 7 237
7 7 8 8 245
7 8 8 8 5
7 5 7 6 1
7 6 7 7 1
8 8 9 9 250
9 9 10 10 250
10 10 11 11 250
11 11 12 12 250
12 12 13 13 250
13 13 14 14 250
14 14 15 15 250
15 15 16 16 250
16 16 17 17 250
17 17 18 18 250
18 18 19 19 250
19 19 20 20 250
20 20 21 21 250
21 21 22 22 250
22 22 23 23 250
23 23 24 24 250
24 24 25 25 250
25 25 26 26 250
26 26 27 27 250
27 27 28 28 250
28 28 29 29 250
29 29 30 30 250
30 30 31 31 250
31 31 32 32 250
32 32 33 33 250
33 33 34 34 250
34 34 35 35 250
35 35 36 36 250
36 36 37 37 250
37 37 38 38 250
38 38 39 39 250
39 39 40 40 250
40 40 41 41 250
41 41 42 42 250
42 42 43 43 250
43 43 44 44 250
44 44 45 45 250
45 45 46 46 250
46 46 47 47 250
47 47 48 48 250
48 48 49 49 250
49 49 50 50 250
50 50 51 51 250
51 51 52 52 250
52 52 53 53 250
53 53 54 54 250
54 54 55 55 250
55 55 56 56 250
56 56 57 57 250
57 57 58 58 250
58 58 59 59 250
59 59 59 60 69
59 59 60 60 181
59 60 60 61 69
60 61 61 62 187
60 61 60 62 1
60 62 61 63 1
60 60 61 61 62
60 60 60 61 119
61 61 61 62 57
61 61 62 62 5
61 62 62 63 244
61 63 62 64 1
62 62 62 63 1
62 62 63 63 4
62 63 63 64 245
62 64 63 65 1
63 63 64 64 4
63 64 64 65 245
63 65 64 66 1
64 64 65 65 4
64 65 65 66 245
64 66 65 67 1
65 65 66 66 4
65 66 66 67 245
65 67 66 68 1
66 66 66 67 4
66 67 66 68 2
66 67 67 68 247
66 68 67 69 3
67 69 68 70 9
67 68 67 69 6
67 68 68 69 241
68 69 69 70 236
68 69 68 70 5
68 70 69 71 14
69 70 69 71 4
69 70 70 71 232
69 71 70 72 18
70 71 70 72 117
70 71 71 71 3
70 71 71 72 112
70 72 71 73 135
71 71 72 71 2
71 71 72 72 1
71 72 71 73 68
71 72 72 73 44
71 73 72 74 203
72 71 73 72 2
72 72 72 73 1
72 73 72 74 36
72 73 73 74 9
72 74 73 75 239
73 72 74 73 2
73 74 73 75 1
73 74 74 75 8
73 75 74 76 240
74 73 75 74 2
74 75 74 76 7
74 75 75 76 1
74 76 75 77 247
75 77 76 78 248
75 74 76 75 2
75 76 75 77 1
76 78 77 78 2
76 78 77 79 246
76 75 77 76 2
77 78 78 79 2
77 79 78 79 80
77 79 78 80 166
77 76 78 77 2
78 77 79 78 2
78 79 79 80 82
78 80 79 80 59
78 80 79 81 107
79 78 80 79 2
79 80 80 80 1
79 80 80 81 140
79 81 80 81 102
79 81 80 82 5
80 79 81 79 1
80 79 81 80 1
80 80 81 80 1
80 81 81 82 242
80 82 81 82 3
80 82 81 83 2
81 79 82 80 1
81 80 82 80 2
81 82 82 82 1
81 82 82 83 244
81 83 82 83 1
81 83 82 84 1
82 80 83 81 3
82 82 83 82 1
82 83 83 83 10
82 83 83 84 235
82 84 83 85 1
83 85 84 86 1
83 81 84 82 3
83 82 84 82 1
83 83 84 83 10
83 84 84 85 232
83 84 84 84 3
84 85 85 85 11
84 85 85 86 221
84 86 85 86 1
84 82 85 82 2
84 82 85 83 2
84 83 85 83 10
84 84 85 84 3
85 85 86 85 11
85 86 86 86 1
85 86 86 87 221
85 82 86 83 2
85 83 86 83 10
85 83 86 84 2
85 84 86 84 3
86 85 87 85 11
86 86 87 86 1
86 87 87 87 14
86 87 87 88 207
86 83 87 84 12
86 84 87 85 4
86 84 87 84 1
87 85 88 85 11
87 85 88 86 4
87 86 88 86 1
87 87 88 87 14
87 88 88 88 25
87 88 88 89 182
87 84 88 85 13
88 85 89 86 24
88 86 89 87 5
88 87 89 87 14
88 88 89 88 25
88 89 89 89 170
88 89 89 90 12
89 86 90 87 24
89 87 90 87 11
89 87 90 88 8
89 88 90 88 25
89 89 90 89 170
89 90 90 90 6
89 90 90 91 6
90 87 91 88 35
90 88 91 88 25
90 88 91 89 8
90 89 91 89 170
90 90 91 90 6
90 91 91 92 6
91 88 92 88 1
91 88 92 89 59
91 89 92 89 172
91 89 92 90 6
91 90 92 90 6
91 92 92 93 4
91 92 92 92 2
92 93 93 94 4
92 88 93 88 1
92 89 93 89 15
92 89 93 90 216
92 90 93 90 6
92 90 93 91 6
92 92 93 92 2
93 94 94 95 4
93 88 94 88 1
93 89 94 89 15
93 90 94 90 5
93 90 94 91 217
93 91 94 92 6
93 92 94 92 2
94 95 95 96 4
94 88 95 88 1
94 89 95 89 15
94 90 95 90 5
94 91 95 91 3
94 91 95 92 214
94 92 95 93 6
94 92 95 92 2
95 93 96 94 6
95 96 96 97 4
95 88 96 88 1
95 89 96 89 13
95 89 96 90 2
95 90 96 90 5
95 91 96 91 3
95 92 96 93 216
96 93 97 94 216
96 94 97 95 6
96 88 97 88 1
96 97 97 97 2
96 97 97 98 2
96 89 97 89 9
96 89 97 90 4
96 90 97 90 4
96 90 97 91 3
96 91 97 91 3
97 94 97 95 1
97 94 98 95 215
97 95 98 96 7
97 88 98 88 1
97 97 98 97 2
97 89 98 89 9
97 98 98 98 1
97 98 98 99 1
97 90 98 90 1
97 90 98 91 7
97 91 98 91 3
97 91 98 92 3
98 90 99 90 1
98 91 99 91 2
98 91 99 92 8
98 92 99 93 3
98 95 98 96 2
98 95 99 95 1
98 95 99 96 212
98 96 98 97 1
98 96 99 97 8
98 88 99 88 1
98 89 99 89 9
98 97 99 98 3
98 98 99 98 1
98 99 99 100 1
99 90 100 90 1
99 91 100 91 2
99 100 99 101 1
99 100 100 100 1
99 92 100 93 8
99 93 100 94 3
99 101 99 102 1
99 102 100 103 1
99 95 100 95 1
99 88 100 88 1
99 96 99 97 6
99 96 100 96 39
99 96 100 97 167
99 89 100 89 8
99 89 100 90 1
99 97 99 98 5
99 97 100 97 1
99 97 100 98 8
99 98 99 99 2
99 98 100 98 2
99 98 100 99 5
99 99 99 100 1
99 99 100 100 1
100 90 101 90 1
100 90 101 91 1
100 91 101 91 2
100 100 101 101 3
100 100 101 100 1
100 93 101 94 8
100 94 101 95 3
100 95 101 95 1
100 103 101 104 1
100 88 101 89 1
100 96 101 96 39
100 97 101 97 46
100 97 101 98 117
100 97 100 98 5
100 89 101 89 7
100 89 101 90 1
100 98 101 98 2
100 98 101 99 10
100 98 100 99 3
100 99 101 100 6
100 99 100 100 2
101 90 102 90 1
101 90 102 91 1
101 91 102 92 3
101 100 102 101 6
101 100 102 100 1
101 101 102 102 3
101 94 102 95 8
101 95 102 96 4
101 104 102 105 1
101 96 102 96 39
101 97 102 97 45
101 97 102 98 1
101 89 102 89 1
101 89 102 90 7
101 98 102 98 41
101 98 102 99 78
101 99 102 99 3
101 99 102 100 7
102 90 103 91 8
102 91 103 92 1
102 100 103 101 5
102 100 103 100 3
102 92 103 93 3
102 101 103 102 6
102 102 103 103 3
102 95 103 96 8
102 96 103 96 40
102 96 103 97 3
102 89 103 89 1
102 105 103 106 1
102 97 103 97 45
102 98 103 98 41
102 98 103 99 1
102 99 103 99 25
102 99 103 100 56
103 91 104 92 8
103 92 104 93 1
103 100 104 101 56
103 100 104 100 3
103 101 104 102 5
103 93 104 94 3
103 102 104 103 6
103 103 104 104 3
103 96 104 96 1
103 96 104 97 47
103 89 104 90 1
103 97 104 97 44
103 97 104 98 4
103 106 104 107 1
103 98 104 98 40
103 98 104 99 1
103 99 104 99 26
104 90 105 91 1
104 100 105 100 3
104 92 105 93 8
104 93 105 94 1
104 101 105 102 56
104 102 105 103 5
104 94 105 95 3
104 103 105 104 6
104 96 105 96 1
104 104 105 104 3
104 97 105 97 2
104 97 105 98 89
104 98 105 98 42
104 98 105 99 2
104 107 105 108 1
104 99 105 99 26
104 99 105 100 1
105 91 106 92 1
105 100 106 101 2
105 100 106 100 2
105 93 106 94 8
105 94 106 95 1
105 102 106 103 56
105 95 106 96 3
105 103 106 104 5
105 96 106 96 1
105 104 106 104 6
105 104 106 105 3
105 97 106 97 2
105 98 106 98 2
105 98 106 99 129
105 99 106 99 26
105 99 106 100 2
105 108 106 109 1
106 109 107 110 1
106 92 107 93 1
106 100 107 101 4
106 101 107 102 2
106 94 107 95 8
106 95 107 96 1
106 103 107 103 18
106 103 107 104 38
106 96 107 97 4
106 104 107 104 8
106 104 107 105 3
106 97 107 97 2
106 105 107 106 3
106 98 107 98 2
106 99 107 100 155
107 100 108 101 156
107 93 108 94 1
107 101 108 101 1
107 101 108 102 3
107 102 108 103 2
107 110 108 111 1
107 103 108 103 18
107 95 107 96 1
107 95 108 96 7
107 96 107 97 1
107 96 108 97 1
107 104 108 104 27
107 104 108 105 19
107 97 107 98 1
107 97 108 97 1
107 97 108 98 5
107 105 108 105 3
107 106 108 106 1
107 106 108 107 2
107 98 107 99 1
107 98 108 98 2
107 99 107 100 1
108 101 109 102 157
108 94 109 95 1
108 102 109 103 3
108 111 109 112 1
108 103 109 103 18
108 103 109 104 2
108 96 109 97 7
108 104 109 104 27
108 97 109 98 2
108 105 109 105 3
108 105 109 106 19
108 106 109 106 1
108 98 109 98 1
108 98 109 99 6
108 107 109 108 2
109 102 110 103 157
109 95 110 96 1
109 103 110 103 18
109 103 110 104 3
109 112 109 113 1
109 104 110 104 27
109 104 110 105 2
109 113 110 114 1
109 105 110 105 3
109 97 110 98 7
109 98 110 99 3
109 106 110 106 2
109 106 110 107 18
109 99 110 100 6
109 108 110 109 2
110 109 111 110 2
110 103 111 104 175
110 96 111 97 1
110 104 111 104 26
110 104 111 105 4
110 105 111 105 3
110 105 111 106 2
110 106 111 106 2
110 114 111 115 1
110 98 111 99 7
110 99 111 100 3
110 107 111 108 18
110 100 111 101 6
111 100 111 101 3
111 100 112 101 2
111 101 111 102 3
111 101 112 102 6
111 110 112 111 2
111 102 111 103 3
111 103 111 104 3
111 104 111 105 1
111 104 112 105 203
111 97 112 98 1
111 105 112 106 8
111 106 112 106 1
111 106 112 107 3
111 99 111 100 2
111 99 112 100 5
111 115 112 115 1
111 108 112 109 18
112 109 113 110 18
112 100 113 101 5
112 101 113 102 2
112 102 113 103 6
112 111 112 112 2
112 112 113 113 2
112 105 113 106 203
112 98 113 99 1
112 106 113 106 1
112 106 113 107 8
112 107 113 108 3
112 115 113 115 1
113 100 113 101 1
113 101 113 102 1
113 101 114 102 5
113 110 114 111 18
113 102 113 103 1
113 102 114 103 2
113 103 113 104 2
113 103 114 104 5
113 104 113 105 2
113 105 113 106 2
113 113 114 114 2
113 106 114 107 206
113 99 113 100 1
113 107 114 108 8
113 115 114 115 1
113 108 114 109 3
114 109 115 110 3
114 102 115 103 5
114 111 115 112 18
114 103 115 104 2
114 104 115 105 5
114 114 115 115 2
114 107 115 108 206
114 115 115 115 1
114 108 115 109 8
115 109 116 110 8
115 110 116 111 3
115 103 115 104 1
115 103 116 104 4
115 112 116 112 2
115 112 116 113 16
115 104 115 105 1
115 104 116 105 2
115 105 115 106 1
115 105 116 106 5
115 106 115 107 1
115 107 115 108 1
115 115 116 115 1
115 115 116 116 2
115 108 116 109 207
116 109 117 110 204
116 109 116 110 3
116 110 117 111 11
116 111 117 112 3
116 104 117 105 4
116 112 117 112 2
116 113 117 113 6
116 113 117 114 9
116 113 116 114 1
116 105 117 106 2
116 114 117 115 1
116 106 117 107 5
116 115 117 115 1
116 116 117 117 2
117 109 117 110 1
117 117 118 118 2
117 110 117 111 1
117 110 118 111 204
117 111 118 112 12
117 112 118 112 2
117 112 118 113 3
117 105 118 106 4
117 113 118 113 6
117 106 118 107 2
117 114 118 114 2
117 114 118 115 7
117 115 118 115 1
117 115 118 116 1
117 107 117 108 1
117 107 118 107 1
117 107 118 108 3
117 108 117 109 1
118 109 118 110 1
118 118 119 118 2
118 110 118 111 1
118 111 118 112 24
118 111 119 112 181
118 112 118 113 1
118 112 119 112 2
118 112 119 113 35
118 113 119 113 6
118 113 119 114 4
118 106 119 107 4
118 114 119 114 2
118 115 119 115 3
118 115 119 116 5
118 107 119 108 3
118 116 119 117 1
118 108 118 109 1
118 108 119 109 2
119 109 120 110 2
119 117 120 118 1
119 118 120 118 2
119 112 119 113 60
119 112 120 113 123
119 113 120 113 6
119 113 120 114 95
119 114 120 114 4
119 114 120 115 2
119 115 120 115 3
119 107 120 108 4
119 116 120 117 3
119 116 120 116 2
119 108 120 109 3
120 117 121 117 3
120 109 120 110 1
120 109 121 110 3
120 118 121 118 3
120 110 120 111 2
120 110 121 111 1
120 111 120 112 2
120 112 120 113 2
120 113 120 114 67
120 113 121 114 64
120 114 121 114 2
120 114 121 115 164
120 115 121 115 4
120 115 121 116 1
120 116 121 116 2
120 108 120 109 1
120 108 121 109 3
121 117 122 117 3
121 109 122 110 3
121 118 122 118 3
121 110 121 111 2
121 110 122 111 1
121 111 121 112 2
121 111 122 112 1
121 112 121 113 2
121 113 121 114 2
121 114 121 115 38
121 114 122 115 30
121 115 122 115 2
121 115 122 116 204
121 116 122 117 1
121 116 122 116 2
122 117 123 117 3
122 117 123 118 1
122 118 123 118 3
122 110 123 111 3
122 111 123 112 1
122 112 123 113 1
122 115 122 116 2
122 115 123 116 30
122 116 123 117 206
122 116 123 116 2
123 117 124 117 3
123 117 124 118 212
123 118 124 118 4
123 111 123 112 1
123 111 124 112 2
123 112 123 113 1
123 112 124 113 1
123 113 123 114 1
123 113 124 114 1
123 114 123 115 1
123 115 123 116 1
123 116 123 117 6
123 116 124 117 27
124 117 125 118 13
124 117 124 118 21
124 118 125 119 237
124 112 124 113 2
124 113 124 114 3
124 114 124 115 4
124 115 124 116 4
124 116 124 117 4
125 118 125 119 13
125 119 126 120 250
