0 0 0 1 92
0 0 1 1 158
0 1 0 2 8
0 1 1 2 84
0 2 1 3 8
1 1 1 2 148
1 1 2 2 10
1 2 1 3 9
1 2 2 3 223
1 3 2 4 17
2 2 2 3 9
2 2 3 3 1
2 3 2 4 149
2 3 3 4 83
2 4 3 5 166
3 3 3 4 1
3 4 3 5 80
3 4 4 5 4
3 5 4 6 246
4 5 4 6 2
4 5 5 6 2
4 6 5 7 248
5 7 6 8 249
5 6 5 7 1
5 6 6 7 1
6 7 6 8 1
6 8 7 9 250
7 9 8 10 250
8 10 9 11 250
9 11 10 12 250
10 12 11 13 250
11 13 12 14 250
12 14 13 15 250
13 15 14 16 250
14 16 15 17 250
15 17 16 18 250
16 18 17 19 250
17 19 18 20 250
18 20 19 21 250
19 21 20 22 250
20 22 21 23 250
21 23 22 24 250
22 24 23 24 7
22 24 23 25 243
23 24 24 25 7
23 25 24 25 3
23 25 24 26 240
24 25 25 26 10
24 26 25 26 73
24 26 25 27 167
25 26 26 27 83
25 27 26 27 67
25 27 26 28 100
26 27 27 28 150
26 28 27 29 8
26 28 27 28 92
27 29 28 29 7
27 29 28 30 1
27 28 28 29 242
28 29 29 30 249
28 30 29 31 1
29 30 30 31 249
29 31 30 32 1
30 31 31 32 249
30 32 31 32 1
31 32 32 33 250
32 33 33 34 250
33 34 34 35 250
34 35 35 36 250
35 36 36 37 250
36 37 37 38 250
37 38 38 39 250
38 39 39 40 250
39 40 40 41 250
40 41 41 42 250
41 42 42 43 250
42 43 43 44 250
43 44 44 45 250
44 45 45 46 250
45 46 46 47 250
46 47 47 48 250
47 48 48 49 250
48 49 49 50 250
49 50 50 51 250
50 51 51 52 250
51 52 52 53 250
52 53 53 54 250
53 54 54 55 250
54 55 55 56 250
55 56 56 57 250
56 57 57 58 250
57 58 58 59 250
58 59 59 60 250
59 61 60 62 1
59 60 59 61 1
59 60 60 61 249
60 61 61 62 249
60 62 61 63 1
61 62 62 63 249
61 63 62 64 1
62 63 63 64 249
62 64 63 65 1
63 64 64 65 249
63 65 64 66 1
64 65 65 66 249
64 66 65 67 1
65 66 66 67 249
65 67 66 68 1
66 67 66 68 2
66 67 67 68 247
66 68 67 69 3
67 69 68 70 9
67 68 67 69 6
67 68 68 69 239
67 68 68 68 2
68 69 69 69 111
68 69 69 70 124
68 69 68 70 4
68 70 69 70 7
68 70 69 71 6
68 68 69 69 2
69 69 69 70 1
69 69 70 70 112
69 70 69 71 1
69 70 70 70 105
69 70 70 71 26
69 71 70 71 7
70 70 70 71 3
70 70 71 71 214
70 71 70 72 8
70 71 71 71 8
70 71 71 72 20
70 72 71 72 2
70 72 71 73 6
71 71 71 72 109
71 71 72 71 3
71 71 72 72 110
71 72 71 73 1
71 72 72 72 1
71 72 72 73 129
71 73 72 73 4
71 73 72 74 3
72 71 73 71 2
72 71 73 72 1
72 72 72 73 67
72 72 73 73 44
72 73 73 74 200
72 74 73 75 3
73 71 74 72 2
73 72 73 73 1
73 73 73 74 36
73 73 74 74 9
73 74 74 75 236
73 75 74 76 3
74 72 75 73 2
74 74 74 75 1
74 74 75 75 8
74 75 75 76 237
74 76 75 77 3
75 77 76 77 1
75 77 76 78 2
75 73 76 74 2
75 75 75 76 7
75 75 76 76 1
75 76 76 77 244
76 77 77 78 246
76 78 77 78 2
76 74 77 75 2
76 76 76 77 1
77 78 78 78 2
77 78 78 79 246
77 75 78 76 2
78 78 79 79 2
78 79 79 79 80
78 79 79 80 166
78 76 79 77 2
79 77 80 78 2
79 79 80 80 82
79 80 80 80 59
79 80 80 81 107
80 78 81 79 2
80 80 81 80 1
80 80 81 81 140
80 81 81 81 102
80 81 81 82 5
81 79 82 79 1
81 79 82 80 1
81 80 82 80 1
81 81 82 82 242
81 82 82 82 3
81 82 82 83 2
82 79 83 80 1
82 80 83 80 2
82 82 83 82 1
82 82 83 83 244
82 83 83 83 1
82 83 83 84 1
83 80 84 81 3
83 82 84 82 1
83 83 84 83 10
83 83 84 84 235
83 84 84 85 1
84 85 85 86 1
84 81 85 82 3
84 82 85 82 1
84 83 85 83 10
84 84 85 85 232
84 84 85 84 3
85 85 86 85 11
85 85 86 86 221
85 86 86 86 1
85 82 86 82 2
85 82 86 83 2
85 83 86 83 10
85 84 86 84 3
86 85 87 85 11
86 86 87 86 1
86 86 87 87 221
86 82 87 83 2
86 83 87 83 10
86 83 87 84 2
86 84 87 84 3
87 85 88 85 11
87 86 88 86 1
87 87 88 87 14
87 87 88 88 207
87 83 88 84 12
87 84 88 85 4
87 84 88 84 1
88 85 89 85 11
88 85 89 86 4
88 86 89 86 1
88 87 89 87 14
88 88 89 88 25
88 88 89 89 182
88 84 89 85 13
89 85 90 86 24
89 86 90 87 5
89 87 90 87 14
89 88 90 88 25
89 89 90 89 170
89 89 90 90 12
90 86 91 87 24
90 87 91 87 11
90 87 91 88 8
90 88 91 88 25
90 89 91 89 170
90 90 91 90 6
90 90 91 91 6
91 87 92 88 35
91 88 92 88 25
91 88 92 89 8
91 89 92 89 170
91 90 92 90 6
91 91 92 92 6
92 88 93 89 60
92 89 93 89 171
92 89 93 90 7
92 90 93 90 6
92 92 93 93 4
92 92 93 92 2
93 93 94 94 4
93 89 94 90 231
93 90 94 90 6
93 90 94 91 7
93 92 94 92 2
94 94 95 95 4
94 90 95 91 237
94 91 95 92 7
94 92 95 92 2
95 95 96 96 4
95 91 96 92 237
95 92 96 93 7
95 92 96 92 2
96 93 97 94 7
96 96 97 97 4
96 92 97 93 239
97 93 98 94 239
97 94 98 95 7
97 97 98 97 2
97 97 98 98 2
98 94 99 95 239
98 95 99 96 7
98 97 99 97 2
98 98 99 98 1
98 98 99 99 1
99 95 100 96 239
99 96 100 97 7
99 97 100 98 2
99 98 100 98 1
99 99 100 100 1
100 96 101 97 239
100 97 101 98 7
100 98 101 98 1
100 98 101 99 2
100 100 101 100 1
101 97 102 98 239
101 98 102 98 1
101 98 102 99 7
101 99 102 100 2
101 100 102 100 1
102 98 103 99 240
102 99 103 100 7
102 100 103 101 3
103 101 104 102 3
103 99 104 100 240
103 100 104 101 7
104 101 105 102 7
104 102 105 103 3
104 100 105 101 239
104 100 105 100 1
105 101 106 102 239
105 102 106 103 7
105 103 106 104 3
105 100 106 101 1
106 101 107 102 1
106 102 107 103 239
106 103 107 104 7
106 104 107 105 3
107 102 108 103 1
107 103 108 104 239
107 104 108 105 7
107 105 108 106 3
108 103 109 104 1
108 104 109 105 239
108 105 109 106 7
108 106 109 107 3
109 104 110 105 1
109 105 110 106 239
109 106 110 107 7
109 107 110 108 3
110 105 111 106 1
110 106 111 107 239
110 107 111 108 7
110 108 111 109 3
111 109 112 110 3
111 106 112 107 1
111 107 112 108 239
111 108 112 109 7
112 109 113 110 7
112 110 113 111 3
112 107 113 108 1
112 108 113 109 239
113 109 113 110 3
113 109 114 110 236
113 110 114 111 10
113 111 114 112 3
113 108 114 109 1
114 109 115 110 1
114 110 114 111 1
114 110 115 111 235
114 111 115 112 11
114 112 115 113 3
115 110 116 111 1
115 111 115 112 26
115 111 116 112 209
115 112 116 113 37
115 113 116 114 3
116 111 117 112 1
116 112 117 113 144
116 112 116 113 65
116 113 117 114 102
116 114 117 114 2
116 114 117 115 1
117 112 118 113 1
117 113 117 114 69
117 113 118 114 75
117 114 117 115 6
117 114 118 115 167
117 115 118 115 1
117 115 118 116 6
118 113 118 114 1
118 114 118 115 42
118 114 119 115 34
118 115 118 116 14
118 115 119 116 196
118 116 119 117 20
119 117 120 118 151
119 115 119 116 27
119 115 120 116 7
119 116 119 117 131
119 116 120 117 92
120 117 120 118 24
120 117 121 118 73
120 118 121 119 175
120 116 120 117 5
120 116 121 117 2
121 117 121 118 2
121 118 121 119 18
121 118 122 119 57
121 119 122 120 193
122 119 122 120 57
