0 0 1 1 250
1 1 2 2 250
2 2 3 3 250
3 3 4 4 250
4 4 5 5 250
5 5 6 6 250
6 6 7 7 250
7 7 8 8 250
8 8 9 9 250
9 9 10 10 250
10 10 11 11 250
11 11 12 12 250
12 12 13 13 250
13 13 14 14 250
14 14 15 15 250
15 15 16 16 250
16 16 17 17 250
17 17 18 18 250
18 18 19 19 250
19 19 20 20 250
20 20 21 21 250
21 21 22 22 250
22 22 23 23 250
23 23 24 24 250
24 24 25 25 250
25 25 26 26 250
26 26 27 27 250
27 27 28 28 250
28 28 29 29 250
29 29 30 30 250
30 30 31 31 250
31 31 32 32 250
32 32 33 33 250
33 33 34 34 250
34 34 35 35 250
35 35 36 36 250
36 36 37 37 250
37 37 38 38 250
38 38 39 39 250
39 39 40 40 250
40 40 41 41 250
41 41 42 42 250
42 42 43 43 250
43 43 44 44 250
44 44 45 45 250
45 45 46 46 250
46 46 47 47 250
47 47 48 48 250
48 48 49 49 250
49 49 50 50 250
50 50 51 51 250
51 51 52 52 250
52 52 53 53 250
53 53 54 54 250
54 54 55 55 250
55 55 56 56 250
56 56 57 57 250
57 57 58 58 250
58 58 59 59 250
59 59 60 60 250
60 60 61 61 250
61 61 62 62 250
62 62 63 63 250
63 63 64 64 250
64 64 65 65 250
65 65 66 66 250
66 66 67 67 250
67 67 68 68 250
68 68 69 69 250
69 69 70 70 250
70 70 71 71 250
71 71 72 72 250
72 72 73 73 250
73 73 74 74 250
74 74 75 75 250
75 75 76 76 250
76 76 77 77 250
77 77 78 78 250
78 78 79 79 250
79 79 80 80 250
80 80 81 81 250
81 81 82 82 250
82 82 83 83 250
83 83 84 84 250
84 84 85 85 250
85 85 86 86 250
86 86 87 87 250
87 87 88 88 250
88 88 89 89 250
89 89 90 90 250
90 90 91 91 250
91 91 92 92 250
92 92 93 93 250
93 93 94 94 250
94 94 95 95 250
95 95 96 96 250
96 96 97 97 250
97 97 98 98 250
98 98 99 99 250
99 99 100 100 250
100 100 101 101 250
101 101 102 102 250
102 102 103 103 250
103 103 104 104 250
104 104 105 105 250
105 105 106 106 250
106 106 107 107 250
107 107 108 108 250
108 108 109 109 250
109 109 110 110 250
110 110 111 111 250
111 111 112 112 250
112 112 113 113 250
113 113 114 114 250
114 114 115 115 250
115 115 116 116 250
116 116 117 117 250
117 117 118 118 250
118 118 119 119 250
119 119 120 120 250
