0 1 1 2 32
0 0 1 1 218
0 0 0 1 32
1 1 1 2 61
1 1 2 2 157
1 2 2 3 93
2 3 3 4 159
2 2 3 3 91
2 2 2 3 66
3 4 4 5 221
3 4 3 5 8
3 3 4 4 21
3 3 3 4 70
3 5 4 6 8
4 6 5 7 120
4 4 4 5 10
4 4 5 5 11
4 5 4 6 112
4 5 5 6 119
5 6 6 7 8
5 6 5 7 122
5 7 6 8 242
5 5 5 6 11
6 8 7 9 250
6 7 6 8 8
7 9 8 10 250
8 10 9 11 250
9 11 10 12 250
10 12 11 13 250
11 13 12 14 250
12 14 13 15 250
13 15 14 16 250
14 16 15 17 250
15 17 16 18 250
16 18 17 19 250
17 19 18 20 250
18 20 19 21 250
19 21 20 22 250
20 22 21 23 250
21 23 22 24 250
22 24 23 25 250
23 25 24 26 250
24 26 25 27 250
25 27 26 28 250
26 28 27 29 250
27 29 28 30 250
28 30 29 31 250
29 31 30 32 250
30 32 31 33 250
31 33 32 34 250
32 34 33 35 250
33 35 34 36 250
34 36 35 37 250
35 37 36 38 250
36 38 36 39 7
36 38 37 39 243
36 39 37 40 7
37 39 38 40 242
37 39 37 40 1
37 40 38 41 8
38 40 38 41 74
38 40 39 41 168
38 41 39 42 82
39 42 40 43 135
39 41 39 42 53
39 41 40 42 115
40 42 40 43 113
40 42 41 43 2
40 43 41 44 248
41 43 41 44 2
41 44 42 45 250
42 45 43 46 250
43 46 44 47 250
44 47 45 48 250
45 48 46 49 250
46 49 47 50 250
47 50 48 51 250
48 51 49 52 250
49 52 50 53 250
50 53 51 54 250
51 54 52 55 250
52 55 53 56 250
53 56 54 57 250
54 57 55 58 250
55 58 56 59 249
55 58 56 58 1
56 59 57 59 52
56 59 57 60 197
56 58 57 59 1
57 59 58 60 53
57 60 58 60 109
57 60 58 61 88
58 60 59 61 162
58 61 59 61 73
58 61 59 62 15
59 61 60 62 235
59 62 60 63 7
59 62 60 62 8
60 63 61 63 2
60 63 61 64 5
60 62 61 63 243
61 63 62 64 245
61 64 62 65 5
62 64 63 65 245
62 65 63 66 5
63 66 64 67 3
63 66 64 66 2
63 65 64 66 245
64 67 65 67 1
64 67 65 68 2
64 66 65 67 247
65 67 66 68 248
65 68 66 69 1
65 68 66 68 1
66 69 67 70 1
66 68 67 69 249
67 69 68 70 249
67 70 68 71 1
68 71 69 72 1
68 70 69 71 249
69 72 70 73 1
69 71 70 72 249
70 72 71 73 249
70 73 71 74 1
71 74 72 75 1
71 73 72 74 249
72 74 73 75 249
72 75 73 76 1
73 75 74 76 249
73 76 74 76 1
74 76 75 77 250
75 77 76 78 250
76 78 77 79 250
77 79 78 80 250
78 80 79 81 250
79 81 80 82 250
80 82 81 83 250
81 83 82 84 250
82 84 83 85 250
83 85 84 86 250
84 86 85 87 250
85 87 86 88 250
86 88 87 89 250
87 92 88 93 1
87 90 87 91 1
87 89 87 90 1
87 89 88 90 249
87 91 87 92 1
88 92 88 93 6
88 93 89 94 7
88 90 88 91 6
88 90 89 91 243
88 91 88 92 6
89 95 89 96 2
89 97 89 98 2
89 94 90 95 8
89 94 89 95 2
89 91 90 92 240
89 91 89 92 3
89 92 89 93 3
89 99 89 100 2
89 98 89 99 2
89 93 89 94 3
89 100 90 101 2
89 96 89 97 2
90 92 90 93 11
90 92 91 93 229
90 99 90 100 3
90 99 91 100 3
90 98 90 99 6
90 93 90 94 11
90 95 90 96 6
90 95 91 96 13
90 101 91 102 5
90 97 90 98 6
90 94 90 95 11
90 100 90 101 3
90 96 90 97 6
91 99 91 100 5
91 98 91 99 5
91 93 92 94 219
91 93 91 94 10
91 95 91 96 10
91 102 92 103 9
91 101 91 102 4
91 97 92 98 1
91 97 91 98 5
91 94 91 95 10
91 100 92 101 4
91 100 91 101 4
91 96 92 97 17
91 96 91 97 6
92 98 93 99 1
92 103 93 104 9
92 101 93 102 4
92 97 93 98 17
92 94 93 95 219
93 104 94 105 9
93 99 94 100 1
93 98 94 99 17
93 95 94 96 219
93 102 94 103 4
94 103 95 104 4
94 99 95 100 17
94 100 95 101 1
94 105 95 106 9
94 96 95 97 219
95 104 96 105 4
95 99 95 100 1
95 98 95 99 1
95 106 96 107 9
95 101 96 102 1
95 97 95 98 1
95 97 96 98 216
95 97 96 97 2
95 100 96 101 18
96 99 96 100 1
96 98 97 98 3
96 98 97 99 212
96 98 96 99 1
96 102 97 103 1
96 97 97 97 2
96 101 97 102 19
96 105 97 106 4
96 100 96 101 1
96 107 97 108 9
97 97 98 98 2
97 102 98 103 19
97 102 97 103 23
97 108 98 109 9
97 99 98 99 5
97 99 98 100 181
97 99 97 100 26
97 98 98 99 1
97 98 98 98 2
97 103 98 104 24
97 106 98 107 4
97 101 98 102 3
97 101 97 102 23
97 100 97 101 26
98 109 99 110 9
98 104 99 105 52
98 99 99 99 2
98 99 99 100 4
98 98 99 99 4
98 103 98 104 28
98 103 99 104 19
98 102 99 103 1
98 102 98 103 28
98 101 98 102 26
98 100 98 101 26
98 100 99 101 152
98 100 99 100 3
98 107 99 108 4
99 104 99 105 20
99 104 100 105 19
99 102 99 103 20
99 108 100 109 5
99 107 99 108 1
99 99 100 99 2
99 99 100 100 4
99 103 99 104 20
99 103 100 104 1
99 106 99 107 1
99 101 99 102 20
99 101 100 102 132
99 100 100 101 4
99 100 100 100 3
99 105 99 106 1
99 105 100 106 71
99 110 100 111 9
100 104 100 105 11
100 102 101 103 123
100 102 101 102 1
100 102 100 103 10
100 108 101 109 1
100 111 101 112 5
100 111 101 111 4
100 107 100 108 1
100 109 101 110 5
100 99 101 99 1
100 99 101 100 1
100 103 100 104 10
100 106 101 107 80
100 106 100 107 1
100 101 101 102 2
100 101 100 102 2
100 105 101 106 20
100 105 100 106 10
100 100 101 101 4
100 100 101 100 3
101 104 101 105 2
101 102 102 103 3
101 102 101 103 1
101 111 102 111 4
101 107 102 108 79
101 107 102 107 1
101 109 102 110 1
101 112 102 113 5
101 103 101 104 2
101 103 102 104 122
101 99 102 99 1
101 106 102 107 22
101 101 102 102 3
101 101 101 102 1
101 105 101 106 2
101 100 102 101 4
101 110 102 111 5
102 104 103 105 121
102 104 102 105 1
102 102 103 103 3
102 108 103 109 80
102 111 103 112 5
102 111 103 111 4
102 107 103 108 23
102 107 102 108 1
102 99 103 99 1
102 103 103 104 3
102 106 102 107 1
102 101 103 102 4
102 105 102 106 1
102 113 103 114 5
102 110 103 111 1
103 104 104 105 3
103 109 104 110 80
103 112 104 113 5
103 103 104 104 3
103 99 104 100 1
103 102 104 103 4
103 114 104 115 5
103 111 104 112 1
103 111 104 111 4
103 108 104 109 23
103 105 104 106 121
104 104 105 105 3
104 111 105 111 4
104 108 104 109 8
104 115 105 116 5
104 107 104 108 8
104 107 105 108 1
104 112 105 113 1
104 109 104 110 7
104 109 105 110 24
104 103 105 104 4
104 106 104 107 9
104 106 105 107 112
104 100 105 101 1
104 105 105 106 3
104 113 105 114 5
104 110 105 111 87
105 104 106 105 3
105 104 105 105 1
105 108 105 109 14
105 111 106 112 102
105 111 106 111 2
105 114 106 115 5
105 107 106 108 102
105 107 105 108 13
105 109 105 110 14
105 116 106 117 5
105 106 106 107 2
105 106 105 107 3
105 101 106 102 1
105 105 106 106 2
105 105 105 106 2
105 113 106 113 1
105 110 106 111 25
105 110 105 111 13
106 104 106 105 1
106 102 106 103 1
106 111 107 112 31
106 108 106 109 4
106 108 107 109 101
106 115 107 116 5
106 107 106 108 3
106 112 107 113 102
106 109 106 110 4
106 103 106 104 1
106 106 106 107 1
106 106 107 107 2
106 117 107 118 5
106 105 106 106 1
106 105 107 106 3
106 113 107 113 1
106 110 106 111 4
107 112 108 113 31
107 112 107 113 1
107 109 108 110 100
107 109 107 110 1
107 116 108 117 5
107 118 108 119 5
107 106 108 107 3
107 111 107 112 1
107 114 108 115 1
107 110 107 111 1
107 107 108 108 2
107 113 108 114 103
107 113 107 114 1
108 108 109 109 2
108 114 109 115 103
108 115 109 116 1
108 107 109 108 3
108 119 109 119 1
108 119 109 120 4
108 117 109 118 5
108 110 109 111 100
108 113 109 114 31
109 119 110 119 1
109 109 110 110 2
109 120 110 121 4
109 116 110 117 2
109 118 110 119 5
109 108 110 109 3
109 114 110 115 31
109 111 110 112 100
109 115 109 116 1
109 115 110 116 102
110 109 111 110 3
110 119 111 119 1
110 119 111 120 5
110 112 111 113 100
110 116 111 117 102
110 117 111 118 2
110 115 111 116 31
110 121 111 122 4
110 110 111 111 2
111 120 112 120 1
111 120 112 121 4
111 118 112 119 2
111 114 111 115 1
111 122 112 123 3
111 122 112 122 1
111 111 112 112 2
111 115 111 116 1
111 119 112 119 1
111 116 112 117 31
111 116 111 117 1
111 117 112 118 103
111 113 112 114 99
111 113 111 114 1
111 110 112 111 3
112 123 113 124 2
112 123 113 123 1
112 120 113 120 1
112 118 113 119 103
112 122 113 122 1
112 111 113 112 3
112 114 112 115 3
112 114 113 115 96
112 115 113 116 3
112 121 113 122 3
112 121 113 121 1
112 112 113 113 2
112 119 113 119 1
112 119 113 120 2
112 117 113 118 31
113 124 114 124 1
113 124 114 125 1
113 123 114 123 1
113 123 114 124 2
113 120 114 120 1
113 120 114 121 2
113 118 114 119 25
113 118 113 119 11
113 122 114 122 2
113 122 113 123 2
113 115 114 116 51
113 115 113 116 45
113 121 114 121 1
113 119 114 120 115
113 112 114 113 2
113 112 113 113 1
113 116 114 117 43
113 116 113 117 5
113 117 113 118 5
113 113 114 114 3
114 123 115 123 1
114 124 115 124 3
114 120 115 121 143
114 118 114 119 3
114 122 115 122 2
114 114 115 115 5
114 121 115 121 3
114 119 114 120 27
114 119 115 120 1
114 116 114 117 48
114 116 115 117 3
114 125 115 125 1
114 117 114 118 3
114 117 115 118 88
114 113 114 114 2
115 123 116 123 1
115 124 116 124 3
115 120 116 121 1
115 120 115 121 58
115 118 116 119 33
115 118 115 119 58
115 122 116 122 2
115 115 116 116 5
115 121 116 122 204
115 119 115 120 58
115 125 116 125 1
115 117 115 118 3
116 123 117 123 1
116 124 117 124 3
116 120 116 121 4
116 122 117 123 210
116 121 116 122 4
116 121 117 122 1
116 119 116 120 4
116 119 117 120 29
116 116 117 117 5
116 125 117 125 1
117 124 118 124 3
117 123 118 124 220
117 120 118 121 21
117 120 117 121 9
117 118 117 119 1
117 122 118 123 1
117 122 117 123 9
117 121 117 122 9
117 119 117 120 1
117 125 118 125 1
117 117 118 118 4
117 117 117 118 1
118 123 118 124 20
118 124 119 125 243
118 120 118 121 1
118 118 119 119 3
118 118 118 119 1
118 122 118 123 19
118 121 119 122 3
118 121 118 122 19
118 119 118 120 1
118 125 119 125 1
119 124 119 125 6
119 123 119 124 6
119 119 119 120 3
119 120 119 121 3
119 125 120 126 250
119 122 119 123 6
119 121 119 122 3
